51
Pitheciidae       0.0000000 0.9515745 0.8710496 0.8368940 0.7740433 0.6167182 0.7742084 0.8864869 0.8571866 0.8603710 0.8539948 0.7147059 0.7400247 0.8369168 0.7649923 1.2491266 1.3018873 1.1822567 1.4725080 1.4608308 1.5013131 1.5634162 1.4873597 1.5029388 1.4673534 1.4697494 1.4801650 1.4796345 1.4635565 1.4842793 1.6225296 1.8390943 1.4609988 1.5218898 1.5596884 1.4050243 1.4620249 1.4767367 1.5504744 1.7583005 1.7669825 1.7063967 1.6810608 1.6218368 1.6415555 1.6350500 1.7493768 2.3819631 4.8397308 4.6976787 2.4137177 
Scandentia        0.9515745 0.0000000 0.7392652 0.6980662 0.6448792 0.7578672 0.7927102 0.8845341 0.7329921 0.8248222 0.8283403 0.7862917 0.7799277 0.7700119 0.8019978 1.1823623 1.2219255 1.1376574 1.4200553 1.3665867 1.4135873 1.4773272 1.4017138 1.4373539 1.4057029 1.3865453 1.3962628 1.4572423 1.3431256 1.4474646 1.6095023 1.8361007 1.3450675 1.4435032 1.4649546 1.2859214 1.3529254 1.2399487 1.4854081 1.7305542 1.6152405 1.6234151 1.5926707 1.5526809 1.5737267 1.5568195 1.5822872 2.2711336 4.4712293 4.5141391 2.4741396 
Erethizontidae    0.8710496 0.7392652 0.0000000 0.2275121 0.5216015 0.4908146 0.7508017 0.8805006 0.7655375 0.6982527 0.7580910 0.7865101 0.6891010 0.6946160 0.5727349 1.2183477 1.1075652 1.1999016 1.3205778 1.3397662 1.2888498 1.3234129 1.2636737 1.2822335 1.2593813 1.2371396 1.2345596 1.2981020 1.2951081 1.3046256 1.5823566 1.7884580 1.2779324 1.3851984 1.4181710 1.2489424 1.2358373 1.3220273 1.4275665 1.6290240 1.5193588 1.5231100 1.4719510 1.4561612 1.4784081 1.4317809 1.5920229 2.1837761 4.2557021 4.2969605 2.3276310 
Capromyidae       0.8368940 0.6980662 0.2275121 0.0000000 0.5260837 0.5085695 0.7367890 0.8035686 0.6267434 0.7012089 0.7069785 0.7662392 0.6495447 0.6855361 0.6293452 1.1017694 1.0893352 1.1300425 1.2564852 1.2554186 1.2245820 1.2351375 1.2010041 1.1921570 1.2083215 1.1856985 1.1957590 1.2321488 1.2536109 1.2770151 1.5053196 1.7291532 1.2524071 1.3289065 1.3560062 1.1763570 1.2145791 1.2834836 1.3514505 1.5524457 1.4921641 1.5056460 1.4532925 1.4308381 1.4446312 1.4012998 1.4759870 2.0993697 4.1299946 4.1703441 2.2452966 
Muridae           0.7740433 0.6448792 0.5216015 0.5260837 0.0000000 0.4985426 0.6120490 0.6553841 0.6076031 0.6253065 0.5853333 0.6417245 0.5314516 0.5709829 0.6618058 0.9703444 1.0950504 1.0652546 1.3776954 1.3672580 1.3384219 1.4234963 1.3745698 1.3840033 1.3632422 1.3562913 1.3649440 1.4005070 1.3657579 1.3063407 1.5312363 1.7464892 1.2482294 1.3202030 1.2826442 1.2106929 1.2353957 1.3054447 1.3974478 1.5903755 1.5386109 1.5345838 1.5408486 1.4696693 1.4998185 1.4830884 1.4795893 2.1835321 4.6071025 4.5603969 2.2718827 
Castoridae        0.6167182 0.7578672 0.4908146 0.5085695 0.4985426 0.0000000 0.5726630 0.7000183 0.6179070 0.5442113 0.6345861 0.5490158 0.5296839 0.5451002 0.6833696 1.0105009 1.1086525 1.0158025 1.3676830 1.3648632 1.3794155 1.3849587 1.3547958 1.3740104 1.3425435 1.3463807 1.3557178 1.4000450 1.3092360 1.3425370 1.5680342 1.7249644 1.2131977 1.3851515 1.3165768 1.2366910 1.2605518 1.3543108 1.5040441 1.6390702 1.5866307 1.5582106 1.5319836 1.5428015 1.5517649 1.5365822 1.5355043 2.1031921 4.2138470 4.1706452 2.2878466 
Suidae            0.7742084 0.7927102 0.7508017 0.7367890 0.6120490 0.5726630 0.0000000 0.3394456 0.3512526 0.5819672 0.6125562 0.4812801 0.5354175 0.5389760 0.6549754 0.8528331 0.9463238 0.8265751 1.2048184 1.2228170 1.2436111 1.3030905 1.2323938 1.2358220 1.2180965 1.1977264 1.2200160 1.2692600 1.2037048 1.2287224 1.3991175 1.5332631 1.0119086 1.0651061 1.1497165 1.0326806 1.0130701 1.1464091 1.2854727 1.4606287 1.3880340 1.3857005 1.3749244 1.3611059 1.3800263 1.3369509 1.3493603 1.9107083 4.2981530 4.3397415 2.1231455 
Hippopotamidae    0.8864869 0.8845341 0.8805006 0.8035686 0.6553841 0.7000183 0.3394456 0.0000000 0.3726236 0.7312143 0.6616617 0.5667536 0.5373758 0.5890988 0.6937321 1.1658778 1.2293033 1.0537176 1.3749901 1.3182731 1.3467322 1.4196192 1.3282935 1.3699540 1.3423324 1.3254403 1.3458444 1.3875402 1.3359264 1.4253544 1.5547892 1.6857437 1.2490185 1.3819961 1.3831961 1.3092460 1.2321074 1.3571855 1.4944247 1.7384173 1.6258101 1.5996984 1.5995218 1.5759387 1.5942150 1.5571559 1.6637499 2.1047123 4.4718799 4.4264201 2.3556828 
Hyperoodontidae   0.8571866 0.7329921 0.7655375 0.6267434 0.6076031 0.6179070 0.3512526 0.3726236 0.0000000 0.6289714 0.6160589 0.5154210 0.4909823 0.4813328 0.5844767 0.9786981 1.0805916 0.9530858 1.3047952 1.2916386 1.3395974 1.3721381 1.3166791 1.3243164 1.3065732 1.2895787 1.2895787 1.3490133 1.2718491 1.3558024 1.4705099 1.6672729 1.1475743 1.2759870 1.3078110 1.1792402 1.1353366 1.2137359 1.3690864 1.5568346 1.4567674 1.4597540 1.4536623 1.4235549 1.4470172 1.4347858 1.4501720 2.0664152 4.4288801 4.3838172 2.2107013 
Vespertilionidae  0.8603710 0.8248222 0.6982527 0.7012089 0.6253065 0.5442113 0.5819672 0.7312143 0.6289714 0.0000000 0.3698417 0.3927732 0.4784451 0.5202716 0.6122573 1.1673470 1.1423501 1.1387269 1.3318088 1.3385246 1.3722861 1.4194245 1.3565001 1.3758130 1.3519193 1.3560633 1.3337861 1.3932797 1.3066731 1.2168392 1.5352448 1.7136665 1.2052668 1.3127998 1.2686506 1.2268089 1.2071783 1.2959315 1.4345134 1.6690739 1.5309940 1.5093887 1.4864310 1.4566402 1.4726147 1.4510631 1.5380352 2.2075770 4.7452913 4.6973035 2.3631580 
Furipteridae      0.8539948 0.8283403 0.7580910 0.7069785 0.5853333 0.6345861 0.6125562 0.6616617 0.6160589 0.3698417 0.0000000 0.4596173 0.5527999 0.5219584 0.5500648 1.2191106 1.1936481 1.1226610 1.2931198 1.3115907 1.3164620 1.3845110 1.3233376 1.3299945 1.2960015 1.3007960 1.2891328 1.3387364 1.3222122 1.2966472 1.5227041 1.6907972 1.2778939 1.3440585 1.3457811 1.2572927 1.2311928 1.3483530 1.5009538 1.6606648 1.5958481 1.5958907 1.5854029 1.5074589 1.5406843 1.5026008 1.5471799 2.1268522 4.4279853 4.4705697 2.2703170 
Rhinolophidae     0.7147059 0.7862917 0.7865101 0.7662392 0.6417245 0.5490158 0.4812801 0.5667536 0.5154210 0.3927732 0.4596173 0.0000000 0.4520401 0.4565559 0.5605981 1.1471623 1.0787720 1.0254119 1.2499012 1.2435487 1.2546588 1.3204843 1.2537662 1.2480846 1.2278775 1.2326072 1.2208780 1.2864085 1.2473369 1.1663139 1.3930812 1.6226328 1.0854788 1.1831365 1.1552149 1.1501019 1.0456927 1.2051700 1.2996404 1.4861270 1.3967116 1.4147461 1.4037324 1.3476739 1.3757637 1.3377562 1.3215377 1.9890157 4.3850578 4.3403563 2.1318386 
Viverridae        0.7400247 0.7799277 0.6891010 0.6495447 0.5314516 0.5296839 0.5354175 0.5373758 0.4909823 0.4784451 0.5527999 0.4520401 0.0000000 0.2878412 0.5398624 1.0279142 0.9888218 0.9614096 1.0840735 1.0937567 1.0881546 1.1886765 1.1232377 1.0938474 1.0573510 1.0428098 1.0428098 1.1215805 1.1267811 1.1519920 1.2847656 1.5406377 1.0061908 1.0708886 1.0963020 1.0343120 1.0669114 1.1449161 1.2002567 1.4143391 1.3511219 1.3319085 1.2924769 1.2488539 1.2938781 1.2578036 1.3004795 1.9346393 4.2141574 4.3406298 2.0323625 
Procyonidae       0.8369168 0.7700119 0.6946160 0.6855361 0.5709829 0.5451002 0.5389760 0.5890988 0.4813328 0.5202716 0.5219584 0.4565559 0.2878412 0.0000000 0.5246095 1.0779305 1.0200878 1.0290933 1.2357021 1.2787696 1.2913801 1.3599414 1.2883067 1.2960860 1.2512375 1.2528644 1.2528644 1.3117462 1.2890815 1.3146380 1.4676273 1.6853138 1.1729706 1.2424914 1.2339621 1.2345581 1.1912036 1.2490599 1.3876674 1.5821561 1.4699734 1.4355451 1.4311513 1.4089312 1.4371082 1.3960440 1.4921673 2.1184857 4.4276557 4.5594313 2.2169376 
Myrmecophagidae   0.7649923 0.8019978 0.5727349 0.6293452 0.6618058 0.6833696 0.6549754 0.6937321 0.5844767 0.6122573 0.5500648 0.5605981 0.5398624 0.5246095 0.0000000 1.0061686 1.0104542 1.0166129 1.2166946 1.2418095 1.2704800 1.3067305 1.2456450 1.2619362 1.2321769 1.2444825 1.2350914 1.2911648 1.2193210 1.2661786 1.4210807 1.6500137 1.1934496 1.2830439 1.3091587 1.2173808 1.2247769 1.2638950 1.3937225 1.5590434 1.4984362 1.4543273 1.4154966 1.4134338 1.4357867 1.4240668 1.4399991 2.0369127 4.1300496 4.1703599 2.1864014 
Caluromyidae      1.2491266 1.1823623 1.2183477 1.1017694 0.9703444 1.0105009 0.8528331 1.1658778 0.9786981 1.1673470 1.2191106 1.1471623 1.0279142 1.0779305 1.0061686 0.0000000 0.4755609 0.4468787 1.3083166 1.3086234 1.3230164 1.3817162 1.3022575 1.3345444 1.3140865 1.3163931 1.2986260 1.3502648 1.2748292 1.3296786 1.4095720 1.5432997 1.2764355 1.3410251 1.2941988 1.2317469 1.2630659 1.2878657 1.3359542 1.5746334 1.4522479 1.3471930 1.3280446 1.3969697 1.4211663 1.3744604 1.5091200 2.1167869 4.4273100 4.3822830 2.1456257 
Thylacomyidae     1.3018873 1.2219255 1.1075652 1.0893352 1.0950504 1.1086525 0.9463238 1.2293033 1.0805916 1.1423501 1.1936481 1.0787720 0.9888218 1.0200878 1.0104542 0.4755609 0.0000000 0.4352828 1.2142216 1.2195093 1.1775621 1.2528208 1.1821649 1.1806763 1.1588561 1.1747454 1.1446259 1.1803374 1.2107479 1.2637923 1.3681994 1.6220570 1.1375996 1.2239508 1.2401209 1.1898992 1.1740161 1.2189567 1.3213360 1.5014526 1.3731292 1.2989958 1.2913772 1.3212808 1.3237781 1.3067577 1.4989909 2.0659818 4.3412055 4.2969748 2.2690551 
Phalangeridae     1.1822567 1.1376574 1.1999016 1.1300425 1.0652546 1.0158025 0.8265751 1.0537176 0.9530858 1.1387269 1.1226610 1.0254119 0.9614096 1.0290933 1.0166129 0.4468787 0.4352828 0.0000000 1.2030821 1.1712689 1.1840675 1.2381372 1.1881237 1.1819673 1.1667365 1.1934847 1.1811733 1.2000237 1.1886539 1.2030653 1.2521243 1.4296015 1.0905502 1.2036995 1.1465453 1.0189076 1.1309541 1.0844206 1.2543846 1.4823632 1.3144876 1.2432541 1.2138390 1.1928784 1.2220245 1.1762009 1.4231158 1.9318009 4.2977888 4.2539060 2.1274634 
Tityridae         1.4725080 1.4200553 1.3205778 1.2564852 1.3776954 1.3676830 1.2048184 1.3749901 1.3047952 1.3318088 1.2931198 1.2499012 1.0840735 1.2357021 1.2166946 1.3083166 1.2142216 1.2030821 0.0000000 0.0706323 0.0659959 0.0787890 0.0770739 0.0722604 0.0700443 0.0726370 0.0748183 0.0684766 0.0973791 0.3327059 0.4262363 0.6044550 0.4762851 0.5313919 0.5478478 0.4600215 0.4449437 0.4214098 0.6069044 0.6161734 0.7530460 0.6607435 0.6283765 0.5889915 0.6558449 0.6537219 0.8236487 1.2151843 3.5052034 3.3947706 1.5101951 
Ptilonorhynchidae 1.4608308 1.3665867 1.3397662 1.2554186 1.3672580 1.3648632 1.2228170 1.3182731 1.2916386 1.3385246 1.3115907 1.2435487 1.0937567 1.2787696 1.2418095 1.3086234 1.2195093 1.1712689 0.0706323 0.0000000 0.0650721 0.0760230 0.0743441 0.0650673 0.0628546 0.0697723 0.0719831 0.0655505 0.1092465 0.3283077 0.4241354 0.6092598 0.4792868 0.4936278 0.5063330 0.3965863 0.4324703 0.3982063 0.6113824 0.6495049 0.7109296 0.6326334 0.6151521 0.5745449 0.6269168 0.6558249 0.8015184 1.1419124 3.5050883 3.3950090 1.4894946 
Callaeatidae      1.5013131 1.4135873 1.2888498 1.2245820 1.3384219 1.3794155 1.2436111 1.3467322 1.3395974 1.3722861 1.3164620 1.2546588 1.0881546 1.2913801 1.2704800 1.3230164 1.1775621 1.1840675 0.0659959 0.0650721 0.0000000 0.0397076 0.0468017 0.0377074 0.0356938 0.0378875 0.0480120 0.0339881 0.1156704 0.3170394 0.3992521 0.6058274 0.4855091 0.5005619 0.5299590 0.4329096 0.4311793 0.4360068 0.6208610 0.6743549 0.7224438 0.6440885 0.6114233 0.5573926 0.6079262 0.6223280 0.8324002 1.2307434 3.5422354 3.4310406 1.5067891 
Monarchidae       1.5634162 1.4773272 1.3234129 1.2351375 1.4234963 1.3849587 1.3030905 1.4196192 1.3721381 1.4194245 1.3845110 1.3204843 1.1886765 1.3599414 1.3067305 1.3817162 1.2528208 1.2381372 0.0787890 0.0760230 0.0397076 0.0000000 0.0408742 0.0416263 0.0416665 0.0439310 0.0542252 0.0359783 0.1132170 0.3188004 0.4146643 0.6258870 0.5073513 0.5342122 0.5897331 0.4418912 0.4742372 0.4343567 0.6236372 0.6619449 0.7234950 0.6241769 0.5919562 0.5841700 0.6378419 0.6364070 0.8719575 1.2780172 3.4687929 3.3592262 1.5675664 
Malaconotidae     1.4873597 1.4017138 1.2636737 1.2010041 1.3745698 1.3547958 1.2323938 1.3282935 1.3166791 1.3565001 1.3233376 1.2537662 1.1232377 1.2883067 1.2456450 1.3022575 1.1821649 1.1881237 0.0770739 0.0743441 0.0468017 0.0408742 0.0000000 0.0467981 0.0447679 0.0470230 0.0571883 0.0391704 0.1131384 0.3412788 0.4288944 0.6417215 0.5008085 0.5168786 0.5719109 0.4385390 0.4549885 0.4245375 0.5815464 0.6512566 0.6874623 0.6279355 0.5972871 0.5592985 0.6078250 0.6077040 0.8107244 1.2018380 3.5053967 3.3949964 1.4790948 
Certhiidae        1.5029388 1.4373539 1.2822335 1.1921570 1.3840033 1.3740104 1.2358220 1.3699540 1.3243164 1.3758130 1.3299945 1.2480846 1.0938474 1.2960860 1.2619362 1.3345444 1.1806763 1.1819673 0.0722604 0.0650673 0.0377074 0.0416263 0.0467981 0.0000000 0.0278837 0.0299872 0.0398927 0.0241790 0.1178540 0.3365670 0.4024330 0.6607124 0.5005128 0.5133351 0.5299082 0.4575666 0.4565566 0.4393348 0.6135158 0.6205812 0.7424993 0.6633063 0.6299088 0.5750929 0.6270735 0.6409985 0.8493597 1.2331706 3.5423308 3.4313029 1.5115658 
Cinclidae         1.4673534 1.4057029 1.2593813 1.2083215 1.3632422 1.3425435 1.2180965 1.3423324 1.3065732 1.3519193 1.2960015 1.2278775 1.0573510 1.2512375 1.2321769 1.3140865 1.1588561 1.1667365 0.0700443 0.0628546 0.0356938 0.0416665 0.0447679 0.0278837 0.0000000 0.0280130 0.0378555 0.0242010 0.1082253 0.3205109 0.3933257 0.6439298 0.4670660 0.4799393 0.5214099 0.4370043 0.4246610 0.4082915 0.5994122 0.6096376 0.7105144 0.6521397 0.6195647 0.5758467 0.6275695 0.6411877 0.8172858 1.2328581 3.5054168 3.3949412 1.4768964 
Ploceidae         1.4697494 1.3865453 1.2371396 1.1856985 1.3562913 1.3463807 1.1977264 1.3254403 1.2895787 1.3560633 1.3007960 1.2326072 1.0428098 1.2528644 1.2444825 1.3163931 1.1747454 1.1934847 0.0726370 0.0697723 0.0378875 0.0439310 0.0470230 0.0299872 0.0280130 0.0000000 0.0242905 0.0262768 0.1163501 0.3199320 0.4034149 0.6475942 0.4678794 0.5066591 0.5063236 0.4409013 0.4468893 0.4297962 0.5732033 0.6449469 0.6986593 0.6363307 0.6040335 0.5780909 0.6152783 0.6294360 0.8092545 1.2404008 3.5053890 3.3950914 1.4964752 
Thraupidae        1.4801650 1.3962628 1.2345596 1.1957590 1.3649440 1.3557178 1.2200160 1.3458444 1.2895787 1.3337861 1.2891328 1.2208780 1.0428098 1.2528644 1.2350914 1.2986260 1.1446259 1.1811733 0.0748183 0.0719831 0.0480120 0.0542252 0.0571883 0.0398927 0.0378555 0.0242905 0.0000000 0.0361482 0.1188471 0.3411694 0.4406716 0.6774871 0.5181631 0.4975685 0.5403466 0.4541857 0.4760808 0.4662513 0.5631100 0.6449469 0.6873310 0.6405171 0.6082805 0.5681378 0.6044757 0.6337369 0.8136511 1.2328581 3.5054128 3.3949335 1.4894785 
Alaudidae         1.4796345 1.4572423 1.2981020 1.2321488 1.4005070 1.4000450 1.2692600 1.3875402 1.3490133 1.3932797 1.3387364 1.2864085 1.1215805 1.3117462 1.2911648 1.3502648 1.1803374 1.2000237 0.0684766 0.0655505 0.0339881 0.0359783 0.0391704 0.0241790 0.0242010 0.0262768 0.0361482 0.0000000 0.1116832 0.3158735 0.3986698 0.6734164 0.4941265 0.5142258 0.5406575 0.4400179 0.4495806 0.4322716 0.6119131 0.6694167 0.7560379 0.6744378 0.6397992 0.5980746 0.6533686 0.6550411 0.8709937 1.2613650 3.5793584 3.4675230 1.4879319 
Coraciiformes     1.4635565 1.3431256 1.2951081 1.2536109 1.3657579 1.3092360 1.2037048 1.3359264 1.2718491 1.3066731 1.3222122 1.2473369 1.1267811 1.2890815 1.2193210 1.2748292 1.2107479 1.1886539 0.0973791 0.1092465 0.1156704 0.1132170 0.1131384 0.1178540 0.1082253 0.1163501 0.1188471 0.1116832 0.0000000 0.3610392 0.4499968 0.5834970 0.4610225 0.5376666 0.5860441 0.4139119 0.4402119 0.4161863 0.6669098 0.6264087 0.6264113 0.6007844 0.5705025 0.5551902 0.6051761 0.6195329 0.7520524 1.2387781 3.4684393 3.3590307 1.5234513 
Crocodylidae      1.4842793 1.4474646 1.3046256 1.2770151 1.3063407 1.3425370 1.2287224 1.4253544 1.3558024 1.2168392 1.2966472 1.1663139 1.1519920 1.3146380 1.2661786 1.3296786 1.2637923 1.2030653 0.3327059 0.3283077 0.3170394 0.3188004 0.3412788 0.3365670 0.3205109 0.3199320 0.3411694 0.3158735 0.3610392 0.0000000 0.4605714 0.5392208 0.4363246 0.4850130 0.4721082 0.4044090 0.3791857 0.3866573 0.6266180 0.6551793 0.6489585 0.6112662 0.5704880 0.5803331 0.6022361 0.6204504 0.8302563 1.4166094 3.6542502 3.5409350 1.5281733 
Carettochelyidae  1.6225296 1.6095023 1.5823566 1.5053196 1.5312363 1.5680342 1.3991175 1.5547892 1.4705099 1.5352448 1.5227041 1.3930812 1.2847656 1.4676273 1.4210807 1.4095720 1.3681994 1.2521243 0.4262363 0.4241354 0.3992521 0.4146643 0.4288944 0.4024330 0.3933257 0.4034149 0.4406716 0.3986698 0.4499968 0.4605714 0.0000000 0.5245442 0.4763581 0.6554652 0.6604590 0.5467884 0.5643561 0.5188790 0.7208135 0.8201104 0.7705864 0.6746233 0.6302648 0.6120960 0.6295166 0.6708079 0.9377847 1.4892618 3.8079214 3.6912474 1.7115908 
Kinosternidae     1.8390943 1.8361007 1.7884580 1.7291532 1.7464892 1.7249644 1.5332631 1.6857437 1.6672729 1.7136665 1.6907972 1.6226328 1.5406377 1.6853138 1.6500137 1.5432997 1.6220570 1.4296015 0.6044550 0.6092598 0.6058274 0.6258870 0.6417215 0.6607124 0.6439298 0.6475942 0.6774871 0.6734164 0.5834970 0.5392208 0.5245442 0.0000000 0.8402574 0.8595630 0.8934247 0.7163333 0.6994640 0.6819304 0.9136353 1.0033476 0.9657583 0.9364164 0.9296293 0.9042344 0.9849302 0.9754365 1.1645129 1.6093159 3.8870069 3.7685787 1.8392591 
Anomalepididae    1.4609988 1.3450675 1.2779324 1.2524071 1.2482294 1.2131977 1.0119086 1.2490185 1.1475743 1.2052668 1.2778939 1.0854788 1.0061908 1.1729706 1.1934496 1.2764355 1.1375996 1.0905502 0.4762851 0.4792868 0.4855091 0.5073513 0.5008085 0.5005128 0.4670660 0.4678794 0.5181631 0.4941265 0.4610225 0.4363246 0.4763581 0.8402574 0.0000000 0.3094172 0.3439201 0.2565895 0.2844227 0.2790184 0.7480001 0.7810510 0.6994595 0.6444534 0.6414550 0.6529307 0.6750245 0.7055671 0.8534817 1.2812739 3.7690473 3.5780294 1.5286901 
Loxocemidae       1.5218898 1.4435032 1.3851984 1.3289065 1.3202030 1.3851515 1.0651061 1.3819961 1.2759870 1.3127998 1.3440585 1.1831365 1.0708886 1.2424914 1.2830439 1.3410251 1.2239508 1.2036995 0.5313919 0.4936278 0.5005619 0.5342122 0.5168786 0.5133351 0.4799393 0.5066591 0.4975685 0.5142258 0.5376666 0.4850130 0.6554652 0.8595630 0.3094172 0.0000000 0.2230570 0.3430112 0.3232112 0.3725342 0.6654842 0.6775314 0.6411059 0.6363711 0.6174823 0.5522811 0.6110681 0.6100658 0.8180861 1.3764264 3.5055435 3.3947871 1.5075464 
Natricidae        1.5596884 1.4649546 1.4181710 1.3560062 1.2826442 1.3165768 1.1497165 1.3831961 1.3078110 1.2686506 1.3457811 1.1552149 1.0963020 1.2339621 1.3091587 1.2941988 1.2401209 1.1465453 0.5478478 0.5063330 0.5299590 0.5897331 0.5719109 0.5299082 0.5214099 0.5063236 0.5403466 0.5406575 0.5860441 0.4721082 0.6604590 0.8934247 0.3439201 0.2230570 0.0000000 0.3303228 0.3829794 0.3806356 0.7408341 0.7327583 0.6963066 0.6743553 0.6267282 0.6182594 0.6778723 0.6904355 0.8732727 1.4452506 3.6166103 3.5042005 1.5913439 
Xenosauridae      1.4050243 1.2859214 1.2489424 1.1763570 1.2106929 1.2366910 1.0326806 1.3092460 1.1792402 1.2268089 1.2572927 1.1501019 1.0343120 1.2345581 1.2173808 1.2317469 1.1898992 1.0189076 0.4600215 0.3965863 0.4329096 0.4418912 0.4385390 0.4575666 0.4370043 0.4409013 0.4541857 0.4400179 0.4139119 0.4044090 0.5467884 0.7163333 0.2565895 0.3430112 0.3303228 0.0000000 0.2823713 0.2837541 0.7466575 0.7267272 0.6248775 0.6640185 0.6183597 0.5734855 0.5979080 0.6363093 0.7752345 1.2260818 3.6170011 3.4313994 1.4113424 
Teiidae           1.4620249 1.3529254 1.2358373 1.2145791 1.2353957 1.2605518 1.0130701 1.2321074 1.1353366 1.2071783 1.2311928 1.0456927 1.0669114 1.1912036 1.2247769 1.2630659 1.1740161 1.1309541 0.4449437 0.4324703 0.4311793 0.4742372 0.4549885 0.4565566 0.4246610 0.4468893 0.4760808 0.4495806 0.4402119 0.3791857 0.5643561 0.6994640 0.2844227 0.3232112 0.3829794 0.2823713 0.0000000 0.3018354 0.6820875 0.6993848 0.6707869 0.6899835 0.6673287 0.6299180 0.6431123 0.6372614 0.7913588 1.3091134 3.5424197 3.3593595 1.4494077 
Eublepharidae     1.4767367 1.2399487 1.3220273 1.2834836 1.3054447 1.3543108 1.1464091 1.3571855 1.2137359 1.2959315 1.3483530 1.2051700 1.1449161 1.2490599 1.2638950 1.2878657 1.2189567 1.0844206 0.4214098 0.3982063 0.4360068 0.4343567 0.4245375 0.4393348 0.4082915 0.4297962 0.4662513 0.4322716 0.4161863 0.3866573 0.5188790 0.6819304 0.2790184 0.3725342 0.3806356 0.2837541 0.3018354 0.0000000 0.6133049 0.7159154 0.6751647 0.5286073 0.5237808 0.5467054 0.5420736 0.5541795 0.7289682 1.3664511 3.5797377 3.4672571 1.4706402 
Dicamptodontidae  1.5504744 1.4854081 1.4275665 1.3514505 1.3974478 1.5040441 1.2854727 1.4944247 1.3690864 1.4345134 1.5009538 1.2996404 1.2002567 1.3876674 1.3937225 1.3359542 1.3213360 1.2543846 0.6069044 0.6113824 0.6208610 0.6236372 0.5815464 0.6135158 0.5994122 0.5732033 0.5631100 0.6119131 0.6669098 0.6266180 0.7208135 0.9136353 0.7480001 0.6654842 0.7408341 0.7466575 0.6820875 0.6133049 0.0000000 0.4696827 0.4232828 0.3891552 0.3961149 0.3373923 0.3488440 0.3490290 0.7412734 1.2813959 3.5794011 3.6155291 1.5371753 
Alytidae          1.7583005 1.7305542 1.6290240 1.5524457 1.5903755 1.6390702 1.4606287 1.7384173 1.5568346 1.6690739 1.6606648 1.4861270 1.4143391 1.5821561 1.5590434 1.5746334 1.5014526 1.4823632 0.6161734 0.6495049 0.6743549 0.6619449 0.6512566 0.6205812 0.6096376 0.6449469 0.6449469 0.6694167 0.6264087 0.6551793 0.8201104 1.0033476 0.7810510 0.6775314 0.7327583 0.7267272 0.6993848 0.7159154 0.4696827 0.0000000 0.4602316 0.4736271 0.4923345 0.3682216 0.4227875 0.4659629 0.8379469 1.5137869 3.5058087 3.5412694 1.7018628 
Heleophrynidae    1.7669825 1.6152405 1.5193588 1.4921641 1.5386109 1.5866307 1.3880340 1.6258101 1.4567674 1.5309940 1.5958481 1.3967116 1.3511219 1.4699734 1.4984362 1.4522479 1.3731292 1.3144876 0.7530460 0.7109296 0.7224438 0.7234950 0.6874623 0.7424993 0.7105144 0.6986593 0.6873310 0.7560379 0.6264113 0.6489585 0.7705864 0.9657583 0.6994595 0.6411059 0.6963066 0.6248775 0.6707869 0.6751647 0.4232828 0.4602316 0.0000000 0.2244946 0.2235372 0.1906861 0.1858359 0.2025417 0.7557512 1.3885898 3.8869817 3.9256009 1.6026228 
Leptodactylidae   1.7063967 1.6234151 1.5231100 1.5056460 1.5345838 1.5582106 1.3857005 1.5996984 1.4597540 1.5093887 1.5958907 1.4147461 1.3319085 1.4355451 1.4543273 1.3471930 1.2989958 1.2432541 0.6607435 0.6326334 0.6440885 0.6241769 0.6279355 0.6633063 0.6521397 0.6363307 0.6405171 0.6744378 0.6007844 0.6112662 0.6746233 0.9364164 0.6444534 0.6363711 0.6743553 0.6640185 0.6899835 0.5286073 0.3891552 0.4736271 0.2244946 0.0000000 0.0565497 0.1634852 0.1639256 0.1817425 0.6905311 1.3608480 3.6545639 3.6913798 1.6067477 
Strabomantidae    1.6810608 1.5926707 1.4719510 1.4532925 1.5408486 1.5319836 1.3749244 1.5995218 1.4536623 1.4864310 1.5854029 1.4037324 1.2924769 1.4311513 1.4154966 1.3280446 1.2913772 1.2138390 0.6283765 0.6151521 0.6114233 0.5919562 0.5972871 0.6299088 0.6195647 0.6040335 0.6082805 0.6397992 0.5705025 0.5704880 0.6302648 0.9296293 0.6414550 0.6174823 0.6267282 0.6183597 0.6673287 0.5237808 0.3961149 0.4923345 0.2235372 0.0565497 0.0000000 0.1605383 0.1577366 0.1643159 0.6703847 1.3203173 3.6167659 3.6533868 1.5955890 
Micrixalidae      1.6218368 1.5526809 1.4561612 1.4308381 1.4696693 1.5428015 1.3611059 1.5759387 1.4235549 1.4566402 1.5074589 1.3476739 1.2488539 1.4089312 1.4134338 1.3969697 1.3212808 1.1928784 0.5889915 0.5745449 0.5573926 0.5841700 0.5592985 0.5750929 0.5758467 0.5780909 0.5681378 0.5980746 0.5551902 0.5803331 0.6120960 0.9042344 0.6529307 0.5522811 0.6182594 0.5734855 0.6299180 0.5467054 0.3373923 0.3682216 0.1906861 0.1634852 0.1605383 0.0000000 0.0504549 0.0854564 0.6657950 1.2815698 3.6170019 3.6535573 1.5695744 
Hemisotidae       1.6415555 1.5737267 1.4784081 1.4446312 1.4998185 1.5517649 1.3800263 1.5942150 1.4470172 1.4726147 1.5406843 1.3757637 1.2938781 1.4371082 1.4357867 1.4211663 1.3237781 1.2220245 0.6558449 0.6269168 0.6079262 0.6378419 0.6078250 0.6270735 0.6275695 0.6152783 0.6044757 0.6533686 0.6051761 0.6022361 0.6295166 0.9849302 0.6750245 0.6110681 0.6778723 0.5979080 0.6431123 0.5420736 0.3488440 0.4227875 0.1858359 0.1639256 0.1577366 0.0504549 0.0000000 0.0825198 0.6438989 1.3409407 3.6547951 3.6915872 1.5387016 
Asterophryidae    1.6350500 1.5568195 1.4317809 1.4012998 1.4830884 1.5365822 1.3369509 1.5571559 1.4347858 1.4510631 1.5026008 1.3377562 1.2578036 1.3960440 1.4240668 1.3744604 1.3067577 1.1762009 0.6537219 0.6558249 0.6223280 0.6364070 0.6077040 0.6409985 0.6411877 0.6294360 0.6337369 0.6550411 0.6195329 0.6204504 0.6708079 0.9754365 0.7055671 0.6100658 0.6904355 0.6363093 0.6372614 0.5541795 0.3490290 0.4659629 0.2025417 0.1817425 0.1643159 0.0854564 0.0825198 0.0000000 0.6861573 1.3071569 3.6170660 3.6535736 1.5672662 
Caeciliidae2      1.7493768 1.5822872 1.5920229 1.4759870 1.4795893 1.5355043 1.3493603 1.6637499 1.4501720 1.5380352 1.5471799 1.3215377 1.3004795 1.4921673 1.4399991 1.5091200 1.4989909 1.4231158 0.8236487 0.8015184 0.8324002 0.8719575 0.8107244 0.8493597 0.8172858 0.8092545 0.8136511 0.8709937 0.7520524 0.8302563 0.9377847 1.1645129 0.8534817 0.8180861 0.8732727 0.7752345 0.7913588 0.7289682 0.7412734 0.8379469 0.7557512 0.6905311 0.6703847 0.6657950 0.6438989 0.6861573 0.0000000 1.5763726 3.6934478 3.6543999 1.7345169 
Polypteriformes   2.3819631 2.2711336 2.1837761 2.0993697 2.1835321 2.1031921 1.9107083 2.1047123 2.0664152 2.2075770 2.1268522 1.9890157 1.9346393 2.1184857 2.0369127 2.1167869 2.0659818 1.9318009 1.2151843 1.1419124 1.2307434 1.2780172 1.2018380 1.2331706 1.2328581 1.2404008 1.2328581 1.2613650 1.2387781 1.4166094 1.4892618 1.6093159 1.2812739 1.3764264 1.4452506 1.2260818 1.3091134 1.3664511 1.2813959 1.5137869 1.3885898 1.3608480 1.3203173 1.2815698 1.3409407 1.3071569 1.5763726 0.0000000 3.1505740 3.1842042 1.5805624 
Channichthyidae   4.8397308 4.4712293 4.2557021 4.1299946 4.6071025 4.2138470 4.2981530 4.4718799 4.4288801 4.7452913 4.4279853 4.3850578 4.2141574 4.4276557 4.1300496 4.4273100 4.3412055 4.2977888 3.5052034 3.5050883 3.5422354 3.4687929 3.5053967 3.5423308 3.5054168 3.5053890 3.5054128 3.5793584 3.4684393 3.6542502 3.8079214 3.8870069 3.7690473 3.5055435 3.6166103 3.6170011 3.5424197 3.5797377 3.5794011 3.5058087 3.8869817 3.6545639 3.6167659 3.6170019 3.6547951 3.6170660 3.6934478 3.1505740 0.0000000 0.7717341 3.4696740 
Pseudaphritidae   4.6976787 4.5141391 4.2969605 4.1703441 4.5603969 4.1706452 4.3397415 4.4264201 4.3838172 4.6973035 4.4705697 4.3403563 4.3406298 4.5594313 4.1703599 4.3822830 4.2969748 4.2539060 3.3947706 3.3950090 3.4310406 3.3592262 3.3949964 3.4313029 3.3949412 3.3950914 3.3949335 3.4675230 3.3590307 3.5409350 3.6912474 3.7685787 3.5780294 3.3947871 3.5042005 3.4313994 3.3593595 3.4672571 3.6155291 3.5412694 3.9256009 3.6913798 3.6533868 3.6535573 3.6915872 3.6535736 3.6543999 3.1842042 0.7717341 0.0000000 3.5798180 
Carcharhinidae    2.4137177 2.4741396 2.3276310 2.2452966 2.2718827 2.2878466 2.1231455 2.3556828 2.2107013 2.3631580 2.2703170 2.1318386 2.0323625 2.2169376 2.1864014 2.1456257 2.2690551 2.1274634 1.5101951 1.4894946 1.5067891 1.5675664 1.4790948 1.5115658 1.4768964 1.4964752 1.4894785 1.4879319 1.5234513 1.5281733 1.7115908 1.8392591 1.5286901 1.5075464 1.5913439 1.4113424 1.4494077 1.4706402 1.5371753 1.7018628 1.6026228 1.6067477 1.5955890 1.5695744 1.5387016 1.5672662 1.7345169 1.5805624 3.4696740 3.5798180 0.0000000 
