51
Pitheciidae       0.0000000 1.2811803 1.0856894 1.1563514 1.3016234 1.4205696 1.1402705 1.1274495 1.1904654 1.3634178 1.3178138 1.3011612 1.2443910 1.2159109 1.4219885 1.7136392 1.7732275 1.6793269 2.9004799 2.7352443 2.8292781 2.7794801 2.8014584 2.9598097 2.7435386 2.8676487 2.8246233 2.8606067 2.7999262 3.3602912 3.2499792 3.1650033 2.6688307 3.1931851 2.9884754 2.6741616 3.2680396 2.4155934 3.5762019 3.1149264 3.0321512 3.1643595 3.2294584 3.1320620 2.7343023 3.0423055 2.5094272 2.4367597 2.4976424 2.3926749 3.9144522 
Scandentia        1.2811803 0.0000000 1.2763160 1.3581832 1.5224173 1.6118050 1.1354489 1.3355625 1.2680256 1.4204794 1.4457131 1.4195358 1.4331652 1.3640870 1.6023768 1.8472274 1.8608275 1.7566847 2.8632783 2.9435709 2.7945277 2.9274551 2.9132183 2.7772118 2.7391348 2.7522369 2.7930281 2.7396253 2.9446338 3.3957989 3.1775666 3.1292224 2.8937794 3.6182175 3.1111063 3.0517464 3.3423093 2.8442412 3.3777377 2.8613388 2.8769831 2.8539533 2.9727526 3.1057559 2.8807231 2.9884776 2.4372349 2.5858420 2.6453035 2.4577401 4.1771992 
Erethizontidae    1.0856894 1.2763160 0.0000000 0.3335928 1.0425861 1.1938130 0.9869969 1.0578464 1.0636621 1.2194962 1.2170768 1.2573713 1.2146622 1.2239713 1.4231304 1.6506953 1.6626258 1.5392766 2.8161952 2.6869243 2.6328549 2.6138595 2.6253667 2.7455844 2.6113442 2.7798697 2.6817203 2.6838805 2.6792964 3.3958504 2.9303551 2.6519784 2.8974798 3.3424760 3.0504124 2.6665925 3.2299920 2.8464923 3.2997046 2.9201922 2.6054916 2.7374377 2.8511233 2.6199225 2.5258531 2.9237146 2.4740486 2.3705797 2.5140781 2.3397975 3.5978408 
Capromyidae       1.1563514 1.3581832 0.3335928 0.0000000 1.0528237 1.2537332 1.0591356 1.1728794 1.1090849 1.2581748 1.2742140 1.2500233 1.2422202 1.2966328 1.4012894 1.7072753 1.6792355 1.5973328 2.8651459 2.7638560 2.6248474 2.7200671 2.7321839 2.8305310 2.6895823 2.8086392 2.7933140 2.7966366 2.7768274 3.3430839 3.0321541 2.7827202 2.9666209 3.3975353 2.9320939 2.6799472 3.2154645 2.9157698 3.3939361 2.8476691 2.6428595 2.9220742 3.0490455 2.8344699 2.7555663 3.0278233 2.5491883 2.3482775 2.6379162 2.4459139 3.7507721 
Muridae           1.3016234 1.5224173 1.0425861 1.0528237 0.0000000 1.2245525 1.1635130 1.2463793 1.2548894 1.3632171 1.4168956 1.3887010 1.2307494 1.2597686 1.5859007 1.6799274 1.7374261 1.5997636 2.6503921 2.4811179 2.3945283 2.4878547 2.5078729 2.5872062 2.4983434 2.5346354 2.5431977 2.4756895 2.6308171 3.2129344 2.9487303 2.9080785 2.8029699 3.1345750 3.0176942 2.7206288 2.8522853 2.6373631 3.6167368 2.6254305 2.7879452 2.8783561 2.8866002 2.8790838 2.8307605 2.8622934 2.5587642 2.2750793 2.7712652 2.5201022 3.5959208 
Castoridae        1.4205696 1.6118050 1.1938130 1.2537332 1.2245525 0.0000000 1.3407270 1.5228336 1.4051566 1.5623238 1.6224734 1.6413003 1.5195674 1.5854409 1.8341498 2.0432822 2.0556701 1.8953245 2.9678921 2.7736325 2.7505020 2.8417574 2.8304993 2.8753228 2.6933006 2.8385607 2.8905716 2.8333369 2.8029543 3.4547534 3.3792391 3.1449283 2.9685140 2.8975047 2.9109016 2.7978242 2.8140114 2.9567206 3.9659324 2.9687236 2.9644421 3.2860729 3.1117219 3.0543778 2.9599389 3.3414451 2.7944740 2.5445280 2.6429125 2.5243181 3.9895861 
Suidae            1.1402705 1.1354489 0.9869969 1.0591356 1.1635130 1.3407270 0.0000000 0.5526037 0.5252722 0.9251133 1.0049787 0.9532930 0.9205576 1.0504181 1.4318619 1.5164996 1.5430252 1.3692205 2.6441298 2.6036114 2.5944699 2.5336647 2.6048533 2.6918813 2.5675729 2.5650068 2.5509547 2.5895056 2.4173799 3.1927817 3.1990093 3.0105466 2.7441291 3.1800586 2.9302780 2.6487138 2.9548681 2.5532690 3.5586580 2.9104275 2.4563493 2.8690263 2.9590457 2.7369295 2.5903936 2.8182596 2.4112874 2.2308180 2.4394509 2.3324584 3.8405511 
Hippopotamidae    1.1274495 1.3355625 1.0578464 1.1728794 1.2463793 1.5228336 0.5526037 0.0000000 0.5559662 1.0356107 1.1182387 1.0617355 1.0331329 1.1595010 1.4649427 1.6070256 1.5628330 1.4737877 2.6524787 2.5914223 2.6575961 2.5669085 2.6378537 2.7069293 2.5682472 2.6357234 2.5704063 2.5881441 2.4685884 3.1934665 3.0721500 3.0829945 2.6772664 3.0106567 2.8140903 2.5679144 3.1528569 2.5283446 3.5532864 2.8529104 2.5802990 2.7276737 2.7289287 2.7778890 2.6433881 2.8574298 2.5648319 2.2286612 2.3861822 2.3629514 3.9905764 
Hyperoodontidae   1.1904654 1.2680256 1.0636621 1.1090849 1.2548894 1.4051566 0.5252722 0.5559662 0.0000000 1.0418441 0.9664865 1.0034328 0.9920515 1.1664290 1.4758925 1.6133737 1.6200032 1.5055855 2.6460005 2.4902925 2.5516163 2.4394937 2.4995055 2.5336517 2.4391098 2.4934023 2.4616014 2.5255123 2.4917826 3.1184098 3.2543266 2.9992110 2.7498722 2.9447553 2.6447679 2.6683608 3.1301634 2.7182301 3.4966715 2.7583046 2.5105195 2.7621453 2.7896866 2.7911495 2.6679075 2.8632533 2.5196087 2.2357934 2.5397147 2.4753158 3.8193209 
Vespertilionidae  1.3634178 1.4204794 1.2194962 1.2581748 1.3632171 1.5623238 0.9251133 1.0356107 1.0418441 0.0000000 0.8163708 0.9095940 1.1619383 1.2633540 1.5431823 1.6134348 1.6489896 1.5900795 2.8982754 2.8592727 2.7458693 2.7779276 2.7984542 2.9255019 2.7408523 2.8441735 2.7722469 2.7417771 2.7442800 3.1162086 3.2185853 3.1698666 2.8402277 3.1633531 2.9234197 2.8452268 3.0586277 2.7152762 3.0672719 2.5930567 2.5078656 2.7955745 2.7318930 2.7433771 2.5590579 2.6482575 2.4255962 2.1329633 2.4093517 2.2219050 4.1229869 
Furipteridae      1.3178138 1.4457131 1.2170768 1.2742140 1.4168956 1.6224734 1.0049787 1.1182387 0.9664865 0.8163708 0.0000000 0.8983238 1.1621512 1.3000233 1.7397712 1.6950496 1.6994975 1.6583357 2.9754635 2.9576588 2.9295817 2.9966159 3.1147323 3.1308861 2.9204938 3.0657135 3.0808218 2.9532095 2.8150798 3.3407550 3.4883714 3.3959114 2.8247199 3.2859919 2.9982366 3.0376987 3.0392539 2.8701879 3.2518815 2.9404154 2.4697734 2.8426702 2.8688927 2.8954440 2.7833059 2.7897746 2.4984714 2.3803912 2.5230958 2.4649995 4.4492799 
Rhinolophidae     1.3011612 1.4195358 1.2573713 1.2500233 1.3887010 1.6413003 0.9532930 1.0617355 1.0034328 0.9095940 0.8983238 0.0000000 1.0775647 1.2100438 1.5115690 1.6975472 1.6410412 1.6401590 2.9099425 2.8329828 2.7044998 2.7708665 2.8372443 2.9951232 2.7243706 2.8784222 2.8615126 2.8055575 2.7771428 3.0982642 3.2353967 3.2505461 2.6906119 2.9784602 2.6791959 2.9121797 3.0042480 2.6705762 3.5122242 2.8473752 2.5481540 2.7113796 2.6246833 2.7662868 2.5724641 2.7391688 2.6054069 2.3839067 2.6498414 2.4758764 3.6144270 
Viverridae        1.2443910 1.4331652 1.2146622 1.2422202 1.2307494 1.5195674 0.9205576 1.0331329 0.9920515 1.1619383 1.1621512 1.0775647 0.0000000 0.7255274 1.5114469 1.7082641 1.7205390 1.5737409 3.0376894 2.8705823 2.9235509 2.8868628 2.9289796 2.8829824 2.8114269 2.8484290 2.8942202 2.8745965 2.7349147 3.6606451 3.2375911 3.2868803 2.9682048 3.0211553 2.8153368 2.9166448 3.1476302 2.8117336 3.2893401 3.1327365 2.6438638 3.0193287 2.9874623 2.6980594 2.6504167 2.8334110 2.5290871 2.4370197 2.5446248 2.4844179 3.7511603 
Procyonidae       1.2159109 1.3640870 1.2239713 1.2966328 1.2597686 1.5854409 1.0504181 1.1595010 1.1664290 1.2633540 1.3000233 1.2100438 0.7255274 0.0000000 1.4844454 1.7686185 1.8553392 1.7246618 2.5729425 2.6071448 2.5982028 2.5126002 2.5760101 2.5215509 2.4479240 2.4940399 2.4988556 2.4836375 2.4238875 3.3216754 3.0224098 3.1261456 2.8151049 3.1673912 2.8423750 2.7773741 3.0608487 2.7901524 3.4923778 2.8084707 2.7374888 2.9724899 2.9490111 2.6822103 2.6414081 2.7811280 2.4729192 2.3955510 2.3603209 2.2350141 4.0676403 
Myrmecophagidae   1.4219885 1.6023768 1.4231304 1.4012894 1.5859007 1.8341498 1.4318619 1.4649427 1.4758925 1.5431823 1.7397712 1.5115690 1.5114469 1.4844454 0.0000000 1.9125110 1.8308966 1.8462825 2.8755373 2.8698288 2.8373863 2.9766371 2.8986142 2.9779973 2.8664851 2.9470895 2.9309381 2.9218649 2.8971045 3.4548674 3.1374104 3.3987299 3.1032397 3.2193121 2.8874376 3.0320953 3.2848442 2.7772465 3.4731400 3.0988929 3.0489785 3.2537490 3.1473434 2.9521514 2.7813721 3.2360861 2.9111393 2.5789113 2.6610310 2.5644148 4.5829135 
Caluromyidae      1.7136392 1.8472274 1.6506953 1.7072753 1.6799274 2.0432822 1.5164996 1.6070256 1.6133737 1.6134348 1.6950496 1.6975472 1.7082641 1.7686185 1.9125110 0.0000000 0.4386571 0.3225517 2.3112987 2.2960704 2.2500538 2.3170640 2.2826848 2.3405637 2.2863974 2.3309023 2.3055845 2.3120700 2.1986506 2.5899737 2.5786261 2.4831538 2.2485793 2.3169253 2.1836352 2.3101000 2.4872561 2.1450973 3.1135408 2.3962596 2.3397554 2.4184052 2.4737881 2.2105015 2.1671783 2.3155342 2.2902020 1.7503417 1.8487208 1.8628118 3.2654070 
Thylacomyidae     1.7732275 1.8608275 1.6626258 1.6792355 1.7374261 2.0556701 1.5430252 1.5628330 1.6200032 1.6489896 1.6994975 1.6410412 1.7205390 1.8553392 1.8308966 0.4386571 0.0000000 0.3171752 2.3457017 2.2405203 2.3502966 2.3616838 2.3400951 2.3607648 2.3035952 2.3716292 2.3658293 2.3620671 2.1426811 2.4687882 2.5459917 2.4538204 2.2142576 2.3578805 2.3142740 2.3582578 2.3280550 2.0949832 3.2138729 2.4119620 2.3527785 2.2213022 2.2934611 2.1869039 2.0710710 2.3659811 2.2786633 1.7578616 1.9687864 1.9251586 3.5752086 
Phalangeridae     1.6793269 1.7566847 1.5392766 1.5973328 1.5997636 1.8953245 1.3692205 1.4737877 1.5055855 1.5900795 1.6583357 1.6401590 1.5737409 1.7246618 1.8462825 0.3225517 0.3171752 0.0000000 2.3093576 2.1244837 2.2399870 2.2386312 2.2126081 2.2915835 2.2370795 2.2552345 2.2667860 2.2599630 2.1272743 2.4624096 2.3424096 2.3948872 2.1199413 2.2308847 2.1904130 2.1890561 2.3561687 1.9689232 3.0994884 2.3579817 2.1820040 2.1256230 2.2471663 2.0696860 2.0119422 2.2142422 2.1693242 1.6882252 1.8889698 1.8639816 3.1715592 
Tityridae         2.9004799 2.8632783 2.8161952 2.8651459 2.6503921 2.9678921 2.6441298 2.6524787 2.6460005 2.8982754 2.9754635 2.9099425 3.0376894 2.5729425 2.8755373 2.3112987 2.3457017 2.3093576 0.0000000 0.4265218 0.4034377 0.3487900 0.3503421 0.3706708 0.3894927 0.3826546 0.3589367 0.3759029 0.6057690 1.9488414 2.0834143 2.2169198 2.1826534 2.5352828 2.1780145 2.1111567 2.4966210 2.2192465 3.0986017 2.3931258 2.5485659 2.4153809 2.4978100 2.4814859 2.3973447 2.4998384 2.6018302 2.0217920 2.4415137 2.4114804 3.6361143 
Ptilonorhynchidae 2.7352443 2.9435709 2.6869243 2.7638560 2.4811179 2.7736325 2.6036114 2.5914223 2.4902925 2.8592727 2.9576588 2.8329828 2.8705823 2.6071448 2.8698288 2.2960704 2.2405203 2.1244837 0.4265218 0.0000000 0.3224190 0.2955797 0.3287813 0.3228980 0.3255729 0.3298730 0.3051999 0.3250089 0.6696383 1.9365110 2.0253697 2.1947202 2.2905218 2.5689049 2.2732543 2.2775195 2.5848349 2.2152854 3.5969113 2.4272819 2.7230388 2.6678051 2.6937500 2.5855078 2.5587419 2.5631531 2.5183329 1.9490126 2.3692394 2.3009641 3.8417455 
Callaeatidae      2.8292781 2.7945277 2.6328549 2.6248474 2.3945283 2.7505020 2.5944699 2.6575961 2.5516163 2.7458693 2.9295817 2.7044998 2.9235509 2.5982028 2.8373863 2.2500538 2.3502966 2.2399870 0.4034377 0.3224190 0.0000000 0.2120886 0.2169669 0.2235070 0.2423436 0.2268903 0.2033680 0.2339654 0.5898322 1.8874566 2.1063145 2.2151488 2.3408480 2.6869816 2.3493311 2.4070500 2.6969283 2.3432158 3.5575623 2.5398479 2.7485361 2.6192732 2.7295097 2.6118658 2.5142268 2.6056569 2.4986694 1.9879065 2.3927037 2.2422228 3.5353365 
Monarchidae       2.7794801 2.9274551 2.6138595 2.7200671 2.4878547 2.8417574 2.5336647 2.5669085 2.4394937 2.7779276 2.9966159 2.7708665 2.8868628 2.5126002 2.9766371 2.3170640 2.3616838 2.2386312 0.3487900 0.2955797 0.2120886 0.0000000 0.1339901 0.2079620 0.2218915 0.2249397 0.1891385 0.1953607 0.6088336 1.8249176 2.0393324 2.0905145 2.2086136 2.4775230 2.2243547 2.2698111 2.5310579 2.2282592 3.2312438 2.3722701 2.5528101 2.4556363 2.5258337 2.4989924 2.3300895 2.4832044 2.3700508 1.8796481 2.3657807 2.2541562 3.4761740 
Malaconotidae     2.8014584 2.9132183 2.6253667 2.7321839 2.5078729 2.8304993 2.6048533 2.6378537 2.4995055 2.7984542 3.1147323 2.8372443 2.9289796 2.5760101 2.8986142 2.2826848 2.3400951 2.2126081 0.3503421 0.3287813 0.2169669 0.1339901 0.0000000 0.2181287 0.2305856 0.2262734 0.2002013 0.2028415 0.5676103 1.8485071 1.9884273 2.1126803 2.1639431 2.4347651 2.2647216 2.2986290 2.5758341 2.2202434 3.4373605 2.3404109 2.6919097 2.5417101 2.6150666 2.5129965 2.3917522 2.5178062 2.4190970 1.8606180 2.2927855 2.1584129 3.3388916 
Certhiidae        2.9598097 2.7772118 2.7455844 2.8305310 2.5872062 2.8753228 2.6918813 2.7069293 2.5336517 2.9255019 3.1308861 2.9951232 2.8829824 2.5215509 2.9779973 2.3405637 2.3607648 2.2915835 0.3706708 0.3228980 0.2235070 0.2079620 0.2181287 0.0000000 0.1734587 0.1796264 0.1572974 0.1726616 0.6043811 1.8648052 2.0180599 2.1413452 2.3164281 2.4485557 2.2623052 2.3413861 2.6572726 2.1550588 3.5366256 2.3554336 2.7569750 2.5776839 2.7103681 2.5583623 2.4389846 2.5470334 2.4146875 2.0199208 2.3412110 2.2740654 3.4400191 
Cinclidae         2.7435386 2.7391348 2.6113442 2.6895823 2.4983434 2.6933006 2.5675729 2.5682472 2.4391098 2.7408523 2.9204938 2.7243706 2.8114269 2.4479240 2.8664851 2.2863974 2.3035952 2.2370795 0.3894927 0.3255729 0.2423436 0.2218915 0.2305856 0.1734587 0.0000000 0.1865502 0.1702406 0.1787485 0.6165520 1.8541452 1.9254509 2.0678236 2.1769519 2.3844630 2.1602718 2.2206145 2.5160750 2.1842847 3.5149305 2.4414899 2.8020541 2.7205870 2.7187638 2.6665323 2.5800290 2.5792549 2.4471229 1.9598477 2.2694725 2.1623817 3.4909798 
Ploceidae         2.8676487 2.7522369 2.7798697 2.8086392 2.5346354 2.8385607 2.5650068 2.6357234 2.4934023 2.8441735 3.0657135 2.8784222 2.8484290 2.4940399 2.9470895 2.3309023 2.3716292 2.2552345 0.3826546 0.3298730 0.2268903 0.2249397 0.2262734 0.1796264 0.1865502 0.0000000 0.0990742 0.1798107 0.5907936 1.8415095 2.0078546 2.0955559 2.2612649 2.4506514 2.2161353 2.2429441 2.6356512 2.2690839 3.6186907 2.4638816 2.8447840 2.6801307 2.7356862 2.6759577 2.5697714 2.6387927 2.4996115 2.0057957 2.3620265 2.2891828 3.4325691 
Thraupidae        2.8246233 2.7930281 2.6817203 2.7933140 2.5431977 2.8905716 2.5509547 2.5704063 2.4616014 2.7722469 3.0808218 2.8615126 2.8942202 2.4988556 2.9309381 2.3055845 2.3658293 2.2667860 0.3589367 0.3051999 0.2033680 0.1891385 0.2002013 0.1572974 0.1702406 0.0990742 0.0000000 0.1646999 0.5789072 1.8513992 1.9958486 2.0606928 2.2355649 2.4447221 2.2155197 2.2951564 2.6197493 2.2781503 3.5978171 2.3859017 2.7421932 2.6155301 2.6976485 2.6127682 2.4624266 2.5762010 2.4672969 2.0121815 2.2950341 2.2029760 3.4143661 
Alaudidae         2.8606067 2.7396253 2.6838805 2.7966366 2.4756895 2.8333369 2.5895056 2.5881441 2.5255123 2.7417771 2.9532095 2.8055575 2.8745965 2.4836375 2.9218649 2.3120700 2.3620671 2.2599630 0.3759029 0.3250089 0.2339654 0.1953607 0.2028415 0.1726616 0.1787485 0.1798107 0.1646999 0.0000000 0.5866302 1.8146505 1.9617013 2.1057364 2.1035331 2.3844858 2.1016090 2.2250731 2.6246882 2.2377816 3.5571393 2.3764269 2.6604915 2.5321671 2.6174572 2.5700853 2.4543711 2.5074984 2.4728782 1.9751359 2.3040431 2.1961252 3.5342910 
Coraciiformes     2.7999262 2.9446338 2.6792964 2.7768274 2.6308171 2.8029543 2.4173799 2.4685884 2.4917826 2.7442800 2.8150798 2.7771428 2.7349147 2.4238875 2.8971045 2.1986506 2.1426811 2.1272743 0.6057690 0.6696383 0.5898322 0.6088336 0.5676103 0.6043811 0.6165520 0.5907936 0.5789072 0.5866302 0.0000000 2.0803773 2.2173675 2.3777374 2.2017209 2.4665645 2.1776202 2.3730025 2.5250552 2.2818632 3.4749823 2.4938018 2.5919229 2.4064741 2.6233164 2.4298756 2.4214666 2.6853717 2.4335294 1.9538292 2.2649101 2.1510085 3.4130881 
Crocodylidae      3.3602912 3.3957989 3.3958504 3.3430839 3.2129344 3.4547534 3.1927817 3.1934665 3.1184098 3.1162086 3.3407550 3.0982642 3.6606451 3.3216754 3.4548674 2.5899737 2.4687882 2.4624096 1.9488414 1.9365110 1.8874566 1.8249176 1.8485071 1.8648052 1.8541452 1.8415095 1.8513992 1.8146505 2.0803773 0.0000000 2.4171453 2.4067772 2.6666698 2.8289157 2.6557938 2.5678148 2.6091268 2.5901399 3.8414866 2.8911509 3.3115581 3.0065338 3.1368078 3.0683700 2.9781333 3.1727762 2.8908076 2.4387314 2.6729737 2.6429549 4.0688888 
Carettochelyidae  3.2499792 3.1775666 2.9303551 3.0321541 2.9487303 3.3792391 3.1990093 3.0721500 3.2543266 3.2185853 3.4883714 3.2353967 3.2375911 3.0224098 3.1374104 2.5786261 2.5459917 2.3424096 2.0834143 2.0253697 2.1063145 2.0393324 1.9884273 2.0180599 1.9254509 2.0078546 1.9958486 1.9617013 2.2173675 2.4171453 0.0000000 1.7875837 2.4557037 2.4961211 2.2516954 2.4871571 2.7671779 2.5795579 3.3413553 3.1176460 2.8042636 2.6067657 2.6355261 2.5564386 2.6081833 2.8378457 2.4871490 2.4280079 2.4460628 2.4076690 3.4704297 
Kinosternidae     3.1650033 3.1292224 2.6519784 2.7827202 2.9080785 3.1449283 3.0105466 3.0829945 2.9992110 3.1698666 3.3959114 3.2505461 3.2868803 3.1261456 3.3987299 2.4831538 2.4538204 2.3948872 2.2169198 2.1947202 2.2151488 2.0905145 2.1126803 2.1413452 2.0678236 2.0955559 2.0606928 2.1057364 2.3777374 2.4067772 1.7875837 0.0000000 2.7595374 2.7513792 2.5601340 2.4099353 2.5172921 2.6304967 3.7709808 2.9103391 2.8684651 2.6428729 2.6393293 2.4527580 2.5989225 2.7509180 2.3713623 2.1415504 2.4148574 2.4615517 3.4895713 
Anomalepididae    2.6688307 2.8937794 2.8974798 2.9666209 2.8029699 2.9685140 2.7441291 2.6772664 2.7498722 2.8402277 2.8247199 2.6906119 2.9682048 2.8151049 3.1032397 2.2485793 2.2142576 2.1199413 2.1826534 2.2905218 2.3408480 2.2086136 2.1639431 2.3164281 2.1769519 2.2612649 2.2355649 2.1035331 2.2017209 2.6666698 2.4557037 2.7595374 0.0000000 1.4552165 1.4329694 1.6049869 1.7430282 1.7227877 3.1991524 2.8327585 2.4205273 2.5302806 2.5471468 2.3706383 2.3922917 2.4872411 2.4051780 2.2412952 2.2528855 2.2579662 3.4748130 
Loxocemidae       3.1931851 3.6182175 3.3424760 3.3975353 3.1345750 2.8975047 3.1800586 3.0106567 2.9447553 3.1633531 3.2859919 2.9784602 3.0211553 3.1673912 3.2193121 2.3169253 2.3578805 2.2308847 2.5352828 2.5689049 2.6869816 2.4775230 2.4347651 2.4485557 2.3844630 2.4506514 2.4447221 2.3844858 2.4665645 2.8289157 2.4961211 2.7513792 1.4552165 0.0000000 1.0411749 1.7305968 1.7898063 1.6411991 3.6406322 2.7604557 2.7033356 2.8150857 2.5973687 2.4554323 2.6203139 2.7625881 2.7510574 2.5336445 2.1515016 2.4172068 3.4522739 
Natricidae        2.9884754 3.1111063 3.0504124 2.9320939 3.0176942 2.9109016 2.9302780 2.8140903 2.6447679 2.9234197 2.9982366 2.6791959 2.8153368 2.8423750 2.8874376 2.1836352 2.3142740 2.1904130 2.1780145 2.2732543 2.3493311 2.2243547 2.2647216 2.2623052 2.1602718 2.2161353 2.2155197 2.1016090 2.1776202 2.6557938 2.2516954 2.5601340 1.4329694 1.0411749 0.0000000 1.5442212 1.6559777 1.5700029 3.3035067 2.9820298 2.5410978 2.5154176 2.4120667 2.5140781 2.6329293 2.6376658 2.6057303 2.2370983 2.1488812 2.2601545 3.5932842 
Xenosauridae      2.6741616 3.0517464 2.6665925 2.6799472 2.7206288 2.7978242 2.6487138 2.5679144 2.6683608 2.8452268 3.0376987 2.9121797 2.9166448 2.7773741 3.0320953 2.3101000 2.3582578 2.1890561 2.1111567 2.2775195 2.4070500 2.2698111 2.2986290 2.3413861 2.2206145 2.2429441 2.2951564 2.2250731 2.3730025 2.5678148 2.4871571 2.4099353 1.6049869 1.7305968 1.5442212 0.0000000 1.6707420 1.7308823 3.0061098 2.6172625 2.7301870 2.6103059 2.5210291 2.4088107 2.3840493 2.4972794 2.5215765 2.2896085 2.1734974 2.2893795 3.7256557 
Teiidae           3.2680396 3.3423093 3.2299920 3.2154645 2.8522853 2.8140114 2.9548681 3.1528569 3.1301634 3.0586277 3.0392539 3.0042480 3.1476302 3.0608487 3.2848442 2.4872561 2.3280550 2.3561687 2.4966210 2.5848349 2.6969283 2.5310579 2.5758341 2.6572726 2.5160750 2.6356512 2.6197493 2.6246882 2.5250552 2.6091268 2.7671779 2.5172921 1.7430282 1.7898063 1.6559777 1.6707420 0.0000000 1.7568848 3.3953487 2.8217999 2.5913603 2.5539377 2.4278148 2.1990381 2.5196291 2.3710739 2.4650716 2.2599532 2.3181280 2.4530404 3.8917074 
Eublepharidae     2.4155934 2.8442412 2.8464923 2.9157698 2.6373631 2.9567206 2.5532690 2.5283446 2.7182301 2.7152762 2.8701879 2.6705762 2.8117336 2.7901524 2.7772465 2.1450973 2.0949832 1.9689232 2.2192465 2.2152854 2.3432158 2.2282592 2.2202434 2.1550588 2.1842847 2.2690839 2.2781503 2.2377816 2.2818632 2.5901399 2.5795579 2.6304967 1.7227877 1.6411991 1.5700029 1.7308823 1.7568848 0.0000000 3.5973717 2.2607753 2.4265414 2.5343726 2.4759007 2.1959043 2.4051126 2.5588339 2.5370875 1.9658713 1.8971421 2.0237502 3.4957990 
Dicamptodontidae  3.5762019 3.3777377 3.2997046 3.3939361 3.6167368 3.9659324 3.5586580 3.5532864 3.4966715 3.0672719 3.2518815 3.5122242 3.2893401 3.4923778 3.4731400 3.1135408 3.2138729 3.0994884 3.0986017 3.5969113 3.5575623 3.2312438 3.4373605 3.5366256 3.5149305 3.6186907 3.5978171 3.5571393 3.4749823 3.8414866 3.3413553 3.7709808 3.1991524 3.6406322 3.3035067 3.0061098 3.3953487 3.5973717 0.0000000 2.3318024 2.1501169 2.5178632 2.3354272 2.2144837 2.0999298 2.2489857 2.8301751 2.7346010 2.9573626 3.0038974 3.9902794 
Alytidae          3.1149264 2.8613388 2.9201922 2.8476691 2.6254305 2.9687236 2.9104275 2.8529104 2.7583046 2.5930567 2.9404154 2.8473752 3.1327365 2.8084707 3.0988929 2.3962596 2.4119620 2.3579817 2.3931258 2.4272819 2.5398479 2.3722701 2.3404109 2.3554336 2.4414899 2.4638816 2.3859017 2.3764269 2.4938018 2.8911509 3.1176460 2.9103391 2.8327585 2.7604557 2.9820298 2.6172625 2.8217999 2.2607753 2.3318024 0.0000000 1.3724333 1.5906416 1.5564316 1.3850492 1.4035355 1.4692075 1.8464590 1.8709011 1.8699383 1.8778493 3.0820195 
Heleophrynidae    3.0321512 2.8769831 2.6054916 2.6428595 2.7879452 2.9644421 2.4563493 2.5802990 2.5105195 2.5078656 2.4697734 2.5481540 2.6438638 2.7374888 3.0489785 2.3397554 2.3527785 2.1820040 2.5485659 2.7230388 2.7485361 2.5528101 2.6919097 2.7569750 2.8020541 2.8447840 2.7421932 2.6604915 2.5919229 3.3115581 2.8042636 2.8684651 2.4205273 2.7033356 2.5410978 2.7301870 2.5913603 2.4265414 2.1501169 1.3724333 0.0000000 1.0925521 1.1866202 0.9518195 0.9147114 1.0345152 1.7838696 1.7537208 1.8876079 1.9724186 2.9147247 
Leptodactylidae   3.1643595 2.8539533 2.7374377 2.9220742 2.8783561 3.2860729 2.8690263 2.7276737 2.7621453 2.7955745 2.8426702 2.7113796 3.0193287 2.9724899 3.2537490 2.4184052 2.2213022 2.1256230 2.4153809 2.6678051 2.6192732 2.4556363 2.5417101 2.5776839 2.7205870 2.6801307 2.6155301 2.5321671 2.4064741 3.0065338 2.6067657 2.6428729 2.5302806 2.8150857 2.5154176 2.6103059 2.5539377 2.5343726 2.5178632 1.5906416 1.0925521 0.0000000 0.4871587 0.8596777 0.8206606 0.8975359 1.9659751 1.8156862 1.9891540 2.0036206 2.8255129 
Strabomantidae    3.2294584 2.9727526 2.8511233 3.0490455 2.8866002 3.1117219 2.9590457 2.7289287 2.7896866 2.7318930 2.8688927 2.6246833 2.9874623 2.9490111 3.1473434 2.4737881 2.2934611 2.2471663 2.4978100 2.6937500 2.7295097 2.5258337 2.6150666 2.7103681 2.7187638 2.7356862 2.6976485 2.6174572 2.6233164 3.1368078 2.6355261 2.6393293 2.5471468 2.5973687 2.4120667 2.5210291 2.4278148 2.4759007 2.3354272 1.5564316 1.1866202 0.4871587 0.0000000 0.9321727 0.8962021 0.9597305 1.9413121 1.9166975 2.0192293 2.0704090 3.1004173 
Micrixalidae      3.1320620 3.1057559 2.6199225 2.8344699 2.8790838 3.0543778 2.7369295 2.7778890 2.7911495 2.7433771 2.8954440 2.7662868 2.6980594 2.6822103 2.9521514 2.2105015 2.1869039 2.0696860 2.4814859 2.5855078 2.6118658 2.4989924 2.5129965 2.5583623 2.6665323 2.6759577 2.6127682 2.5700853 2.4298756 3.0683700 2.5564386 2.4527580 2.3706383 2.4554323 2.5140781 2.4088107 2.1990381 2.1959043 2.2144837 1.3850492 0.9518195 0.8596777 0.9321727 0.0000000 0.5052992 0.6662169 1.8267550 1.7589218 1.7921503 1.8714934 2.7998089 
Hemisotidae       2.7343023 2.8807231 2.5258531 2.7555663 2.8307605 2.9599389 2.5903936 2.6433881 2.6679075 2.5590579 2.7833059 2.5724641 2.6504167 2.6414081 2.7813721 2.1671783 2.0710710 2.0119422 2.3973447 2.5587419 2.5142268 2.3300895 2.3917522 2.4389846 2.5800290 2.5697714 2.4624266 2.4543711 2.4214666 2.9781333 2.6081833 2.5989225 2.3922917 2.6203139 2.6329293 2.3840493 2.5196291 2.4051126 2.0999298 1.4035355 0.9147114 0.8206606 0.8962021 0.5052992 0.0000000 0.6133437 1.7580612 1.7473463 1.7597121 1.8518010 2.9094090 
Asterophryidae    3.0423055 2.9884776 2.9237146 3.0278233 2.8622934 3.3414451 2.8182596 2.8574298 2.8632533 2.6482575 2.7897746 2.7391688 2.8334110 2.7811280 3.2360861 2.3155342 2.3659811 2.2142422 2.4998384 2.5631531 2.6056569 2.4832044 2.5178062 2.5470334 2.5792549 2.6387927 2.5762010 2.5074984 2.6853717 3.1727762 2.8378457 2.7509180 2.4872411 2.7625881 2.6376658 2.4972794 2.3710739 2.5588339 2.2489857 1.4692075 1.0345152 0.8975359 0.9597305 0.6662169 0.6133437 0.0000000 1.9443918 2.0111022 2.0229452 2.1443233 3.0742934 
Caeciliidae2      2.5094272 2.4372349 2.4740486 2.5491883 2.5587642 2.7944740 2.4112874 2.5648319 2.5196087 2.4255962 2.4984714 2.6054069 2.5290871 2.4729192 2.9111393 2.2902020 2.2786633 2.1693242 2.6018302 2.5183329 2.4986694 2.3700508 2.4190970 2.4146875 2.4471229 2.4996115 2.4672969 2.4728782 2.4335294 2.8908076 2.4871490 2.3713623 2.4051780 2.7510574 2.6057303 2.5215765 2.4650716 2.5370875 2.8301751 1.8464590 1.7838696 1.9659751 1.9413121 1.8267550 1.7580612 1.9443918 0.0000000 1.8831886 2.0441617 1.9858690 2.9884765 
Polypteriformes   2.4367597 2.5858420 2.3705797 2.3482775 2.2750793 2.5445280 2.2308180 2.2286612 2.2357934 2.1329633 2.3803912 2.3839067 2.4370197 2.3955510 2.5789113 1.7503417 1.7578616 1.6882252 2.0217920 1.9490126 1.9879065 1.8796481 1.8606180 2.0199208 1.9598477 2.0057957 2.0121815 1.9751359 1.9538292 2.4387314 2.4280079 2.1415504 2.2412952 2.5336445 2.2370983 2.2896085 2.2599532 1.9658713 2.7346010 1.8709011 1.7537208 1.8156862 1.9166975 1.7589218 1.7473463 2.0111022 1.8831886 0.0000000 0.9636349 1.0082154 2.1865439 
Channichthyidae   2.4976424 2.6453035 2.5140781 2.6379162 2.7712652 2.6429125 2.4394509 2.3861822 2.5397147 2.4093517 2.5230958 2.6498414 2.5446248 2.3603209 2.6610310 1.8487208 1.9687864 1.8889698 2.4415137 2.3692394 2.3927037 2.3657807 2.2927855 2.3412110 2.2694725 2.3620265 2.2950341 2.3040431 2.2649101 2.6729737 2.4460628 2.4148574 2.2528855 2.1515016 2.1488812 2.1734974 2.3181280 1.8971421 2.9573626 1.8699383 1.8876079 1.9891540 2.0192293 1.7921503 1.7597121 2.0229452 2.0441617 0.9636349 0.0000000 0.1448174 2.1889983 
Pseudaphritidae   2.3926749 2.4577401 2.3397975 2.4459139 2.5201022 2.5243181 2.3324584 2.3629514 2.4753158 2.2219050 2.4649995 2.4758764 2.4844179 2.2350141 2.5644148 1.8628118 1.9251586 1.8639816 2.4114804 2.3009641 2.2422228 2.2541562 2.1584129 2.2740654 2.1623817 2.2891828 2.2029760 2.1961252 2.1510085 2.6429549 2.4076690 2.4615517 2.2579662 2.4172068 2.2601545 2.2893795 2.4530404 2.0237502 3.0038974 1.8778493 1.9724186 2.0036206 2.0704090 1.8714934 1.8518010 2.1443233 1.9858690 1.0082154 0.1448174 0.0000000 2.1811666 
Carcharhinidae    3.9144522 4.1771992 3.5978408 3.7507721 3.5959208 3.9895861 3.8405511 3.9905764 3.8193209 4.1229869 4.4492799 3.6144270 3.7511603 4.0676403 4.5829135 3.2654070 3.5752086 3.1715592 3.6361143 3.8417455 3.5353365 3.4761740 3.3388916 3.4400191 3.4909798 3.4325691 3.4143661 3.5342910 3.4130881 4.0688888 3.4704297 3.4895713 3.4748130 3.4522739 3.5932842 3.7256557 3.8917074 3.4957990 3.9902794 3.0820195 2.9147247 2.8255129 3.1004173 2.7998089 2.9094090 3.0742934 2.9884765 2.1865439 2.1889983 2.1811666 0.0000000 
