51
Pitheciidae       0.0000000 0.2284287 0.2230111 0.2114749 0.2329521 0.1940111 0.2109844 0.2083085 0.2220989 0.2473075 0.2396282 0.2305796 0.1913839 0.1879993 0.2535265 0.5494018 0.4871289 0.4850498 1.0253165 1.0266538 1.0655620 1.0666134 1.0665599 1.0576295 1.0609148 1.0628778 1.0668287 1.0839501 1.0225306 0.9356983 1.3002843 1.2165220 1.0528360 1.0632932 1.0433125 1.2191697 1.1061673 1.1257955 0.9293252 1.2000707 0.8474235 0.8506972 0.8296652 0.8926832 0.8661960 0.8561304 0.8708439 1.1544661 1.1704594 1.1431592 1.7876574 
Scandentia        0.2284287 0.0000000 0.1834777 0.1729265 0.2064911 0.1629359 0.1811528 0.1890040 0.1966191 0.2175733 0.2052162 0.2048853 0.1627372 0.1590873 0.2052505 0.5273895 0.4645186 0.4782867 1.0390743 1.0243283 1.0577616 1.0657112 1.0624639 1.0516860 1.0375042 1.0597097 1.0694103 1.0754609 1.0274179 0.9017031 1.2981606 1.1888208 1.0731690 1.0694652 1.0646245 1.1956875 1.1073773 1.1054705 0.8936966 1.1922974 0.8496469 0.8229348 0.8257479 0.8541199 0.8508764 0.8394493 0.8528755 1.1296468 1.1455391 1.1137026 1.7729550 
Erethizontidae    0.2230111 0.1834777 0.0000000 0.0405963 0.1697860 0.1342138 0.1763339 0.1834616 0.1926752 0.2121809 0.1963702 0.2046089 0.1638940 0.1644192 0.2073473 0.5239398 0.4410065 0.4562216 1.0001422 1.0004450 1.0320692 1.0394820 1.0305300 1.0188652 1.0132093 1.0391010 1.0348732 1.0359795 0.9942328 0.8668658 1.2625920 1.1583895 1.0340890 1.0736708 1.0431287 1.1898362 1.0742735 1.1212979 0.8989843 1.1598635 0.8518715 0.7989286 0.8178286 0.8481051 0.8377016 0.8245621 0.8690800 1.1335974 1.1769608 1.1323879 1.7587350 
Capromyidae       0.2114749 0.1729265 0.0405963 0.0000000 0.1628233 0.1206002 0.1663755 0.1727920 0.1801646 0.2013676 0.1885352 0.1926956 0.1543339 0.1526303 0.1976908 0.5130068 0.4335063 0.4555271 1.0276536 1.0130671 1.0578579 1.0591943 1.0539496 1.0384576 1.0299375 1.0494177 1.0427720 1.0623579 0.9976708 0.8735695 1.2610421 1.1601213 1.0228155 1.0612194 1.0342266 1.1715624 1.0670153 1.1068431 0.8873395 1.1274378 0.8331742 0.7968752 0.8070410 0.8343273 0.8362216 0.8070550 0.8563659 1.1075630 1.1703161 1.1236881 1.7539444 
Muridae           0.2329521 0.2064911 0.1697860 0.1628233 0.0000000 0.1382544 0.1976259 0.1971139 0.2013441 0.2350791 0.2337609 0.2204774 0.1810196 0.1803066 0.2282350 0.5220699 0.4583601 0.4755581 1.0318616 1.0249255 1.0697252 1.0694564 1.0606569 1.0440248 1.0437732 1.0743132 1.0796472 1.0930484 1.0001317 0.8919270 1.2800916 1.1870031 1.0681037 1.1056534 1.0713645 1.1958043 1.0711126 1.1252977 0.9210101 1.1869523 0.8407116 0.8265255 0.8386665 0.8795264 0.8637765 0.8587520 0.8605212 1.1129313 1.1558628 1.1283044 1.7844494 
Castoridae        0.1940111 0.1629359 0.1342138 0.1206002 0.1382544 0.0000000 0.1567161 0.1600078 0.1685327 0.1864140 0.1837879 0.1717335 0.1379643 0.1363820 0.1808829 0.4994323 0.4175356 0.4428917 0.9927948 0.9844917 1.0165301 1.0184632 1.0110817 0.9826444 0.9939578 1.0275257 1.0318426 1.0320030 0.9521213 0.8383053 1.2050785 1.1584445 1.0035076 1.0307437 1.0175862 1.1688173 1.0623407 1.0784715 0.8645372 1.1115845 0.8061284 0.7580581 0.7684738 0.8201861 0.8093374 0.7766996 0.8273188 1.0636746 1.1206571 1.0925822 1.7366801 
Suidae            0.2109844 0.1811528 0.1763339 0.1663755 0.1976259 0.1567161 0.0000000 0.0869800 0.1048365 0.1634160 0.1527709 0.1539017 0.1090447 0.1102358 0.1884823 0.5010235 0.4331491 0.4606183 0.9824051 1.0083270 1.0292589 1.0439146 1.0292612 1.0195158 1.0011232 1.0342952 1.0462751 1.0460220 0.9648329 0.8517528 1.2360818 1.1637937 1.0031217 1.0339694 1.0163156 1.1754477 1.0497885 1.0769748 0.8648944 1.1557199 0.8032727 0.7857240 0.7883587 0.8099209 0.8064514 0.7828383 0.8025618 1.0482753 1.1212059 1.0865121 1.7357968 
Hippopotamidae    0.2083085 0.1890040 0.1834616 0.1727920 0.1971139 0.1600078 0.0869800 0.0000000 0.0808398 0.1578047 0.1498866 0.1436953 0.1058325 0.1160661 0.1910828 0.4878534 0.4232347 0.4356207 1.0059472 1.0013644 1.0297308 1.0319408 1.0214569 1.0235933 0.9963355 1.0368997 1.0566969 1.0408587 0.9757304 0.8543755 1.2329056 1.1509313 0.9991961 1.0333353 1.0310674 1.1754904 1.0492896 1.0784304 0.8599350 1.1471306 0.7688449 0.7696315 0.7654960 0.7984028 0.7831196 0.7617607 0.8220019 1.0643139 1.1139734 1.0802969 1.7087010 
Hyperoodontidae   0.2220989 0.1966191 0.1926752 0.1801646 0.2013441 0.1685327 0.1048365 0.0808398 0.0000000 0.1721283 0.1662509 0.1606545 0.1191075 0.1286471 0.2076206 0.5104571 0.4430332 0.4614647 0.9856652 0.9805320 1.0303349 1.0151161 1.0170947 1.0102945 0.9943373 1.0136518 1.0301382 1.0187255 0.9687463 0.8650873 1.2345179 1.1353776 0.9928142 1.0434092 1.0293052 1.1785516 1.0510694 1.0982638 0.8516365 1.1407576 0.7864018 0.7739465 0.7732264 0.8059175 0.7854176 0.7620476 0.8264075 1.0652205 1.1136567 1.0848686 1.6980358 
Vespertilionidae  0.2473075 0.2175733 0.2121809 0.2013676 0.2350791 0.1864140 0.1634160 0.1578047 0.1721283 0.0000000 0.1062395 0.1221121 0.1386628 0.1456673 0.2217118 0.5335971 0.4497809 0.4679149 1.0367735 1.0278573 1.0740796 1.0720355 1.0597408 1.0468530 1.0397912 1.0924507 1.0949340 1.0933495 0.9788604 0.8795725 1.3135902 1.1621353 1.0509921 1.0500485 1.0391478 1.2125533 1.0786601 1.1111071 0.9019245 1.1762658 0.8441840 0.8167042 0.8162588 0.8479208 0.8410776 0.8212525 0.8409089 1.0634906 1.1474697 1.1182729 1.7666199 
Furipteridae      0.2396282 0.2052162 0.1963702 0.1885352 0.2337609 0.1837879 0.1527709 0.1498866 0.1662509 0.1062395 0.0000000 0.1171052 0.1322001 0.1355512 0.2072894 0.5344364 0.4589238 0.4917664 1.0186586 0.9912855 1.0601515 1.0638343 1.0381990 1.0376017 1.0329609 1.0630223 1.0716888 1.0732093 0.9742081 0.8963811 1.3147379 1.1562990 1.0457698 1.0468150 1.0500670 1.1951639 1.0837407 1.1257084 0.8836143 1.1741227 0.7947279 0.7786126 0.7981763 0.8320534 0.8189969 0.8073237 0.8403280 1.0840419 1.1409769 1.1031688 1.7492569 
Rhinolophidae     0.2305796 0.2048853 0.2046089 0.1926956 0.2204774 0.1717335 0.1539017 0.1436953 0.1606545 0.1221121 0.1171052 0.0000000 0.1149787 0.1278553 0.2076393 0.5114708 0.4499274 0.4604727 1.0072428 1.0084508 1.0508642 1.0642970 1.0352455 1.0432836 1.0190907 1.0613273 1.0652501 1.0585359 0.9765370 0.8881692 1.2833886 1.1823977 1.0430266 1.0909829 1.0804714 1.2017132 1.0923982 1.1391966 0.9150511 1.1901186 0.8517673 0.8193562 0.8359154 0.8600655 0.8327001 0.8231321 0.8357957 1.0693220 1.1409655 1.1058224 1.7716297 
Viverridae        0.1913839 0.1627372 0.1638940 0.1543339 0.1810196 0.1379643 0.1090447 0.1058325 0.1191075 0.1386628 0.1322001 0.1149787 0.0000000 0.0608253 0.1748649 0.4695881 0.4067249 0.4266565 0.9720442 0.9705284 1.0004741 1.0044005 1.0003437 0.9892323 0.9949488 1.0209011 1.0184112 1.0194422 0.9515801 0.8383047 1.2155526 1.1403089 0.9950522 1.0228789 0.9997227 1.1593953 1.0270618 1.0706606 0.8315057 1.1131660 0.7801441 0.7513352 0.7569985 0.8067091 0.7887295 0.7696486 0.8030340 1.0396304 1.0971735 1.0697012 1.7024507 
Procyonidae       0.1879993 0.1590873 0.1644192 0.1526303 0.1803066 0.1363820 0.1102358 0.1160661 0.1286471 0.1456673 0.1355512 0.1278553 0.0608253 0.0000000 0.1748230 0.4854698 0.4259950 0.4408387 0.9757853 0.9801597 1.0200156 1.0113956 1.0003282 1.0012828 0.9951024 1.0168042 1.0250865 1.0278938 0.9591434 0.8614306 1.2365213 1.1481248 0.9932250 1.0195562 0.9814962 1.1613899 1.0260202 1.0648712 0.8523577 1.1177665 0.7673531 0.7549882 0.7646806 0.7885601 0.7831454 0.7682061 0.8105770 1.0785895 1.0855420 1.0587628 1.7014766 
Myrmecophagidae   0.2535265 0.2052505 0.2073473 0.1976908 0.2282350 0.1808829 0.1884823 0.1910828 0.2076206 0.2217118 0.2072894 0.2076393 0.1748649 0.1748230 0.0000000 0.5011397 0.4194038 0.4471713 1.0335348 1.0201521 1.0468566 1.0485671 1.0418769 1.0503728 1.0467001 1.0638957 1.0604530 1.0690836 0.9954973 0.8666502 1.2760702 1.1926572 1.0518173 1.0446652 1.0398353 1.1630979 1.0651775 1.1383140 0.8642015 1.1707809 0.8181082 0.8053158 0.8053120 0.8339035 0.8497497 0.8182700 0.8621594 1.1090761 1.1416553 1.1070659 1.7307421 
Caluromyidae      0.5494018 0.5273895 0.5239398 0.5130068 0.5220699 0.4994323 0.5010235 0.4878534 0.5104571 0.5335971 0.5344364 0.5114708 0.4695881 0.4854698 0.5011397 0.0000000 0.2231519 0.2157776 1.1137659 1.1210994 1.1452269 1.1049037 1.1106583 1.1348163 1.1174549 1.1260213 1.1416912 1.1800917 1.0793896 0.9771950 1.3452610 1.2510819 1.1764575 1.1629040 1.1808243 1.2840800 1.1654124 1.2083500 0.9814486 1.2396709 0.8913683 0.8701044 0.8894700 0.9179923 0.9056857 0.8673575 0.9626167 1.2239408 1.2360025 1.2168848 1.7799423 
Thylacomyidae     0.4871289 0.4645186 0.4410065 0.4335063 0.4583601 0.4175356 0.4331491 0.4232347 0.4430332 0.4497809 0.4589238 0.4499274 0.4067249 0.4259950 0.4194038 0.2231519 0.0000000 0.1401443 1.0526455 1.0441763 1.0785305 1.0469975 1.0661978 1.0562606 1.0576582 1.0698298 1.0933199 1.0939211 0.9906289 0.9068193 1.2877888 1.2108599 1.1254188 1.1048298 1.1055526 1.1952551 1.0871848 1.1504573 0.8939144 1.1992071 0.8540317 0.8129797 0.8256817 0.8860359 0.8891090 0.8303438 0.8800248 1.1335668 1.2132366 1.1768763 1.7393524 
Phalangeridae     0.4850498 0.4782867 0.4562216 0.4555271 0.4755581 0.4428917 0.4606183 0.4356207 0.4614647 0.4679149 0.4917664 0.4604727 0.4266565 0.4408387 0.4471713 0.2157776 0.1401443 0.0000000 1.0345910 1.0216905 1.0667803 1.0191093 1.0204616 1.0369776 1.0286861 1.0600074 1.0779323 1.0805021 0.9665828 0.9105471 1.2520288 1.1669178 1.0810037 1.0753454 1.0919351 1.1762464 1.0448402 1.1123715 0.8576626 1.1626011 0.8172777 0.7937520 0.7942089 0.8472138 0.8232420 0.7880426 0.8431100 1.1255753 1.2000496 1.1610623 1.7285241 
Tityridae         1.0253165 1.0390743 1.0001422 1.0276536 1.0318616 0.9927948 0.9824051 1.0059472 0.9856652 1.0367735 1.0186586 1.0072428 0.9720442 0.9757853 1.0335348 1.1137659 1.0526455 1.0345910 0.0000000 0.1471893 0.1665578 0.1621240 0.1643433 0.1667368 0.1718548 0.1877524 0.1718784 0.1723660 0.1751833 0.4278503 0.8464205 0.8133793 0.8454948 0.8378795 0.8959767 0.9761486 0.9444872 0.9252803 0.8918737 1.1985346 0.8190835 0.8052049 0.8086009 0.8648852 0.8479055 0.7864126 0.8607588 1.0616844 1.1297935 1.0917435 1.7513301 
Ptilonorhynchidae 1.0266538 1.0243283 1.0004450 1.0130671 1.0249255 0.9844917 1.0083270 1.0013644 0.9805320 1.0278573 0.9912855 1.0084508 0.9705284 0.9801597 1.0201521 1.1210994 1.0441763 1.0216905 0.1471893 0.0000000 0.1292426 0.1223019 0.1248376 0.1345413 0.1396724 0.1604142 0.1425987 0.1400107 0.1760220 0.4512689 0.8770828 0.8179207 0.8376277 0.8429893 0.8824894 0.9797189 0.9155832 0.8958463 0.8665864 1.1299595 0.7902975 0.7945591 0.7963274 0.8500648 0.8205353 0.7666520 0.8431074 1.0795804 1.1615658 1.1194366 1.7647260 
Callaeatidae      1.0655620 1.0577616 1.0320692 1.0578579 1.0697252 1.0165301 1.0292589 1.0297308 1.0303349 1.0740796 1.0601515 1.0508642 1.0004741 1.0200156 1.0468566 1.1452269 1.0785305 1.0667803 0.1665578 0.1292426 0.0000000 0.1171539 0.1181166 0.1311853 0.1337223 0.1457727 0.1328450 0.1299310 0.2056787 0.4628859 0.8820412 0.8360859 0.8919079 0.8834765 0.9218290 1.0246013 0.9785155 0.9363349 0.9123805 1.1974920 0.8915513 0.8603924 0.8642119 0.9086367 0.8930112 0.8415365 0.8879430 1.1069558 1.1643616 1.1248276 1.7966809 
Monarchidae       1.0666134 1.0657112 1.0394820 1.0591943 1.0694564 1.0184632 1.0439146 1.0319408 1.0151161 1.0720355 1.0638343 1.0642970 1.0044005 1.0113956 1.0485671 1.1049037 1.0469975 1.0191093 0.1621240 0.1223019 0.1171539 0.0000000 0.0643315 0.1187375 0.1242757 0.1481884 0.1290059 0.1218611 0.1938915 0.4834890 0.8948985 0.8402561 0.8939550 0.8617850 0.9122206 1.0031712 0.9720427 0.9365159 0.9052337 1.2057895 0.8550270 0.8506098 0.8492886 0.8879221 0.8698781 0.8250577 0.9154718 1.1036152 1.2001717 1.1711852 1.8206998 
Malaconotidae     1.0665599 1.0624639 1.0305300 1.0539496 1.0606569 1.0110817 1.0292612 1.0214569 1.0170947 1.0597408 1.0381990 1.0352455 1.0003437 1.0003282 1.0418769 1.1106583 1.0661978 1.0204616 0.1643433 0.1248376 0.1181166 0.0643315 0.0000000 0.1219268 0.1291949 0.1469920 0.1351394 0.1257437 0.1922696 0.4644777 0.9011617 0.8476891 0.8838585 0.8654426 0.9072854 1.0158644 0.9734042 0.9580468 0.9124072 1.1746565 0.8486349 0.8351496 0.8300043 0.8915125 0.8764935 0.8096882 0.9091619 1.1087530 1.2053757 1.1696080 1.7957181 
Certhiidae        1.0576295 1.0516860 1.0188652 1.0384576 1.0440248 0.9826444 1.0195158 1.0235933 1.0102945 1.0468530 1.0376017 1.0432836 0.9892323 1.0012828 1.0503728 1.1348163 1.0562606 1.0369776 0.1667368 0.1345413 0.1311853 0.1187375 0.1219268 0.0000000 0.1157438 0.1365464 0.1176850 0.1203256 0.1947089 0.4590029 0.9044792 0.8276986 0.8952880 0.8956950 0.9100670 1.0087610 0.9573254 0.9173233 0.9133465 1.1976772 0.8505943 0.8375052 0.8455935 0.8827340 0.8705023 0.8122818 0.9022544 1.0692941 1.1697906 1.1273690 1.8045284 
Cinclidae         1.0609148 1.0375042 1.0132093 1.0299375 1.0437732 0.9939578 1.0011232 0.9963355 0.9943373 1.0397912 1.0329609 1.0190907 0.9949488 0.9951024 1.0467001 1.1174549 1.0576582 1.0286861 0.1718548 0.1396724 0.1337223 0.1242757 0.1291949 0.1157438 0.0000000 0.1428399 0.1241180 0.1264112 0.2018130 0.4652282 0.8748576 0.8579820 0.8841300 0.8888561 0.9216151 1.0241287 0.9556711 0.9275078 0.9151159 1.2138793 0.8767863 0.8753249 0.8763590 0.8877072 0.8836585 0.8185890 0.9181335 1.0832166 1.2026702 1.1596904 1.8129079 
Ploceidae         1.0628778 1.0597097 1.0391010 1.0494177 1.0743132 1.0275257 1.0342952 1.0368997 1.0136518 1.0924507 1.0630223 1.0613273 1.0209011 1.0168042 1.0638957 1.1260213 1.0698298 1.0600074 0.1877524 0.1604142 0.1457727 0.1481884 0.1469920 0.1365464 0.1428399 0.0000000 0.0792286 0.1423588 0.2292570 0.4775228 0.9041157 0.8454777 0.8909625 0.8784528 0.9315564 1.0195856 0.9620887 0.9445700 0.9152657 1.2108770 0.8570430 0.8651579 0.8725876 0.9006300 0.8944418 0.8245522 0.9145192 1.0624111 1.1510759 1.1212181 1.7955153 
Thraupidae        1.0668287 1.0694103 1.0348732 1.0427720 1.0796472 1.0318426 1.0462751 1.0566969 1.0301382 1.0949340 1.0716888 1.0652501 1.0184112 1.0250865 1.0604530 1.1416912 1.0933199 1.0779323 0.1718784 0.1425987 0.1328450 0.1290059 0.1351394 0.1176850 0.1241180 0.0792286 0.0000000 0.1259229 0.2170935 0.4633423 0.8955901 0.8559548 0.8845473 0.8813410 0.9137173 1.0064658 0.9587757 0.9466043 0.9243247 1.2032588 0.8703856 0.8682169 0.8765731 0.9060734 0.8966809 0.8292409 0.9266032 1.1121367 1.1910385 1.1486318 1.8274186 
Alaudidae         1.0839501 1.0754609 1.0359795 1.0623579 1.0930484 1.0320030 1.0460220 1.0408587 1.0187255 1.0933495 1.0732093 1.0585359 1.0194422 1.0278938 1.0690836 1.1800917 1.0939211 1.0805021 0.1723660 0.1400107 0.1299310 0.1218611 0.1257437 0.1203256 0.1264112 0.1423588 0.1259229 0.0000000 0.2011905 0.4679969 0.9044547 0.8738002 0.8900087 0.9043451 0.9314817 1.0157750 0.9741193 0.9528470 0.9276759 1.2287068 0.8721056 0.8676158 0.8694112 0.8847021 0.8950225 0.8233186 0.9445603 1.1243077 1.2071805 1.1593521 1.8190340 
Coraciiformes     1.0225306 1.0274179 0.9942328 0.9976708 1.0001317 0.9521213 0.9648329 0.9757304 0.9687463 0.9788604 0.9742081 0.9765370 0.9515801 0.9591434 0.9954973 1.0793896 0.9906289 0.9665828 0.1751833 0.1760220 0.2056787 0.1938915 0.1922696 0.1947089 0.2018130 0.2292570 0.2170935 0.2011905 0.0000000 0.4204207 0.8522537 0.7904137 0.8254325 0.8355180 0.8573846 1.0226985 0.9259509 0.9012841 0.8679014 1.1418674 0.7938580 0.7660110 0.7753824 0.8223983 0.7905038 0.7366616 0.8780454 1.0521254 1.1618001 1.1272974 1.7725244 
Crocodylidae      0.9356983 0.9017031 0.8668658 0.8735695 0.8919270 0.8383053 0.8517528 0.8543755 0.8650873 0.8795725 0.8963811 0.8881692 0.8383047 0.8614306 0.8666502 0.9771950 0.9068193 0.9105471 0.4278503 0.4512689 0.4628859 0.4834890 0.4644777 0.4590029 0.4652282 0.4775228 0.4633423 0.4679969 0.4204207 0.0000000 0.7673789 0.6906637 0.7175097 0.7163688 0.7056490 0.8532818 0.7644512 0.7899673 0.7996609 1.0322536 0.7168056 0.6770385 0.6910060 0.7219171 0.7081566 0.6897383 0.7803380 0.9515821 1.0326003 1.0053462 1.6139649 
Carettochelyidae  1.3002843 1.2981606 1.2625920 1.2610421 1.2800916 1.2050785 1.2360818 1.2329056 1.2345179 1.3135902 1.3147379 1.2833886 1.2155526 1.2365213 1.2760702 1.3452610 1.2877888 1.2520288 0.8464205 0.8770828 0.8820412 0.8948985 0.9011617 0.9044792 0.8748576 0.9041157 0.8955901 0.9044547 0.8522537 0.7673789 0.0000000 0.8558165 1.1136489 1.1241734 1.1202252 1.2512174 1.1936687 1.2616618 1.1053680 1.4071736 1.0606703 1.0445218 1.0595992 1.0876739 1.0668878 1.0418787 1.1176784 1.3087516 1.3746301 1.3565326 1.9704518 
Kinosternidae     1.2165220 1.1888208 1.1583895 1.1601213 1.1870031 1.1584445 1.1637937 1.1509313 1.1353776 1.1621353 1.1562990 1.1823977 1.1403089 1.1481248 1.1926572 1.2510819 1.2108599 1.1669178 0.8133793 0.8179207 0.8360859 0.8402561 0.8476891 0.8276986 0.8579820 0.8454777 0.8559548 0.8738002 0.7904137 0.6906637 0.8558165 0.0000000 1.0192641 1.0038765 1.0656730 1.2391726 1.0640396 1.1579907 1.0768902 1.3533416 1.0625421 1.0337901 1.0388893 1.0508258 1.0351032 1.0058011 1.0210766 1.2164612 1.2847348 1.2545352 1.8421402 
Anomalepididae    1.0528360 1.0731690 1.0340890 1.0228155 1.0681037 1.0035076 1.0031217 0.9991961 0.9928142 1.0509921 1.0457698 1.0430266 0.9950522 0.9932250 1.0518173 1.1764575 1.1254188 1.0810037 0.8454948 0.8376277 0.8919079 0.8939550 0.8838585 0.8952880 0.8841300 0.8909625 0.8845473 0.8900087 0.8254325 0.7175097 1.1136489 1.0192641 0.0000000 0.3611525 0.3829891 0.5089462 0.5383456 0.5918102 0.9179703 1.2565145 0.8841965 0.8706684 0.8982737 0.9071221 0.8666775 0.8591799 0.9533613 1.1100906 1.1615009 1.1246782 1.8264788 
Loxocemidae       1.0632932 1.0694652 1.0736708 1.0612194 1.1056534 1.0307437 1.0339694 1.0333353 1.0434092 1.0500485 1.0468150 1.0909829 1.0228789 1.0195562 1.0446652 1.1629040 1.1048298 1.0753454 0.8378795 0.8429893 0.8834765 0.8617850 0.8654426 0.8956950 0.8888561 0.8784528 0.8813410 0.9043451 0.8355180 0.7163688 1.1241734 1.0038765 0.3611525 0.0000000 0.2121929 0.4679150 0.4857693 0.6155107 0.9253999 1.2725074 0.9189816 0.8682600 0.8954369 0.9235516 0.8899668 0.8742351 0.9175315 1.1244256 1.1388464 1.1106812 1.7896123 
Natricidae        1.0433125 1.0646245 1.0431287 1.0342266 1.0713645 1.0175862 1.0163156 1.0310674 1.0293052 1.0391478 1.0500670 1.0804714 0.9997227 0.9814962 1.0398353 1.1808243 1.1055526 1.0919351 0.8959767 0.8824894 0.9218290 0.9122206 0.9072854 0.9100670 0.9216151 0.9315564 0.9137173 0.9314817 0.8573846 0.7056490 1.1202252 1.0656730 0.3829891 0.2121929 0.0000000 0.5156233 0.5326839 0.5942123 0.9305769 1.2802849 0.9326197 0.8814779 0.9029978 0.9404866 0.9228966 0.8961863 0.9372761 1.1445461 1.1481140 1.1190600 1.7991575 
Xenosauridae      1.2191697 1.1956875 1.1898362 1.1715624 1.1958043 1.1688173 1.1754477 1.1754904 1.1785516 1.2125533 1.1951639 1.2017132 1.1593953 1.1613899 1.1630979 1.2840800 1.1952551 1.1762464 0.9761486 0.9797189 1.0246013 1.0031712 1.0158644 1.0087610 1.0241287 1.0195856 1.0064658 1.0157750 1.0226985 0.8532818 1.2512174 1.2391726 0.5089462 0.4679150 0.5156233 0.0000000 0.5843496 0.7053754 1.0331955 1.4388630 0.9755682 0.9598276 1.0008335 1.0216642 0.9960652 0.9855884 1.0559519 1.2066808 1.3126001 1.2896296 1.9130906 
Teiidae           1.1061673 1.1073773 1.0742735 1.0670153 1.0711126 1.0623407 1.0497885 1.0492896 1.0510694 1.0786601 1.0837407 1.0923982 1.0270618 1.0260202 1.0651775 1.1654124 1.0871848 1.0448402 0.9444872 0.9155832 0.9785155 0.9720427 0.9734042 0.9573254 0.9556711 0.9620887 0.9587757 0.9741193 0.9259509 0.7644512 1.1936687 1.0640396 0.5383456 0.4857693 0.5326839 0.5843496 0.0000000 0.6444933 0.9557879 1.3441405 0.9697520 0.9265443 0.9444488 0.9652024 0.9405597 0.9400559 0.9508015 1.1905533 1.2106759 1.1756214 1.8516791 
Eublepharidae     1.1257955 1.1054705 1.1212979 1.1068431 1.1252977 1.0784715 1.0769748 1.0784304 1.0982638 1.1111071 1.1257084 1.1391966 1.0706606 1.0648712 1.1383140 1.2083500 1.1504573 1.1123715 0.9252803 0.8958463 0.9363349 0.9365159 0.9580468 0.9173233 0.9275078 0.9445700 0.9466043 0.9528470 0.9012841 0.7899673 1.2616618 1.1579907 0.5918102 0.6155107 0.5942123 0.7053754 0.6444933 0.0000000 0.9784962 1.3143170 0.9730581 0.9352480 0.9563252 0.9579811 0.9913376 0.9442152 0.9723425 1.1972000 1.2430686 1.2109172 1.9259307 
Dicamptodontidae  0.9293252 0.8936966 0.8989843 0.8873395 0.9210101 0.8645372 0.8648944 0.8599350 0.8516365 0.9019245 0.8836143 0.9150511 0.8315057 0.8523577 0.8642015 0.9814486 0.8939144 0.8576626 0.8918737 0.8665864 0.9123805 0.9052337 0.9124072 0.9133465 0.9151159 0.9152657 0.9243247 0.9276759 0.8679014 0.7996609 1.1053680 1.0768902 0.9179703 0.9253999 0.9305769 1.0331955 0.9557879 0.9784962 0.0000000 0.8055904 0.4733436 0.4444926 0.4581649 0.4902321 0.4597287 0.4567022 0.5462647 0.8400842 0.9679204 0.9514254 1.5214882 
Alytidae          1.2000707 1.1922974 1.1598635 1.1274378 1.1869523 1.1115845 1.1557199 1.1471306 1.1407576 1.1762658 1.1741227 1.1901186 1.1131660 1.1177665 1.1707809 1.2396709 1.1992071 1.1626011 1.1985346 1.1299595 1.1974920 1.2057895 1.1746565 1.1976772 1.2138793 1.2108770 1.2032588 1.2287068 1.1418674 1.0322536 1.4071736 1.3533416 1.2565145 1.2725074 1.2802849 1.4388630 1.3441405 1.3143170 0.8055904 0.0000000 0.6717116 0.6669889 0.6791839 0.7182678 0.6881967 0.6827433 0.7768731 1.1467766 1.2604473 1.2314727 1.8872825 
Heleophrynidae    0.8474235 0.8496469 0.8518715 0.8331742 0.8407116 0.8061284 0.8032727 0.7688449 0.7864018 0.8441840 0.7947279 0.8517673 0.7801441 0.7673531 0.8181082 0.8913683 0.8540317 0.8172777 0.8190835 0.7902975 0.8915513 0.8550270 0.8486349 0.8505943 0.8767863 0.8570430 0.8703856 0.8721056 0.7938580 0.7168056 1.0606703 1.0625421 0.8841965 0.9189816 0.9326197 0.9755682 0.9697520 0.9730581 0.4733436 0.6717116 0.0000000 0.1874677 0.1951895 0.2547009 0.2109536 0.2177988 0.5013066 0.8156440 0.9277797 0.9193411 1.5083913 
Leptodactylidae   0.8506972 0.8229348 0.7989286 0.7968752 0.8265255 0.7580581 0.7857240 0.7696315 0.7739465 0.8167042 0.7786126 0.8193562 0.7513352 0.7549882 0.8053158 0.8701044 0.8129797 0.7937520 0.8052049 0.7945591 0.8603924 0.8506098 0.8351496 0.8375052 0.8753249 0.8651579 0.8682169 0.8676158 0.7660110 0.6770385 1.0445218 1.0337901 0.8706684 0.8682600 0.8814779 0.9598276 0.9265443 0.9352480 0.4444926 0.6669889 0.1874677 0.0000000 0.0583546 0.2216409 0.1853099 0.1875500 0.4706839 0.8073512 0.9116738 0.8943866 1.5106626 
Strabomantidae    0.8296652 0.8257479 0.8178286 0.8070410 0.8386665 0.7684738 0.7883587 0.7654960 0.7732264 0.8162588 0.7981763 0.8359154 0.7569985 0.7646806 0.8053120 0.8894700 0.8256817 0.7942089 0.8086009 0.7963274 0.8642119 0.8492886 0.8300043 0.8455935 0.8763590 0.8725876 0.8765731 0.8694112 0.7753824 0.6910060 1.0595992 1.0388893 0.8982737 0.8954369 0.9029978 1.0008335 0.9444488 0.9563252 0.4581649 0.6791839 0.1951895 0.0583546 0.0000000 0.2177717 0.1914617 0.1993637 0.4670334 0.8134184 0.9182894 0.8956645 1.5189993 
Micrixalidae      0.8926832 0.8541199 0.8481051 0.8343273 0.8795264 0.8201861 0.8099209 0.7984028 0.8059175 0.8479208 0.8320534 0.8600655 0.8067091 0.7885601 0.8339035 0.9179923 0.8860359 0.8472138 0.8648852 0.8500648 0.9086367 0.8879221 0.8915125 0.8827340 0.8877072 0.9006300 0.9060734 0.8847021 0.8223983 0.7219171 1.0876739 1.0508258 0.9071221 0.9235516 0.9404866 1.0216642 0.9652024 0.9579811 0.4902321 0.7182678 0.2547009 0.2216409 0.2177717 0.0000000 0.1691792 0.1892244 0.5344109 0.8243947 0.9053529 0.8816773 1.5198055 
Hemisotidae       0.8661960 0.8508764 0.8377016 0.8362216 0.8637765 0.8093374 0.8064514 0.7831196 0.7854176 0.8410776 0.8189969 0.8327001 0.7887295 0.7831454 0.8497497 0.9056857 0.8891090 0.8232420 0.8479055 0.8205353 0.8930112 0.8698781 0.8764935 0.8705023 0.8836585 0.8944418 0.8966809 0.8950225 0.7905038 0.7081566 1.0668878 1.0351032 0.8666775 0.8899668 0.9228966 0.9960652 0.9405597 0.9913376 0.4597287 0.6881967 0.2109536 0.1853099 0.1914617 0.1691792 0.0000000 0.1591580 0.4723118 0.8222339 0.9051439 0.8804044 1.4825850 
Asterophryidae    0.8561304 0.8394493 0.8245621 0.8070550 0.8587520 0.7766996 0.7828383 0.7617607 0.7620476 0.8212525 0.8073237 0.8231321 0.7696486 0.7682061 0.8182700 0.8673575 0.8303438 0.7880426 0.7864126 0.7666520 0.8415365 0.8250577 0.8096882 0.8122818 0.8185890 0.8245522 0.8292409 0.8233186 0.7366616 0.6897383 1.0418787 1.0058011 0.8591799 0.8742351 0.8961863 0.9855884 0.9400559 0.9442152 0.4567022 0.6827433 0.2177988 0.1875500 0.1993637 0.1892244 0.1591580 0.0000000 0.5140380 0.8243643 0.9173951 0.8965481 1.5022350 
Caeciliidae2      0.8708439 0.8528755 0.8690800 0.8563659 0.8605212 0.8273188 0.8025618 0.8220019 0.8264075 0.8409089 0.8403280 0.8357957 0.8030340 0.8105770 0.8621594 0.9626167 0.8800248 0.8431100 0.8607588 0.8431074 0.8879430 0.9154718 0.9091619 0.9022544 0.9181335 0.9145192 0.9266032 0.9445603 0.8780454 0.7803380 1.1176784 1.0210766 0.9533613 0.9175315 0.9372761 1.0559519 0.9508015 0.9723425 0.5462647 0.7768731 0.5013066 0.4706839 0.4670334 0.5344109 0.4723118 0.5140380 0.0000000 0.8226481 0.9296424 0.9201183 1.5706224 
Polypteriformes   1.1544661 1.1296468 1.1335974 1.1075630 1.1129313 1.0636746 1.0482753 1.0643139 1.0652205 1.0634906 1.0840419 1.0693220 1.0396304 1.0785895 1.1090761 1.2239408 1.1335668 1.1255753 1.0616844 1.0795804 1.1069558 1.1036152 1.1087530 1.0692941 1.0832166 1.0624111 1.1121367 1.1243077 1.0521254 0.9515821 1.3087516 1.2164612 1.1100906 1.1244256 1.1445461 1.2066808 1.1905533 1.1972000 0.8400842 1.1467766 0.8156440 0.8073512 0.8134184 0.8243947 0.8222339 0.8243643 0.8226481 0.0000000 0.8034462 0.7885569 1.4491087 
Channichthyidae   1.1704594 1.1455391 1.1769608 1.1703161 1.1558628 1.1206571 1.1212059 1.1139734 1.1136567 1.1474697 1.1409769 1.1409655 1.0971735 1.0855420 1.1416553 1.2360025 1.2132366 1.2000496 1.1297935 1.1615658 1.1643616 1.2001717 1.2053757 1.1697906 1.2026702 1.1510759 1.1910385 1.2071805 1.1618001 1.0326003 1.3746301 1.2847348 1.1615009 1.1388464 1.1481140 1.3126001 1.2106759 1.2430686 0.9679204 1.2604473 0.9277797 0.9116738 0.9182894 0.9053529 0.9051439 0.9173951 0.9296424 0.8034462 0.0000000 0.0578469 1.5655595 
Pseudaphritidae   1.1431592 1.1137026 1.1323879 1.1236881 1.1283044 1.0925822 1.0865121 1.0802969 1.0848686 1.1182729 1.1031688 1.1058224 1.0697012 1.0587628 1.1070659 1.2168848 1.1768763 1.1610623 1.0917435 1.1194366 1.1248276 1.1711852 1.1696080 1.1273690 1.1596904 1.1212181 1.1486318 1.1593521 1.1272974 1.0053462 1.3565326 1.2545352 1.1246782 1.1106812 1.1190600 1.2896296 1.1756214 1.2109172 0.9514254 1.2314727 0.9193411 0.8943866 0.8956645 0.8816773 0.8804044 0.8965481 0.9201183 0.7885569 0.0578469 0.0000000 1.5521166 
Carcharhinidae    1.7876574 1.7729550 1.7587350 1.7539444 1.7844494 1.7366801 1.7357968 1.7087010 1.6980358 1.7666199 1.7492569 1.7716297 1.7024507 1.7014766 1.7307421 1.7799423 1.7393524 1.7285241 1.7513301 1.7647260 1.7966809 1.8206998 1.7957181 1.8045284 1.8129079 1.7955153 1.8274186 1.8190340 1.7725244 1.6139649 1.9704518 1.8421402 1.8264788 1.7896123 1.7991575 1.9130906 1.8516791 1.9259307 1.5214882 1.8872825 1.5083913 1.5106626 1.5189993 1.5198055 1.4825850 1.5022350 1.5706224 1.4491087 1.5655595 1.5521166 0.0000000 
