51
Pitheciidae       0.0000000 0.0400272 0.0235633 0.0299604 0.0255280 0.0210169 0.0418236 0.0437764 0.0409715 0.0328211 0.0282754 0.0280830 0.0227946 0.0209851 0.0282500 0.1184887 0.1177807 0.1233077 0.4142075 0.4026577 0.4209761 0.4276903 0.4390431 0.4592587 0.4267873 0.4305031 0.4445149 0.4063559 0.3758662 0.4239976 0.6265631 0.5655164 0.7257448 0.7357983 0.7904447 0.8835773 0.6607818 0.6441392 0.2739381 0.5042844 0.4065939 0.4145637 0.4085649 0.3615003 0.4413438 0.3905116 0.3257536 0.6046703 0.5812052 0.5789017 1.2796122 
Scandentia        0.0400272 0.0000000 0.0453592 0.0492658 0.0503935 0.0419419 0.0654094 0.0675002 0.0664847 0.0533402 0.0523853 0.0510529 0.0456352 0.0437252 0.0513666 0.1438774 0.1419761 0.1485605 0.4448487 0.4295725 0.4470022 0.4528301 0.4626568 0.4844957 0.4531676 0.4558065 0.4680185 0.4318103 0.4016867 0.4452725 0.6507919 0.5947150 0.7457343 0.7765086 0.8266915 0.9093619 0.7057266 0.6714265 0.3109547 0.5411497 0.4409088 0.4391012 0.4380629 0.3968802 0.4665813 0.4247128 0.3689572 0.6234902 0.6058670 0.6035532 1.3345608 
Erethizontidae    0.0235633 0.0453592 0.0000000 0.0182243 0.0299218 0.0236036 0.0462575 0.0482271 0.0472617 0.0372457 0.0336107 0.0324618 0.0271713 0.0253507 0.0326552 0.1222858 0.1236876 0.1292004 0.4268618 0.4106161 0.4269010 0.4238202 0.4397452 0.4687712 0.4382492 0.4373532 0.4492244 0.4208855 0.3804544 0.4410062 0.6478876 0.5719872 0.7379880 0.7381884 0.7940186 0.8783257 0.6646106 0.6482071 0.2752772 0.5139450 0.4087780 0.4214552 0.4189746 0.3663922 0.4470457 0.3973862 0.3315833 0.6074823 0.5919578 0.5896635 1.3031920 
Capromyidae       0.0299604 0.0492658 0.0182243 0.0000000 0.0364365 0.0300121 0.0530078 0.0531398 0.0540393 0.0429335 0.0401960 0.0389808 0.0336322 0.0317761 0.0373775 0.1261870 0.1275817 0.1331276 0.4298153 0.4100864 0.4298437 0.4320145 0.4481744 0.4712363 0.4426368 0.4404828 0.4537502 0.4217126 0.3842411 0.4474230 0.6580938 0.5808065 0.7464880 0.7500050 0.7978775 0.8873410 0.6854529 0.6508265 0.2884036 0.5137856 0.4143137 0.4179810 0.4202927 0.3746880 0.4495307 0.4028002 0.3310522 0.6098397 0.6053614 0.6030497 1.3142121 
Muridae           0.0255280 0.0503935 0.0299218 0.0364365 0.0000000 0.0273763 0.0503380 0.0532591 0.0532465 0.0430751 0.0393808 0.0381700 0.0328113 0.0309536 0.0365596 0.1264986 0.1235743 0.1334558 0.4288836 0.4137320 0.4301965 0.4357980 0.4508045 0.4727427 0.4417563 0.4421476 0.4488182 0.4207545 0.3883523 0.4389249 0.6477695 0.5765368 0.7352076 0.7355873 0.7869878 0.8966669 0.6663972 0.6583737 0.2884937 0.5153671 0.4123752 0.4321988 0.4219011 0.3714027 0.4557459 0.3961071 0.3341108 0.6081079 0.5951704 0.5928438 1.2827905 
Castoridae        0.0210169 0.0419419 0.0236036 0.0300121 0.0273763 0.0000000 0.0455991 0.0475765 0.0456138 0.0356051 0.0310656 0.0317414 0.0264247 0.0245970 0.0319314 0.1175729 0.1168715 0.1245353 0.4268581 0.4083741 0.4302868 0.4337438 0.4499855 0.4669827 0.4362468 0.4400694 0.4508016 0.4187661 0.3877276 0.4311068 0.6405402 0.5821686 0.7386946 0.7407939 0.8074095 0.8966697 0.6695176 0.6539570 0.2894020 0.5210388 0.4255837 0.4227940 0.4202639 0.3747498 0.4565984 0.4043934 0.3382006 0.6133301 0.5917427 0.5894298 1.3019818 
Suidae            0.0418236 0.0654094 0.0462575 0.0530078 0.0503380 0.0455991 0.0000000 0.0399941 0.0390457 0.0448192 0.0429779 0.0417365 0.0382047 0.0363289 0.0513095 0.1314476 0.1349988 0.1427327 0.4446408 0.4370805 0.4527515 0.4586819 0.4726141 0.4926487 0.4612091 0.4665697 0.4775055 0.4431451 0.4016221 0.4494107 0.6417682 0.5844519 0.7288428 0.7565626 0.8176010 0.9006592 0.6809532 0.6508679 0.3028253 0.5490774 0.4390507 0.4425095 0.4414708 0.3988111 0.4786909 0.4224185 0.3468210 0.6496711 0.6108591 0.6014279 1.2903143 
Hippopotamidae    0.0437764 0.0675002 0.0482271 0.0531398 0.0532591 0.0475765 0.0399941 0.0000000 0.0344915 0.0458913 0.0440415 0.0427864 0.0401401 0.0382515 0.0533237 0.1360374 0.1352034 0.1463447 0.4442872 0.4332396 0.4406997 0.4535830 0.4581342 0.4888236 0.4538675 0.4578932 0.4681913 0.4346867 0.4011483 0.4606075 0.6605305 0.6002404 0.7396346 0.7680854 0.8196873 0.9236179 0.6908380 0.6517063 0.3001984 0.5473026 0.4386485 0.4371976 0.4383681 0.4005127 0.4764390 0.4215144 0.3519729 0.6402346 0.6183958 0.6160704 1.3115243 
Hyperoodontidae   0.0409715 0.0664847 0.0472617 0.0540393 0.0532465 0.0456138 0.0390457 0.0344915 0.0000000 0.0458277 0.0412164 0.0427277 0.0373505 0.0373047 0.0513664 0.1316257 0.1363622 0.1463225 0.4381868 0.4310696 0.4429259 0.4513051 0.4665078 0.4887581 0.4538069 0.4626693 0.4772055 0.4393264 0.4044391 0.4636453 0.6628359 0.5983270 0.7409392 0.7622473 0.8115744 0.9157298 0.6737908 0.6506661 0.2980982 0.5357567 0.4324134 0.4442908 0.4333936 0.4050942 0.4778860 0.4241374 0.3553185 0.6421517 0.6089728 0.6024039 1.3185532 
Vespertilionidae  0.0328211 0.0533402 0.0372457 0.0429335 0.0430751 0.0356051 0.0448192 0.0458913 0.0458277 0.0000000 0.0175214 0.0200991 0.0274145 0.0255767 0.0421734 0.1254623 0.1258708 0.1357782 0.4401588 0.4227231 0.4401479 0.4507173 0.4611296 0.4810253 0.4462170 0.4527882 0.4659510 0.4318404 0.3982674 0.4460988 0.6537480 0.5775558 0.7382565 0.7565312 0.7860850 0.9063251 0.6620400 0.6555231 0.2996522 0.5391056 0.4121375 0.4329125 0.4331897 0.3874936 0.4454049 0.4090165 0.3390504 0.6160380 0.5797471 0.5732998 1.3109902 
Furipteridae      0.0282754 0.0523853 0.0336107 0.0401960 0.0393808 0.0310656 0.0429779 0.0440415 0.0412164 0.0175214 0.0000000 0.0165606 0.0229034 0.0219912 0.0384818 0.1234609 0.1260412 0.1337844 0.4380531 0.4249029 0.4423743 0.4529996 0.4634475 0.4870874 0.4484780 0.4524549 0.4646875 0.4319080 0.3990976 0.4475820 0.6464787 0.5778851 0.7307052 0.7539429 0.7762083 0.8982729 0.6650024 0.6512640 0.2944478 0.5285864 0.4169271 0.4343640 0.4261207 0.3841944 0.4527698 0.4034758 0.3442764 0.6123304 0.5891821 0.5826919 1.3108469 
Rhinolophidae     0.0280830 0.0510529 0.0324618 0.0389808 0.0381700 0.0317414 0.0417365 0.0427864 0.0427277 0.0200991 0.0165606 0.0000000 0.0227485 0.0209429 0.0372786 0.1191891 0.1238895 0.1315583 0.4287062 0.4136970 0.4287638 0.4390139 0.4457495 0.4651217 0.4312114 0.4350091 0.4503755 0.4173215 0.3865363 0.4420724 0.6379506 0.5735413 0.7269076 0.7466242 0.7618694 0.8825701 0.6515819 0.6426763 0.2901047 0.5222936 0.4056142 0.4282473 0.4235977 0.3781935 0.4440221 0.4004944 0.3380178 0.6135103 0.5864886 0.5800334 1.3177103 
Viverridae        0.0227946 0.0456352 0.0271713 0.0336322 0.0328113 0.0264247 0.0382047 0.0401401 0.0373505 0.0274145 0.0229034 0.0227485 0.0000000 0.0103842 0.0319213 0.1165480 0.1201136 0.1268007 0.4190811 0.4041593 0.4157978 0.4292229 0.4405867 0.4621057 0.4249110 0.4333086 0.4438809 0.4111582 0.3773241 0.4181779 0.6181449 0.5618113 0.7243801 0.7281092 0.7718271 0.8744989 0.6612374 0.6263111 0.2824378 0.5050839 0.3979978 0.4182724 0.4122833 0.3695000 0.4429553 0.3907624 0.3235924 0.6011472 0.5802329 0.5738233 1.2845741 
Procyonidae       0.0209851 0.0437252 0.0253507 0.0317761 0.0309536 0.0245970 0.0363289 0.0382515 0.0373047 0.0255767 0.0219912 0.0209429 0.0103842 0.0000000 0.0300662 0.1163817 0.1156885 0.1254731 0.4194880 0.4046003 0.4195543 0.4296090 0.4409465 0.4589145 0.4253058 0.4336861 0.4464203 0.4115797 0.3778185 0.4238312 0.6268312 0.5605034 0.7270787 0.7293307 0.7731605 0.8755645 0.6638446 0.6303481 0.2747446 0.5088848 0.4051940 0.4186967 0.4140211 0.3700211 0.4433330 0.3912435 0.3212611 0.5996090 0.5774861 0.5751884 1.2746497 
Myrmecophagidae   0.0282500 0.0513666 0.0326552 0.0373775 0.0365596 0.0319314 0.0513095 0.0533237 0.0513664 0.0421734 0.0384818 0.0372786 0.0319213 0.0300662 0.0000000 0.1190164 0.1237520 0.1303064 0.4400541 0.4158004 0.4387761 0.4449062 0.4587766 0.4786446 0.4461409 0.4500637 0.4609134 0.4270845 0.3969159 0.4508796 0.6451444 0.5731412 0.7325473 0.7493081 0.8009725 0.8898732 0.6878429 0.6390219 0.2914854 0.5160033 0.4210510 0.4349865 0.4262486 0.3840571 0.4584366 0.4017354 0.3419449 0.6264677 0.6023519 0.6013821 1.2774663 
Caluromyidae      0.1184887 0.1438774 0.1222858 0.1261870 0.1264986 0.1175729 0.1314476 0.1360374 0.1316257 0.1254623 0.1234609 0.1191891 0.1165480 0.1163817 0.1190164 0.0000000 0.0733744 0.0776735 0.4598054 0.4430862 0.4718982 0.4705880 0.4870079 0.4895959 0.4591316 0.4751007 0.4803633 0.4543765 0.4170888 0.4716226 0.6309399 0.5875470 0.7300653 0.7410501 0.8041540 0.9512831 0.7329401 0.6871553 0.3110604 0.5208269 0.4412155 0.4406217 0.4459208 0.4004447 0.5003773 0.4208011 0.3695989 0.6473032 0.5988351 0.5964935 1.3907091 
Thylacomyidae     0.1177807 0.1419761 0.1236876 0.1275817 0.1235743 0.1168715 0.1349988 0.1352034 0.1363622 0.1258708 0.1260412 0.1238895 0.1201136 0.1156885 0.1237520 0.0733744 0.0000000 0.0734299 0.4526612 0.4427076 0.4632932 0.4727404 0.4816808 0.4989541 0.4636258 0.4601163 0.4761546 0.4461311 0.4196240 0.4644300 0.6597039 0.6079363 0.7498089 0.7577312 0.8215211 0.9694024 0.7189819 0.6875831 0.3265487 0.5507384 0.4565668 0.4583625 0.4676172 0.4051450 0.4939032 0.4383415 0.3756758 0.6829783 0.6182042 0.6101683 1.3199705 
Phalangeridae     0.1233077 0.1485605 0.1292004 0.1331276 0.1334558 0.1245353 0.1427327 0.1463447 0.1463225 0.1357782 0.1337844 0.1315583 0.1268007 0.1254731 0.1303064 0.0776735 0.0734299 0.0000000 0.4639432 0.4403508 0.4554872 0.4673741 0.4785541 0.4899294 0.4539499 0.4575808 0.4698736 0.4424370 0.4230096 0.4763878 0.6591983 0.5978799 0.7540506 0.7793727 0.8491351 0.9636292 0.7332460 0.6958919 0.3307792 0.5507199 0.4544530 0.4692756 0.4711422 0.4044028 0.5092807 0.4478850 0.3879725 0.6520169 0.6394153 0.6370993 1.3423557 
Tityridae         0.4142075 0.4448487 0.4268618 0.4298153 0.4288836 0.4268581 0.4446408 0.4442872 0.4381868 0.4401588 0.4380531 0.4287062 0.4190811 0.4194880 0.4400541 0.4598054 0.4526612 0.4639432 0.0000000 0.1073559 0.0976747 0.1039134 0.1153117 0.1284659 0.0990120 0.1101844 0.1160765 0.0925682 0.0928757 0.3618904 0.5048868 0.4617979 0.8098733 0.7898918 0.8451412 0.9149920 0.7400930 0.6999200 0.4607800 0.6440441 0.5620165 0.5728689 0.5832521 0.5247194 0.5880751 0.5738956 0.5015298 0.8141613 0.7336891 0.7357862 1.5303725 
Ptilonorhynchidae 0.4026577 0.4295725 0.4106161 0.4100864 0.4137320 0.4083741 0.4370805 0.4332396 0.4310696 0.4227231 0.4249029 0.4136970 0.4041593 0.4046003 0.4158004 0.4430862 0.4427076 0.4403508 0.1073559 0.0000000 0.0942377 0.0904698 0.1057279 0.1167344 0.0914940 0.0995804 0.1043547 0.0793351 0.0955584 0.3590231 0.5213391 0.4866895 0.7592148 0.7489288 0.7752164 0.8656874 0.6934979 0.6899500 0.4644305 0.6614509 0.5739550 0.5756390 0.5821968 0.5236194 0.5796388 0.5530491 0.4932796 0.8417514 0.6980486 0.7016553 1.5246558 
Callaeatidae      0.4209761 0.4470022 0.4269010 0.4298437 0.4301965 0.4302868 0.4527515 0.4406997 0.4429259 0.4401479 0.4423743 0.4287638 0.4157978 0.4195543 0.4387761 0.4718982 0.4632932 0.4554872 0.0976747 0.0942377 0.0000000 0.0683395 0.0790133 0.0975113 0.0732443 0.0810609 0.0857132 0.0643976 0.0979752 0.3768772 0.5336686 0.4829298 0.7968522 0.7756637 0.8068473 0.9246254 0.7386123 0.6915602 0.4645679 0.6747685 0.5706895 0.5882454 0.5976127 0.5192834 0.6037980 0.5836767 0.5037423 0.8107260 0.7232859 0.7329104 1.5169715 
Monarchidae       0.4276903 0.4528301 0.4238202 0.4320145 0.4357980 0.4337438 0.4586819 0.4535830 0.4513051 0.4507173 0.4529996 0.4390139 0.4292229 0.4296090 0.4449062 0.4705880 0.4727404 0.4673741 0.1039134 0.0904698 0.0683395 0.0000000 0.0580009 0.0936859 0.0734988 0.0812443 0.0830287 0.0617479 0.0951453 0.3888664 0.5348846 0.5001495 0.8114221 0.8005788 0.8448211 0.9358101 0.7684017 0.7173570 0.4738386 0.6681425 0.5864403 0.6021335 0.6119233 0.5395107 0.6056933 0.5849001 0.5043581 0.8409409 0.7274694 0.7386762 1.5778904 
Malaconotidae     0.4390431 0.4626568 0.4397452 0.4481744 0.4508045 0.4499855 0.4726141 0.4581342 0.4665078 0.4611296 0.4634475 0.4457495 0.4405867 0.4409465 0.4587766 0.4870079 0.4816808 0.4785541 0.1153117 0.1057279 0.0790133 0.0580009 0.0000000 0.1110202 0.0911726 0.0932623 0.0979925 0.0761480 0.1106144 0.4063473 0.5617495 0.5192346 0.8337395 0.8051442 0.8451741 0.9564744 0.7888738 0.7276737 0.4741238 0.6776535 0.5709630 0.5995477 0.6087707 0.5309136 0.5949231 0.5657255 0.5026011 0.8197097 0.7480445 0.7689777 1.5343017 
Certhiidae        0.4592587 0.4844957 0.4687712 0.4712363 0.4727427 0.4669827 0.4926487 0.4888236 0.4887581 0.4810253 0.4870874 0.4651217 0.4621057 0.4589145 0.4786446 0.4895959 0.4989541 0.4899294 0.1284659 0.1167344 0.0975113 0.0936859 0.1110202 0.0000000 0.0887142 0.0936946 0.0935031 0.0786460 0.1279101 0.3915958 0.5565987 0.5210104 0.8436236 0.8163736 0.8420189 0.9389635 0.7665535 0.7369975 0.4932686 0.7223737 0.6295181 0.6134492 0.6331476 0.5666747 0.6316078 0.6093683 0.5483962 0.8652794 0.7815792 0.7932785 1.5943880 
Cinclidae         0.4267873 0.4531676 0.4382492 0.4426368 0.4417563 0.4362468 0.4612091 0.4538675 0.4538069 0.4462170 0.4484780 0.4312114 0.4249110 0.4253058 0.4461409 0.4591316 0.4636258 0.4539499 0.0990120 0.0914940 0.0732443 0.0734988 0.0911726 0.0887142 0.0000000 0.0733581 0.0751328 0.0532506 0.1013347 0.3673886 0.5237720 0.4666240 0.8003614 0.7988886 0.8296993 0.9446983 0.7517891 0.6958954 0.4870201 0.6851019 0.5903232 0.6057111 0.6228307 0.5456555 0.6147272 0.6011967 0.5079192 0.8423748 0.7385705 0.7502333 1.6007441 
Ploceidae         0.4305031 0.4558065 0.4373532 0.4404828 0.4421476 0.4400694 0.4665697 0.4578932 0.4626693 0.4527882 0.4524549 0.4350091 0.4333086 0.4336861 0.4500637 0.4751007 0.4601163 0.4575808 0.1101844 0.0995804 0.0810609 0.0812443 0.0932623 0.0936946 0.0733581 0.0000000 0.0421666 0.0598058 0.1014504 0.3941825 0.5331408 0.4993226 0.8262617 0.8213957 0.8337370 0.9167368 0.7494141 0.7375563 0.4939840 0.7054718 0.6034073 0.6253192 0.6356801 0.5544376 0.6204989 0.6049919 0.5133407 0.8504409 0.7352059 0.7327751 1.6033633 
Thraupidae        0.4445149 0.4680185 0.4492244 0.4537502 0.4488182 0.4508016 0.4775055 0.4681913 0.4772055 0.4659510 0.4646875 0.4503755 0.4438809 0.4464203 0.4609134 0.4803633 0.4761546 0.4698736 0.1160765 0.1043547 0.0857132 0.0830287 0.0979925 0.0935031 0.0751328 0.0421666 0.0000000 0.0643428 0.1102936 0.3972267 0.5399020 0.5052087 0.8360909 0.8306381 0.8452587 0.9361668 0.7623771 0.7454595 0.5113356 0.7059894 0.6173873 0.6321353 0.6441034 0.5780398 0.6449906 0.6179842 0.5333667 0.8674525 0.7441670 0.7370069 1.5690161 
Alaudidae         0.4063559 0.4318103 0.4208855 0.4217126 0.4207545 0.4187661 0.4431451 0.4346867 0.4393264 0.4318404 0.4319080 0.4173215 0.4111582 0.4115797 0.4270845 0.4543765 0.4461311 0.4424370 0.0925682 0.0793351 0.0643976 0.0617479 0.0761480 0.0786460 0.0532506 0.0598058 0.0643428 0.0000000 0.0899424 0.3592169 0.5148900 0.4805855 0.7709082 0.7905079 0.8093813 0.9103181 0.7388105 0.6857447 0.4672210 0.6551951 0.5785157 0.5746187 0.5864159 0.5339523 0.5911978 0.5742039 0.4923463 0.8294152 0.7156517 0.7238503 1.5160220 
Coraciiformes     0.3758662 0.4016867 0.3804544 0.3842411 0.3883523 0.3877276 0.4016221 0.4011483 0.4044391 0.3982674 0.3990976 0.3865363 0.3773241 0.3778185 0.3969159 0.4170888 0.4196240 0.4230096 0.0928757 0.0955584 0.0979752 0.0951453 0.1106144 0.1279101 0.1013347 0.1014504 0.1102936 0.0899424 0.0000000 0.3366126 0.5091939 0.4471670 0.7628871 0.7677541 0.7957515 0.8972719 0.7144222 0.6767411 0.4235439 0.6402263 0.5342170 0.5556581 0.5560253 0.4930021 0.5661222 0.5233946 0.4455024 0.7941375 0.6909296 0.6989928 1.5405231 
Crocodylidae      0.4239976 0.4452725 0.4410062 0.4474230 0.4389249 0.4311068 0.4494107 0.4606075 0.4636453 0.4460988 0.4475820 0.4420724 0.4181779 0.4238312 0.4508796 0.4716226 0.4644300 0.4763878 0.3618904 0.3590231 0.3768772 0.3888664 0.4063473 0.3915958 0.3673886 0.3941825 0.3972267 0.3592169 0.3366126 0.0000000 0.5536691 0.4948287 0.8400332 0.7747085 0.8397472 0.9698995 0.7565162 0.7398992 0.4855530 0.6817989 0.5994195 0.5986132 0.6036860 0.5601006 0.6524061 0.6007290 0.4842321 0.8049738 0.7014112 0.7170470 1.4321509 
Carettochelyidae  0.6265631 0.6507919 0.6478876 0.6580938 0.6477695 0.6405402 0.6417682 0.6605305 0.6628359 0.6537480 0.6464787 0.6379506 0.6181449 0.6268312 0.6451444 0.6309399 0.6597039 0.6591983 0.5048868 0.5213391 0.5336686 0.5348846 0.5617495 0.5565987 0.5237720 0.5331408 0.5399020 0.5148900 0.5091939 0.5536691 0.0000000 0.4746062 0.9669984 0.9178153 1.0236530 1.1277003 0.9532436 0.8044646 0.6684060 0.8583330 0.7967254 0.8022121 0.7995650 0.7336183 0.8169373 0.7524484 0.6614480 0.9645684 0.8979476 0.8995663 1.7151054 
Kinosternidae     0.5655164 0.5947150 0.5719872 0.5808065 0.5765368 0.5821686 0.5844519 0.6002404 0.5983270 0.5775558 0.5778851 0.5735413 0.5618113 0.5605034 0.5731412 0.5875470 0.6079363 0.5978799 0.4617979 0.4866895 0.4829298 0.5001495 0.5192346 0.5210104 0.4666240 0.4993226 0.5052087 0.4805855 0.4471670 0.4948287 0.4746062 0.0000000 0.8942557 0.8937969 0.9428049 1.0482485 0.8541083 0.8010313 0.5664138 0.7248900 0.6958285 0.6647453 0.6874569 0.6166883 0.6916056 0.6538809 0.5805078 0.9431319 0.7814686 0.8024273 1.6705987 
Anomalepididae    0.7257448 0.7457343 0.7379880 0.7464880 0.7352076 0.7386946 0.7288428 0.7396346 0.7409392 0.7382565 0.7307052 0.7269076 0.7243801 0.7270787 0.7325473 0.7300653 0.7498089 0.7540506 0.8098733 0.7592148 0.7968522 0.8114221 0.8337395 0.8436236 0.8003614 0.8262617 0.8360909 0.7709082 0.7628871 0.8400332 0.9669984 0.8942557 0.0000000 0.6525011 0.6766317 0.8303546 0.6951713 0.7301145 0.7351164 1.0149991 0.8813304 0.8257758 0.8608102 0.8138635 0.8690697 0.8517201 0.8100110 1.1386005 1.0127559 1.0218201 1.9537145 
Loxocemidae       0.7357983 0.7765086 0.7381884 0.7500050 0.7355873 0.7407939 0.7565626 0.7680854 0.7622473 0.7565312 0.7539429 0.7466242 0.7281092 0.7293307 0.7493081 0.7410501 0.7577312 0.7793727 0.7898918 0.7489288 0.7756637 0.8005788 0.8051442 0.8163736 0.7988886 0.8213957 0.8306381 0.7905079 0.7677541 0.7747085 0.9178153 0.8937969 0.6525011 0.0000000 0.4485783 0.8302563 0.7507694 0.7602193 0.7356913 0.9825935 0.8990525 0.8865403 0.9242794 0.8126312 0.8871005 0.8341536 0.8171179 1.0882566 1.0394399 1.0526523 1.8206577 
Natricidae        0.7904447 0.8266915 0.7940186 0.7978775 0.7869878 0.8074095 0.8176010 0.8196873 0.8115744 0.7860850 0.7762083 0.7618694 0.7718271 0.7731605 0.8009725 0.8041540 0.8215211 0.8491351 0.8451412 0.7752164 0.8068473 0.8448211 0.8451741 0.8420189 0.8296993 0.8337370 0.8452587 0.8093813 0.7957515 0.8397472 1.0236530 0.9428049 0.6766317 0.4485783 0.0000000 0.9100951 0.7101722 0.7748310 0.7967227 0.9697749 0.9299255 0.8946687 0.9174204 0.8759689 0.9382038 0.8956978 0.8397664 1.1509715 1.0591799 1.0795351 1.8757032 
Xenosauridae      0.8835773 0.9093619 0.8783257 0.8873410 0.8966669 0.8966697 0.9006592 0.9236179 0.9157298 0.9063251 0.8982729 0.8825701 0.8744989 0.8755645 0.8898732 0.9512831 0.9694024 0.9636292 0.9149920 0.8656874 0.9246254 0.9358101 0.9564744 0.9389635 0.9446983 0.9167368 0.9361668 0.9103181 0.8972719 0.9698995 1.1277003 1.0482485 0.8303546 0.8302563 0.9100951 0.0000000 0.8323011 0.8506384 0.8841177 1.0597008 1.0877747 1.1160618 1.1225625 1.0197337 1.0469297 1.0176417 0.9526789 1.3039409 1.2246230 1.2414412 2.0456552 
Teiidae           0.6607818 0.7057266 0.6646106 0.6854529 0.6663972 0.6695176 0.6809532 0.6908380 0.6737908 0.6620400 0.6650024 0.6515819 0.6612374 0.6638446 0.6878429 0.7329401 0.7189819 0.7332460 0.7400930 0.6934979 0.7386123 0.7684017 0.7888738 0.7665535 0.7517891 0.7494141 0.7623771 0.7388105 0.7144222 0.7565162 0.9532436 0.8541083 0.6951713 0.7507694 0.7101722 0.8323011 0.0000000 0.6724818 0.6925282 0.9027433 0.8297904 0.8222723 0.8507587 0.7729500 0.8259969 0.8197176 0.7347734 1.0674394 0.9493237 0.9345524 1.7426751 
Eublepharidae     0.6441392 0.6714265 0.6482071 0.6508265 0.6583737 0.6539570 0.6508679 0.6517063 0.6506661 0.6555231 0.6512640 0.6426763 0.6263111 0.6303481 0.6390219 0.6871553 0.6875831 0.6958919 0.6999200 0.6899500 0.6915602 0.7173570 0.7276737 0.7369975 0.6958954 0.7375563 0.7454595 0.6857447 0.6767411 0.7398992 0.8044646 0.8010313 0.7301145 0.7602193 0.7748310 0.8506384 0.6724818 0.0000000 0.6644133 0.9001728 0.8383136 0.8381621 0.8506479 0.7658162 0.8398581 0.8236886 0.6919488 0.9771384 0.8975151 0.8946392 1.7884167 
Dicamptodontidae  0.2739381 0.3109547 0.2752772 0.2884036 0.2884937 0.2894020 0.3028253 0.3001984 0.2980982 0.2996522 0.2944478 0.2901047 0.2824378 0.2747446 0.2914854 0.3110604 0.3265487 0.3307792 0.4607800 0.4644305 0.4645679 0.4738386 0.4741238 0.4932686 0.4870201 0.4939840 0.5113356 0.4672210 0.4235439 0.4855530 0.6684060 0.5664138 0.7351164 0.7356913 0.7967227 0.8841177 0.6925282 0.6644133 0.0000000 0.3180157 0.2660043 0.2568348 0.2565683 0.2190113 0.2806355 0.2325955 0.1998487 0.5835943 0.5828048 0.5936297 1.3390496 
Alytidae          0.5042844 0.5411497 0.5139450 0.5137856 0.5153671 0.5210388 0.5490774 0.5473026 0.5357567 0.5391056 0.5285864 0.5222936 0.5050839 0.5088848 0.5160033 0.5208269 0.5507384 0.5507199 0.6440441 0.6614509 0.6747685 0.6681425 0.6776535 0.7223737 0.6851019 0.7054718 0.7059894 0.6551951 0.6402263 0.6817989 0.8583330 0.7248900 1.0149991 0.9825935 0.9697749 1.0597008 0.9027433 0.9001728 0.3180157 0.0000000 0.4431332 0.4289130 0.4047867 0.3928986 0.4723266 0.4162822 0.4045013 0.7885770 0.7552846 0.7689331 1.6154470 
Heleophrynidae    0.4065939 0.4409088 0.4087780 0.4143137 0.4123752 0.4255837 0.4390507 0.4386485 0.4324134 0.4121375 0.4169271 0.4056142 0.3979978 0.4051940 0.4210510 0.4412155 0.4565668 0.4544530 0.5620165 0.5739550 0.5706895 0.5864403 0.5709630 0.6295181 0.5903232 0.6034073 0.6173873 0.5785157 0.5342170 0.5994195 0.7967254 0.6958285 0.8813304 0.8990525 0.9299255 1.0877747 0.8297904 0.8383136 0.2660043 0.4431332 0.0000000 0.2656045 0.2698684 0.2149924 0.2930539 0.2458221 0.3144674 0.7384962 0.6624667 0.6606837 1.4891240 
Leptodactylidae   0.4145637 0.4391012 0.4214552 0.4179810 0.4321988 0.4227940 0.4425095 0.4371976 0.4442908 0.4329125 0.4343640 0.4282473 0.4182724 0.4186967 0.4349865 0.4406217 0.4583625 0.4692756 0.5728689 0.5756390 0.5882454 0.6021335 0.5995477 0.6134492 0.6057111 0.6253192 0.6321353 0.5746187 0.5556581 0.5986132 0.8022121 0.6647453 0.8257758 0.8865403 0.8946687 1.1160618 0.8222723 0.8381621 0.2568348 0.4289130 0.2656045 0.0000000 0.0955864 0.1947600 0.2612110 0.2263039 0.3337032 0.7750238 0.7227089 0.7473005 1.6044712 
Strabomantidae    0.4085649 0.4380629 0.4189746 0.4202927 0.4219011 0.4202639 0.4414708 0.4383681 0.4333936 0.4331897 0.4261207 0.4235977 0.4122833 0.4140211 0.4262486 0.4459208 0.4676172 0.4711422 0.5832521 0.5821968 0.5976127 0.6119233 0.6087707 0.6331476 0.6228307 0.6356801 0.6441034 0.5864159 0.5560253 0.6036860 0.7995650 0.6874569 0.8608102 0.9242794 0.9174204 1.1225625 0.8507587 0.8506479 0.2565683 0.4047867 0.2698684 0.0955864 0.0000000 0.1929183 0.2666952 0.2183604 0.3260619 0.7433201 0.7136383 0.7220104 1.5058233 
Micrixalidae      0.3615003 0.3968802 0.3663922 0.3746880 0.3714027 0.3747498 0.3988111 0.4005127 0.4050942 0.3874936 0.3841944 0.3781935 0.3695000 0.3700211 0.3840571 0.4004447 0.4051450 0.4044028 0.5247194 0.5236194 0.5192834 0.5395107 0.5309136 0.5666747 0.5456555 0.5544376 0.5780398 0.5339523 0.4930021 0.5601006 0.7336183 0.6166883 0.8138635 0.8126312 0.8759689 1.0197337 0.7729500 0.7658162 0.2190113 0.3928986 0.2149924 0.1947600 0.1929183 0.0000000 0.1613603 0.1208170 0.2851150 0.6662380 0.6402553 0.6491227 1.4511132 
Hemisotidae       0.4413438 0.4665813 0.4470457 0.4495307 0.4557459 0.4565984 0.4786909 0.4764390 0.4778860 0.4454049 0.4527698 0.4440221 0.4429553 0.4433330 0.4584366 0.5003773 0.4939032 0.5092807 0.5880751 0.5796388 0.6037980 0.6056933 0.5949231 0.6316078 0.6147272 0.6204989 0.6449906 0.5911978 0.5661222 0.6524061 0.8169373 0.6916056 0.8690697 0.8871005 0.9382038 1.0469297 0.8259969 0.8398581 0.2806355 0.4723266 0.2930539 0.2612110 0.2666952 0.1613603 0.0000000 0.1849471 0.3627517 0.8205022 0.7208453 0.7242759 1.6171439 
Asterophryidae    0.3905116 0.4247128 0.3973862 0.4028002 0.3961071 0.4043934 0.4224185 0.4215144 0.4241374 0.4090165 0.4034758 0.4004944 0.3907624 0.3912435 0.4017354 0.4208011 0.4383415 0.4478850 0.5738956 0.5530491 0.5836767 0.5849001 0.5657255 0.6093683 0.6011967 0.6049919 0.6179842 0.5742039 0.5233946 0.6007290 0.7524484 0.6538809 0.8517201 0.8341536 0.8956978 1.0176417 0.8197176 0.8236886 0.2325955 0.4162822 0.2458221 0.2263039 0.2183604 0.1208170 0.1849471 0.0000000 0.3112796 0.7796649 0.6798568 0.7083563 1.4760714 
Caeciliidae2      0.3257536 0.3689572 0.3315833 0.3310522 0.3341108 0.3382006 0.3468210 0.3519729 0.3553185 0.3390504 0.3442764 0.3380178 0.3235924 0.3212611 0.3419449 0.3695989 0.3756758 0.3879725 0.5015298 0.4932796 0.5037423 0.5043581 0.5026011 0.5483962 0.5079192 0.5133407 0.5333667 0.4923463 0.4455024 0.4842321 0.6614480 0.5805078 0.8100110 0.8171179 0.8397664 0.9526789 0.7347734 0.6919488 0.1998487 0.4045013 0.3144674 0.3337032 0.3260619 0.2851150 0.3627517 0.3112796 0.0000000 0.6304608 0.6278950 0.6211374 1.3772216 
Polypteriformes   0.6046703 0.6234902 0.6074823 0.6098397 0.6081079 0.6133301 0.6496711 0.6402346 0.6421517 0.6160380 0.6123304 0.6135103 0.6011472 0.5996090 0.6264677 0.6473032 0.6829783 0.6520169 0.8141613 0.8417514 0.8107260 0.8409409 0.8197097 0.8652794 0.8423748 0.8504409 0.8674525 0.8294152 0.7941375 0.8049738 0.9645684 0.9431319 1.1386005 1.0882566 1.1509715 1.3039409 1.0674394 0.9771384 0.5835943 0.7885770 0.7384962 0.7750238 0.7433201 0.6662380 0.8205022 0.7796649 0.6304608 0.0000000 0.6893743 0.6985313 1.5075873 
Channichthyidae   0.5812052 0.6058670 0.5919578 0.6053614 0.5951704 0.5917427 0.6108591 0.6183958 0.6089728 0.5797471 0.5891821 0.5864886 0.5802329 0.5774861 0.6023519 0.5988351 0.6182042 0.6394153 0.7336891 0.6980486 0.7232859 0.7274694 0.7480445 0.7815792 0.7385705 0.7352059 0.7441670 0.7156517 0.6909296 0.7014112 0.8979476 0.7814686 1.0127559 1.0394399 1.0591799 1.2246230 0.9493237 0.8975151 0.5828048 0.7552846 0.6624667 0.7227089 0.7136383 0.6402553 0.7208453 0.6798568 0.6278950 0.6893743 0.0000000 0.0331286 1.4286102 
Pseudaphritidae   0.5789017 0.6035532 0.5896635 0.6030497 0.5928438 0.5894298 0.6014279 0.6160704 0.6024039 0.5732998 0.5826919 0.5800334 0.5738233 0.5751884 0.6013821 0.5964935 0.6101683 0.6370993 0.7357862 0.7016553 0.7329104 0.7386762 0.7689777 0.7932785 0.7502333 0.7327751 0.7370069 0.7238503 0.6989928 0.7170470 0.8995663 0.8024273 1.0218201 1.0526523 1.0795351 1.2414412 0.9345524 0.8946392 0.5936297 0.7689331 0.6606837 0.7473005 0.7220104 0.6491227 0.7242759 0.7083563 0.6211374 0.6985313 0.0331286 0.0000000 1.4369475 
Carcharhinidae    1.2796122 1.3345608 1.3031920 1.3142121 1.2827905 1.3019818 1.2903143 1.3115243 1.3185532 1.3109902 1.3108469 1.3177103 1.2845741 1.2746497 1.2774663 1.3907091 1.3199705 1.3423557 1.5303725 1.5246558 1.5169715 1.5778904 1.5343017 1.5943880 1.6007441 1.6033633 1.5690161 1.5160220 1.5405231 1.4321509 1.7151054 1.6705987 1.9537145 1.8206577 1.8757032 2.0456552 1.7426751 1.7884167 1.3390496 1.6154470 1.4891240 1.6044712 1.5058233 1.4511132 1.6171439 1.4760714 1.3772216 1.5075873 1.4286102 1.4369475 0.0000000 
