51
Pitheciidae       0.0000000 0.2649570 0.3405865 0.3423070 0.2539230 0.2786338 0.2810219 0.2550764 0.2624783 0.2419767 0.2407797 0.2545040 0.2585608 0.2520244 0.3503826 0.5307115 0.5372087 0.5496145 0.8838368 0.9338292 0.9548367 0.9353666 1.0001525 0.9944004 0.9574733 0.9437916 0.9303437 0.9301098 0.8947753 0.9580567 0.9586806 0.8427094 0.9219661 0.9141938 0.9813964 0.9570741 1.0445979 1.1184588 0.8897749 1.2736941 0.9415201 0.9781379 0.9832962 1.0086454 1.0764759 0.9512274 1.0764683 1.3737786 1.0713217 1.1359941 2.0788118 
Scandentia        0.2649570 0.0000000 0.2679346 0.2631485 0.2026708 0.2091473 0.2235487 0.1776461 0.2068312 0.1735674 0.1702562 0.1999782 0.1709980 0.1622451 0.2425961 0.5302527 0.5030958 0.5429491 0.7855760 0.8261318 0.8122332 0.8355316 0.8655580 0.8606122 0.8273119 0.8199425 0.8036699 0.7866461 0.8578674 0.9085540 0.8454884 0.7450863 0.7796485 0.7831762 0.8291840 0.8178080 0.8678123 0.9974434 0.8745339 1.2582654 0.9064542 0.9311638 0.9542259 0.9178840 0.9276171 0.8959471 1.0570250 1.2312024 0.9151618 0.9762433 1.8333890 
Erethizontidae    0.3405865 0.2679346 0.0000000 0.1174874 0.2137515 0.2504122 0.2666340 0.2263559 0.2673314 0.2402313 0.2432883 0.2684167 0.2381750 0.2345882 0.2972770 0.5875628 0.5479709 0.5404360 0.8747577 0.8667368 0.9429194 0.9053937 0.9418717 0.9230222 0.9066629 0.8718412 0.8279494 0.8642451 0.8713197 0.9236444 0.8727583 0.7768960 0.8091864 0.8522728 0.8516763 0.8907474 1.1005982 1.0786299 0.8130234 1.3702503 0.9638911 1.0221248 1.0516530 1.0017585 1.0389661 0.9802825 1.0596913 1.3145813 1.0598427 1.1157376 1.9592411 
Capromyidae       0.3423070 0.2631485 0.1174874 0.0000000 0.1990954 0.2282447 0.2528344 0.2004290 0.2321776 0.2240157 0.2197081 0.2276880 0.2205087 0.2136207 0.2547072 0.5605253 0.5195152 0.5178781 0.8954800 0.8737362 0.9359979 0.8897798 0.9535915 0.9064190 0.9105624 0.8985578 0.8488884 0.8888502 0.8997169 0.9270732 0.9000134 0.7929200 0.8158373 0.8456046 0.8677536 0.8631158 1.0120730 1.0384694 0.8363052 1.3043221 0.8950355 1.0046966 1.0160748 0.9752418 1.0285867 0.9604724 1.0304210 1.2762352 1.0752668 1.1066064 1.9034870 
Muridae           0.2539230 0.2026708 0.2137515 0.1990954 0.0000000 0.1739744 0.2095639 0.1644703 0.2050037 0.1720872 0.1616002 0.1761599 0.1584307 0.1627252 0.2409105 0.5099055 0.4670079 0.4962079 0.7820433 0.8122812 0.8403005 0.8212675 0.8763792 0.8280848 0.8382848 0.8517179 0.8175155 0.8351614 0.8095659 0.8894032 0.7892261 0.6996218 0.7409458 0.7560315 0.8179326 0.7896995 0.9001842 0.9663765 0.8584054 1.2895086 0.8391886 0.9135873 0.9400456 0.9097038 0.9583100 0.8842742 1.0105136 1.3059965 1.0327268 1.0767376 1.9357855 
Castoridae        0.2786338 0.2091473 0.2504122 0.2282447 0.1739744 0.0000000 0.2063471 0.1732159 0.2022833 0.1721093 0.1779770 0.1831670 0.1688584 0.1556244 0.2534336 0.4962525 0.4754961 0.4684448 0.7698228 0.8163280 0.8460437 0.8327643 0.8625097 0.8407564 0.8392690 0.8560531 0.8183750 0.8121445 0.8030224 0.8938549 0.8478999 0.7529415 0.8209504 0.7844385 0.8916062 0.8124339 0.9259890 1.0123938 0.8364165 1.2685505 0.8790397 0.9233292 0.9339725 0.9404350 0.9473172 0.8981469 0.9376890 1.2472988 1.0187906 1.0561604 1.9043595 
Suidae            0.2810219 0.2235487 0.2666340 0.2528344 0.2095639 0.2063471 0.0000000 0.1270368 0.1416881 0.1731803 0.1580879 0.1837920 0.1753438 0.1666910 0.2522158 0.5137156 0.4670823 0.5060248 0.8391529 0.8483203 0.9053522 0.8624521 0.9039516 0.9063725 0.8694570 0.8985647 0.8734997 0.8419745 0.8361824 0.8653365 0.8644522 0.7605590 0.7921228 0.7519816 0.8528884 0.8087643 0.9610530 0.9791366 0.7775774 1.2375248 0.8844175 0.9056343 0.9183295 0.9297780 0.9642126 0.9116526 1.0229329 1.3548153 0.9906892 1.0551932 1.8604876 
Hippopotamidae    0.2550764 0.1776461 0.2263559 0.2004290 0.1644703 0.1732159 0.1270368 0.0000000 0.0871700 0.1243851 0.1301127 0.1525510 0.1270341 0.1188137 0.2058603 0.4846355 0.4575713 0.4956213 0.7445281 0.7996475 0.8181590 0.7659258 0.8310247 0.8120321 0.8009073 0.7976454 0.7756142 0.7615877 0.7719860 0.8357209 0.8273277 0.6942831 0.7894231 0.7793161 0.8515236 0.7826838 0.9154552 0.9337570 0.7681182 1.1817277 0.8284253 0.8594336 0.8870068 0.8885875 0.9097835 0.8440684 1.0035038 1.2774894 0.9218226 0.9617299 1.8539695 
Hyperoodontidae   0.2624783 0.2068312 0.2673314 0.2321776 0.2050037 0.2022833 0.1416881 0.0871700 0.0000000 0.1455554 0.1609223 0.1587659 0.1553270 0.1467929 0.2403630 0.5157793 0.4910928 0.5198696 0.8182906 0.8405971 0.9019760 0.8233739 0.8922244 0.8892365 0.8769579 0.8735981 0.8385805 0.8421774 0.8293858 0.8396220 0.8522300 0.7411461 0.8271830 0.8015865 0.8561011 0.8116517 0.9334230 0.8970062 0.8153163 1.2811281 0.8972837 0.9259230 0.9138100 0.9587410 0.9672327 0.9180801 1.0516906 1.2811984 0.9746833 1.0284966 1.8180632 
Vespertilionidae  0.2419767 0.1735674 0.2402313 0.2240157 0.1720872 0.1721093 0.1731803 0.1243851 0.1455554 0.0000000 0.0911343 0.1218411 0.1211065 0.1213356 0.2240002 0.4630355 0.4370476 0.4741378 0.7996965 0.8326570 0.8700728 0.8420467 0.8787686 0.8528616 0.8491911 0.8446341 0.8280952 0.8257036 0.8206879 0.8708085 0.9016105 0.7388932 0.7994570 0.8172356 0.8601789 0.8378889 0.9142483 0.9572677 0.8262662 1.2914555 0.9174553 0.9283749 0.9521403 0.9463548 0.9637218 0.9162085 1.0005955 1.2534709 0.9627774 1.0155159 1.8820057 
Furipteridae      0.2407797 0.1702562 0.2432883 0.2197081 0.1616002 0.1779770 0.1580879 0.1301127 0.1609223 0.0911343 0.0000000 0.1340204 0.1226788 0.1293314 0.2173868 0.4977633 0.4137717 0.4844077 0.7481565 0.7768135 0.8120426 0.7963449 0.8393668 0.7953248 0.7878636 0.8013687 0.7823913 0.7720871 0.7920304 0.8388394 0.8300708 0.6780567 0.7661133 0.7418749 0.8297284 0.8254214 0.8488846 0.9224056 0.8142858 1.2332306 0.8606198 0.9011423 0.9240424 0.9105097 0.9652579 0.8671444 1.0253006 1.2803617 0.9204885 0.9840398 1.8595968 
Rhinolophidae     0.2545040 0.1999782 0.2684167 0.2276880 0.1761599 0.1831670 0.1837920 0.1525510 0.1587659 0.1218411 0.1340204 0.0000000 0.1426345 0.1405293 0.2333929 0.5098399 0.4293772 0.4958938 0.7358955 0.7881975 0.8164534 0.8142286 0.8606094 0.8074078 0.7923259 0.7988683 0.7666119 0.7869259 0.7465922 0.8096549 0.8034218 0.7160073 0.7832568 0.7794085 0.8423792 0.7875170 0.8665762 0.9728895 0.7970371 1.2706572 0.8857783 0.9351387 0.9401313 0.9466951 0.9697430 0.8948914 1.0084783 1.2558247 0.9876185 1.0324085 1.7841594 
Viverridae        0.2585608 0.1709980 0.2381750 0.2205087 0.1584307 0.1688584 0.1753438 0.1270341 0.1553270 0.1211065 0.1226788 0.1426345 0.0000000 0.0899496 0.2209727 0.4547883 0.4244565 0.4656978 0.7398228 0.7842572 0.7945874 0.7601284 0.8206370 0.7750420 0.7749208 0.7740748 0.7531278 0.7561134 0.7629120 0.8505333 0.8038349 0.7174709 0.7742443 0.7698513 0.8111021 0.8327095 0.9070064 0.9834528 0.8164886 1.2536483 0.8813865 0.9094589 0.9353228 0.9118203 0.9482303 0.8637910 0.9713807 1.2283391 0.9016495 0.9735819 1.8469388 
Procyonidae       0.2520244 0.1622451 0.2345882 0.2136207 0.1627252 0.1556244 0.1666910 0.1188137 0.1467929 0.1213356 0.1293314 0.1405293 0.0899496 0.0000000 0.2140685 0.4645473 0.4388251 0.4727343 0.7621983 0.7918779 0.8236187 0.7870813 0.8395043 0.8181635 0.7925967 0.8380149 0.8148802 0.7767177 0.8028188 0.8368145 0.8086747 0.7085303 0.7767406 0.7470308 0.8208095 0.7673827 0.8863472 0.9088376 0.7993103 1.2592152 0.8626125 0.8838293 0.8945913 0.9150497 0.9071151 0.8909166 0.9901128 1.2423106 0.9058714 0.9559304 1.8094646 
Myrmecophagidae   0.3503826 0.2425961 0.2972770 0.2547072 0.2409105 0.2534336 0.2522158 0.2058603 0.2403630 0.2240002 0.2173868 0.2333929 0.2209727 0.2140685 0.0000000 0.4985515 0.4573548 0.4910922 0.8073095 0.8475469 0.8843130 0.8623764 0.9228067 0.8926800 0.8767717 0.8794988 0.8443339 0.7917685 0.8195423 0.8617886 0.9001463 0.7637804 0.7596762 0.8204672 0.8535623 0.8657891 0.9006048 0.9813097 0.8760049 1.3306087 0.9357513 0.9758332 1.0067278 0.9142611 0.9818198 0.9081976 1.0415499 1.3634985 0.9868565 1.0255883 1.8784765 
Caluromyidae      0.5307115 0.5302527 0.5875628 0.5605253 0.5099055 0.4962525 0.5137156 0.4846355 0.5157793 0.4630355 0.4977633 0.5098399 0.4547883 0.4645473 0.4985515 0.0000000 0.2445633 0.3068568 0.9149672 0.9262047 0.9370802 0.9415263 0.9737181 0.9838664 0.9302602 0.9529149 0.9514455 0.9237323 0.8652318 0.8676013 0.9325398 0.8497960 0.8764338 0.9172536 0.8896189 0.8691713 0.9819011 0.9683311 0.8878348 1.2122928 0.9302737 0.9626515 0.9805790 0.9621330 0.9536045 0.8794557 1.0074479 1.3365896 1.1190836 1.1780126 1.9869458 
Thylacomyidae     0.5372087 0.5030958 0.5479709 0.5195152 0.4670079 0.4754961 0.4670823 0.4575713 0.4910928 0.4370476 0.4137717 0.4293772 0.4244565 0.4388251 0.4573548 0.2445633 0.0000000 0.2649510 0.9191382 0.9133033 0.9238307 0.9179643 0.9557043 0.9538693 0.9196351 0.9742954 0.9411606 0.8511464 0.8688944 0.8510976 0.9227510 0.7928526 0.8001705 0.7950497 0.7980385 0.7770569 0.8948347 0.9299286 0.8640169 1.1765708 0.9312300 0.9106139 0.9711116 0.9491914 0.9777096 0.8813164 0.9260390 1.2573107 1.0611926 1.1086355 1.9496950 
Phalangeridae     0.5496145 0.5429491 0.5404360 0.5178781 0.4962079 0.4684448 0.5060248 0.4956213 0.5198696 0.4741378 0.4844077 0.4958938 0.4656978 0.4727343 0.4910922 0.3068568 0.2649510 0.0000000 0.8946850 0.8952673 0.9367938 0.9208166 0.9724549 0.9315886 0.9409863 0.9424309 0.9240368 0.8718957 0.8510734 0.8564765 0.8930608 0.8017219 0.8219321 0.8859409 0.8964006 0.7786953 0.9266958 1.0088013 0.9639462 1.2228493 0.9389377 0.9730487 1.0207114 1.0303475 1.0071708 0.9899206 0.9335767 1.3333724 0.9926917 1.0176079 1.9236233 
Tityridae         0.8838368 0.7855760 0.8747577 0.8954800 0.7820433 0.7698228 0.8391529 0.7445281 0.8182906 0.7996965 0.7481565 0.7358955 0.7398228 0.7621983 0.8073095 0.9149672 0.9191382 0.8946850 0.0000000 0.1262294 0.1522868 0.1407984 0.1669848 0.1572346 0.1553887 0.1486117 0.1594083 0.1632909 0.1531589 0.4884143 0.4920825 0.3887128 0.6643521 0.6649442 0.6497359 0.6783519 0.7156900 0.8073585 0.8691833 1.3777102 0.8303432 0.7579117 0.7678886 0.8009038 0.9017477 0.8684358 0.9491503 1.2750717 0.9720529 0.9947666 2.1199204 
Ptilonorhynchidae 0.9338292 0.8261318 0.8667368 0.8737362 0.8122812 0.8163280 0.8483203 0.7996475 0.8405971 0.8326570 0.7768135 0.7881975 0.7842572 0.7918779 0.8475469 0.9262047 0.9133033 0.8952673 0.1262294 0.0000000 0.1359286 0.1267928 0.1528499 0.1452798 0.1343506 0.1551109 0.1449736 0.1579385 0.1889780 0.4810293 0.5105144 0.4321416 0.6576402 0.6874289 0.6561765 0.6434610 0.7187491 0.8141892 0.8543921 1.4136458 0.8918966 0.8595038 0.8660909 0.8624123 0.9843401 0.9723980 0.9816111 1.2205096 1.0625929 1.0843843 2.0679263 
Callaeatidae      0.9548367 0.8122332 0.9429194 0.9359979 0.8403005 0.8460437 0.9053522 0.8181590 0.9019760 0.8700728 0.8120426 0.8164534 0.7945874 0.8236187 0.8843130 0.9370802 0.9238307 0.9367938 0.1522868 0.1359286 0.0000000 0.0963930 0.1229043 0.1133496 0.1156189 0.1179267 0.1174592 0.1246312 0.2094901 0.5719169 0.5267246 0.4471941 0.7106812 0.7253487 0.7429249 0.7563156 0.7965019 0.8420593 0.9789940 1.4639133 0.9337852 0.9106539 0.9062361 0.9077026 0.9824612 0.9587475 1.0009476 1.3063502 1.0487115 1.0503853 2.1534549 
Monarchidae       0.9353666 0.8355316 0.9053937 0.8897798 0.8212675 0.8327643 0.8624521 0.7659258 0.8233739 0.8420467 0.7963449 0.8142286 0.7601284 0.7870813 0.8623764 0.9415263 0.9179643 0.9208166 0.1407984 0.1267928 0.0963930 0.0000000 0.0810535 0.1136254 0.1031205 0.1181265 0.1111634 0.1097766 0.2053141 0.5562311 0.5360484 0.4462945 0.7165511 0.7668638 0.7317221 0.7645709 0.7849902 0.8504210 0.9122178 1.3917740 0.9064101 0.8694691 0.8831525 0.8909876 0.9957896 0.9325138 1.0162142 1.2613599 1.0432955 1.0617822 2.1253290 
Malaconotidae     1.0001525 0.8655580 0.9418717 0.9535915 0.8763792 0.8625097 0.9039516 0.8310247 0.8922244 0.8787686 0.8393668 0.8606094 0.8206370 0.8395043 0.9228067 0.9737181 0.9557043 0.9724549 0.1669848 0.1528499 0.1229043 0.0810535 0.0000000 0.1363433 0.1233762 0.1324404 0.1316503 0.1371591 0.2244217 0.5683363 0.5904177 0.4645894 0.7155757 0.7738016 0.7439974 0.7572617 0.8161152 0.8712816 0.9350664 1.4210960 0.9349407 0.8779354 0.8959121 0.9086465 0.9843026 0.9628620 1.0101916 1.3053239 1.0777235 1.1001663 2.1443784 
Certhiidae        0.9944004 0.8606122 0.9230222 0.9064190 0.8280848 0.8407564 0.9063725 0.8120321 0.8892365 0.8528616 0.7953248 0.8074078 0.7750420 0.8181635 0.8926800 0.9838664 0.9538693 0.9315886 0.1572346 0.1452798 0.1133496 0.1136254 0.1363433 0.0000000 0.0894867 0.1023092 0.1039301 0.1223124 0.2275469 0.5689170 0.5135805 0.4308658 0.7039323 0.7790368 0.7528760 0.7131124 0.7734071 0.8661821 0.9293037 1.4610647 0.9479696 0.9497906 0.9676569 0.9600469 1.0603271 1.0155670 1.0485526 1.2749371 1.0386559 1.0499816 2.0572749 
Cinclidae         0.9574733 0.8273119 0.9066629 0.9105624 0.8382848 0.8392690 0.8694570 0.8009073 0.8769579 0.8491911 0.7878636 0.7923259 0.7749208 0.7925967 0.8767717 0.9302602 0.9196351 0.9409863 0.1553887 0.1343506 0.1156189 0.1031205 0.1233762 0.0894867 0.0000000 0.1022845 0.0912999 0.1047074 0.2257577 0.5444284 0.5459946 0.4399339 0.6819725 0.7277262 0.7069325 0.6931401 0.7760411 0.8577340 0.8720236 1.4319283 0.9040293 0.9133313 0.9311432 0.9390532 1.0250840 0.9884826 0.9913865 1.2962916 1.0197566 1.0431972 2.1864245 
Ploceidae         0.9437916 0.8199425 0.8718412 0.8985578 0.8517179 0.8560531 0.8985647 0.7976454 0.8735981 0.8446341 0.8013687 0.7988683 0.7740748 0.8380149 0.8794988 0.9529149 0.9742954 0.9424309 0.1486117 0.1551109 0.1179267 0.1181265 0.1324404 0.1023092 0.1022845 0.0000000 0.0601663 0.1290640 0.2031058 0.5645663 0.5744805 0.4586836 0.6995938 0.8090722 0.7583646 0.7550068 0.8185365 0.9157383 0.9175336 1.4451044 0.9308547 0.9239352 0.9479869 0.9216316 1.0441567 0.9760340 0.9851812 1.2845255 1.0400890 1.0553723 2.1663340 
Thraupidae        0.9303437 0.8036699 0.8279494 0.8488884 0.8175155 0.8183750 0.8734997 0.7756142 0.8385805 0.8280952 0.7823913 0.7666119 0.7531278 0.8148802 0.8443339 0.9514455 0.9411606 0.9240368 0.1594083 0.1449736 0.1174592 0.1111634 0.1316503 0.1039301 0.0912999 0.0601663 0.0000000 0.1131164 0.2196301 0.5553495 0.5570268 0.4513326 0.6996555 0.7640888 0.7321655 0.7317810 0.8128732 0.8933086 0.9392573 1.3972949 0.9257076 0.9344709 0.9503055 0.9326878 1.0478759 0.9966252 0.9980806 1.2795455 0.9957650 1.0066781 2.1260554 
Alaudidae         0.9301098 0.7866461 0.8642451 0.8888502 0.8351614 0.8121445 0.8419745 0.7615877 0.8421774 0.8257036 0.7720871 0.7869259 0.7561134 0.7767177 0.7917685 0.9237323 0.8511464 0.8718957 0.1632909 0.1579385 0.1246312 0.1097766 0.1371591 0.1223124 0.1047074 0.1290640 0.1131164 0.0000000 0.2310136 0.5521968 0.5834566 0.4644136 0.7023817 0.7837485 0.7611296 0.7373673 0.7542327 0.8684798 0.9139765 1.3448156 0.8826933 0.8461028 0.8869653 0.8873138 0.9917894 0.9314157 1.0004724 1.2989048 0.9929583 1.0207844 2.1406961 
Coraciiformes     0.8947753 0.8578674 0.8713197 0.8997169 0.8095659 0.8030224 0.8361824 0.7719860 0.8293858 0.8206879 0.7920304 0.7465922 0.7629120 0.8028188 0.8195423 0.8652318 0.8688944 0.8510734 0.1531589 0.1889780 0.2094901 0.2053141 0.2244217 0.2275469 0.2257577 0.2031058 0.2196301 0.2310136 0.0000000 0.4896219 0.5039154 0.4118701 0.6760541 0.7126660 0.6491591 0.6880288 0.7394550 0.8091252 0.8426497 1.4161947 0.9076653 0.8875312 0.9049466 0.8771679 1.0055432 0.9471299 0.9902510 1.3693539 1.0831760 1.0889182 2.2001389 
Crocodylidae      0.9580567 0.9085540 0.9236444 0.9270732 0.8894032 0.8938549 0.8653365 0.8357209 0.8396220 0.8708085 0.8388394 0.8096549 0.8505333 0.8368145 0.8617886 0.8676013 0.8510976 0.8564765 0.4884143 0.4810293 0.5719169 0.5562311 0.5683363 0.5689170 0.5444284 0.5645663 0.5553495 0.5521968 0.4896219 0.0000000 0.5394095 0.4978185 0.6517233 0.6705957 0.7081582 0.6739500 0.7502169 0.7737226 0.8201459 1.4831435 0.8871664 0.8468852 0.8650704 0.8417687 0.9745699 0.9175535 1.0932692 1.2493253 1.0589069 1.0533926 2.0999747 
Carettochelyidae  0.9586806 0.8454884 0.8727583 0.9000134 0.7892261 0.8478999 0.8644522 0.8273277 0.8522300 0.9016105 0.8300708 0.8034218 0.8038349 0.8086747 0.9001463 0.9325398 0.9227510 0.8930608 0.4920825 0.5105144 0.5267246 0.5360484 0.5904177 0.5135805 0.5459946 0.5744805 0.5570268 0.5834566 0.5039154 0.5394095 0.0000000 0.2814453 0.6702517 0.6183498 0.6651907 0.6733248 0.7637225 0.8588332 0.9323126 1.3064890 0.9893361 0.9529914 0.9772026 0.9399843 1.0163439 0.9918042 1.0008140 1.3210090 1.1491437 1.1649231 2.1353582 
Kinosternidae     0.8427094 0.7450863 0.7768960 0.7929200 0.6996218 0.7529415 0.7605590 0.6942831 0.7411461 0.7388932 0.6780567 0.7160073 0.7174709 0.7085303 0.7637804 0.8497960 0.7928526 0.8017219 0.3887128 0.4321416 0.4471941 0.4462945 0.4645894 0.4308658 0.4399339 0.4586836 0.4513326 0.4644136 0.4118701 0.4978185 0.2814453 0.0000000 0.5739955 0.5537115 0.6079513 0.6505144 0.7313513 0.7121271 0.7979107 1.2032005 0.8152019 0.7763667 0.8253942 0.8454259 0.9233975 0.8415389 0.9759865 1.2440990 0.9001007 0.9370209 2.0608243 
Anomalepididae    0.9219661 0.7796485 0.8091864 0.8158373 0.7409458 0.8209504 0.7921228 0.7894231 0.8271830 0.7994570 0.7661133 0.7832568 0.7742443 0.7767406 0.7596762 0.8764338 0.8001705 0.8219321 0.6643521 0.6576402 0.7106812 0.7165511 0.7155757 0.7039323 0.6819725 0.6995938 0.6996555 0.7023817 0.6760541 0.6517233 0.6702517 0.5739955 0.0000000 0.2993728 0.3290811 0.3716457 0.4670658 0.5888151 0.6725610 1.1183598 0.7864589 0.8366875 0.8597020 0.8321082 0.7872668 0.7762776 0.9663534 1.1699100 0.8578544 0.9300674 1.9013822 
Loxocemidae       0.9141938 0.7831762 0.8522728 0.8456046 0.7560315 0.7844385 0.7519816 0.7793161 0.8015865 0.8172356 0.7418749 0.7794085 0.7698513 0.7470308 0.8204672 0.9172536 0.7950497 0.8859409 0.6649442 0.6874289 0.7253487 0.7668638 0.7738016 0.7790368 0.7277262 0.8090722 0.7640888 0.7837485 0.7126660 0.6705957 0.6183498 0.5537115 0.2993728 0.0000000 0.2017641 0.3471501 0.4020745 0.5969350 0.7699582 1.2029632 0.9041495 0.8793740 0.8694064 0.9122716 0.8846018 0.8969546 1.0359945 1.2228575 1.0335616 1.0639705 2.0045283 
Natricidae        0.9813964 0.8291840 0.8516763 0.8677536 0.8179326 0.8916062 0.8528884 0.8515236 0.8561011 0.8601789 0.8297284 0.8423792 0.8111021 0.8208095 0.8535623 0.8896189 0.7980385 0.8964006 0.6497359 0.6561765 0.7429249 0.7317221 0.7439974 0.7528760 0.7069325 0.7583646 0.7321655 0.7611296 0.6491591 0.7081582 0.6651907 0.6079513 0.3290811 0.2017641 0.0000000 0.4009045 0.4525588 0.6348083 0.8603421 1.2318625 0.8896851 0.9223665 0.8730237 0.9051406 0.8970130 0.9117499 1.0812166 1.1428918 0.9986445 1.0533924 2.0647196 
Xenosauridae      0.9570741 0.8178080 0.8907474 0.8631158 0.7896995 0.8124339 0.8087643 0.7826838 0.8116517 0.8378889 0.8254214 0.7875170 0.8327095 0.7673827 0.8657891 0.8691713 0.7770569 0.7786953 0.6783519 0.6434610 0.7563156 0.7645709 0.7572617 0.7131124 0.6931401 0.7550068 0.7317810 0.7373673 0.6880288 0.6739500 0.6733248 0.6505144 0.3716457 0.3471501 0.4009045 0.0000000 0.4165453 0.6437434 0.8961195 1.2183453 0.8899586 0.8955505 0.9161007 0.9241050 0.9043973 0.9359190 1.0573563 1.2050265 1.0101247 0.9690090 2.0999982 
Teiidae           1.0445979 0.8678123 1.1005982 1.0120730 0.9001842 0.9259890 0.9610530 0.9154552 0.9334230 0.9142483 0.8488846 0.8665762 0.9070064 0.8863472 0.9006048 0.9819011 0.8948347 0.9266958 0.7156900 0.7187491 0.7965019 0.7849902 0.8161152 0.7734071 0.7760411 0.8185365 0.8128732 0.7542327 0.7394550 0.7502169 0.7637225 0.7313513 0.4670658 0.4020745 0.4525588 0.4165453 0.0000000 0.6818068 0.9467760 1.2484546 0.9088959 0.9056296 0.9393027 0.9156975 0.9126535 0.8622461 1.1735267 1.4370686 1.1170354 1.1481439 2.2151858 
Eublepharidae     1.1184588 0.9974434 1.0786299 1.0384694 0.9663765 1.0123938 0.9791366 0.9337570 0.8970062 0.9572677 0.9224056 0.9728895 0.9834528 0.9088376 0.9813097 0.9683311 0.9299286 1.0088013 0.8073585 0.8141892 0.8420593 0.8504210 0.8712816 0.8661821 0.8577340 0.9157383 0.8933086 0.8684798 0.8091252 0.7737226 0.8588332 0.7121271 0.5888151 0.5969350 0.6348083 0.6437434 0.6818068 0.0000000 0.9308002 1.3772182 0.9723392 0.9380563 0.9525915 0.9564827 1.0410502 0.9793213 1.1232757 1.4375958 1.1313750 1.1773174 2.1397829 
Dicamptodontidae  0.8897749 0.8745339 0.8130234 0.8363052 0.8584054 0.8364165 0.7775774 0.7681182 0.8153163 0.8262662 0.8142858 0.7970371 0.8164886 0.7993103 0.8760049 0.8878348 0.8640169 0.9639462 0.8691833 0.8543921 0.9789940 0.9122178 0.9350664 0.9293037 0.8720236 0.9175336 0.9392573 0.9139765 0.8426497 0.8201459 0.9323126 0.7979107 0.6725610 0.7699582 0.8603421 0.8961195 0.9467760 0.9308002 0.0000000 0.9407236 0.4837924 0.5433964 0.5908532 0.5135649 0.5059178 0.5071653 0.7303607 1.1310795 0.9573623 1.0149699 1.7723275 
Alytidae          1.2736941 1.2582654 1.3702503 1.3043221 1.2895086 1.2685505 1.2375248 1.1817277 1.2811281 1.2914555 1.2332306 1.2706572 1.2536483 1.2592152 1.3306087 1.2122928 1.1765708 1.2228493 1.3777102 1.4136458 1.4639133 1.3917740 1.4210960 1.4610647 1.4319283 1.4451044 1.3972949 1.3448156 1.4161947 1.4831435 1.3064890 1.2032005 1.1183598 1.2029632 1.2318625 1.2183453 1.2484546 1.3772182 0.9407236 0.0000000 0.8419272 0.8090457 0.8711568 0.8550900 0.8760428 0.8045993 1.1201291 1.5101206 1.4503757 1.4788748 2.2511138 
Heleophrynidae    0.9415201 0.9064542 0.9638911 0.8950355 0.8391886 0.8790397 0.8844175 0.8284253 0.8972837 0.9174553 0.8606198 0.8857783 0.8813865 0.8626125 0.9357513 0.9302737 0.9312300 0.9389377 0.8303432 0.8918966 0.9337852 0.9064101 0.9349407 0.9479696 0.9040293 0.9308547 0.9257076 0.8826933 0.9076653 0.8871664 0.9893361 0.8152019 0.7864589 0.9041495 0.8896851 0.8899586 0.9088959 0.9723392 0.4837924 0.8419272 0.0000000 0.2331892 0.2373501 0.2194885 0.2551824 0.2072020 0.7389375 1.1662079 0.9391036 0.9712504 1.8620793 
Leptodactylidae   0.9781379 0.9311638 1.0221248 1.0046966 0.9135873 0.9233292 0.9056343 0.8594336 0.9259230 0.9283749 0.9011423 0.9351387 0.9094589 0.8838293 0.9758332 0.9626515 0.9106139 0.9730487 0.7579117 0.8595038 0.9106539 0.8694691 0.8779354 0.9497906 0.9133313 0.9239352 0.9344709 0.8461028 0.8875312 0.8468852 0.9529914 0.7763667 0.8366875 0.8793740 0.9223665 0.8955505 0.9056296 0.9380563 0.5433964 0.8090457 0.2331892 0.0000000 0.0983898 0.2407165 0.2533626 0.2289079 0.7843786 1.1561099 0.9166316 0.9762150 1.7749219 
Strabomantidae    0.9832962 0.9542259 1.0516530 1.0160748 0.9400456 0.9339725 0.9183295 0.8870068 0.9138100 0.9521403 0.9240424 0.9401313 0.9353228 0.8945913 1.0067278 0.9805790 0.9711116 1.0207114 0.7678886 0.8660909 0.9062361 0.8831525 0.8959121 0.9676569 0.9311432 0.9479869 0.9503055 0.8869653 0.9049466 0.8650704 0.9772026 0.8253942 0.8597020 0.8694064 0.8730237 0.9161007 0.9393027 0.9525915 0.5908532 0.8711568 0.2373501 0.0983898 0.0000000 0.2781762 0.2994536 0.2484634 0.7666531 1.1800089 0.9539404 1.0051184 1.7875233 
Micrixalidae      1.0086454 0.9178840 1.0017585 0.9752418 0.9097038 0.9404350 0.9297780 0.8885875 0.9587410 0.9463548 0.9105097 0.9466951 0.9118203 0.9150497 0.9142611 0.9621330 0.9491914 1.0303475 0.8009038 0.8624123 0.9077026 0.8909876 0.9086465 0.9600469 0.9390532 0.9216316 0.9326878 0.8873138 0.8771679 0.8417687 0.9399843 0.8454259 0.8321082 0.9122716 0.9051406 0.9241050 0.9156975 0.9564827 0.5135649 0.8550900 0.2194885 0.2407165 0.2781762 0.0000000 0.2242065 0.1906341 0.8263437 1.2006853 0.9038347 0.9717676 1.8822538 
Hemisotidae       1.0764759 0.9276171 1.0389661 1.0285867 0.9583100 0.9473172 0.9642126 0.9097835 0.9672327 0.9637218 0.9652579 0.9697430 0.9482303 0.9071151 0.9818198 0.9536045 0.9777096 1.0071708 0.9017477 0.9843401 0.9824612 0.9957896 0.9843026 1.0603271 1.0250840 1.0441567 1.0478759 0.9917894 1.0055432 0.9745699 1.0163439 0.9233975 0.7872668 0.8846018 0.8970130 0.9043973 0.9126535 1.0410502 0.5059178 0.8760428 0.2551824 0.2533626 0.2994536 0.2242065 0.0000000 0.1842150 0.8553666 1.1929930 1.0201055 1.0548746 1.9544638 
Asterophryidae    0.9512274 0.8959471 0.9802825 0.9604724 0.8842742 0.8981469 0.9116526 0.8440684 0.9180801 0.9162085 0.8671444 0.8948914 0.8637910 0.8909166 0.9081976 0.8794557 0.8813164 0.9899206 0.8684358 0.9723980 0.9587475 0.9325138 0.9628620 1.0155670 0.9884826 0.9760340 0.9966252 0.9314157 0.9471299 0.9175535 0.9918042 0.8415389 0.7762776 0.8969546 0.9117499 0.9359190 0.8622461 0.9793213 0.5071653 0.8045993 0.2072020 0.2289079 0.2484634 0.1906341 0.1842150 0.0000000 0.7519207 1.1468618 0.8896803 0.9451267 1.8166562 
Caeciliidae2      1.0764683 1.0570250 1.0596913 1.0304210 1.0105136 0.9376890 1.0229329 1.0035038 1.0516906 1.0005955 1.0253006 1.0084783 0.9713807 0.9901128 1.0415499 1.0074479 0.9260390 0.9335767 0.9491503 0.9816111 1.0009476 1.0162142 1.0101916 1.0485526 0.9913865 0.9851812 0.9980806 1.0004724 0.9902510 1.0932692 1.0008140 0.9759865 0.9663534 1.0359945 1.0812166 1.0573563 1.1735267 1.1232757 0.7303607 1.1201291 0.7389375 0.7843786 0.7666531 0.8263437 0.8553666 0.7519207 0.0000000 1.3020431 1.1137397 1.1096519 2.2025068 
Polypteriformes   1.3737786 1.2312024 1.3145813 1.2762352 1.3059965 1.2472988 1.3548153 1.2774894 1.2811984 1.2534709 1.2803617 1.2558247 1.2283391 1.2423106 1.3634985 1.3365896 1.2573107 1.3333724 1.2750717 1.2205096 1.3063502 1.2613599 1.3053239 1.2749371 1.2962916 1.2845255 1.2795455 1.2989048 1.3693539 1.2493253 1.3210090 1.2440990 1.1699100 1.2228575 1.1428918 1.2050265 1.4370686 1.4375958 1.1310795 1.5101206 1.1662079 1.1561099 1.1800089 1.2006853 1.1929930 1.1468618 1.3020431 0.0000000 0.9174813 0.9356792 1.9494115 
Channichthyidae   1.0713217 0.9151618 1.0598427 1.0752668 1.0327268 1.0187906 0.9906892 0.9218226 0.9746833 0.9627774 0.9204885 0.9876185 0.9016495 0.9058714 0.9868565 1.1190836 1.0611926 0.9926917 0.9720529 1.0625929 1.0487115 1.0432955 1.0777235 1.0386559 1.0197566 1.0400890 0.9957650 0.9929583 1.0831760 1.0589069 1.1491437 0.9001007 0.8578544 1.0335616 0.9986445 1.0101247 1.1170354 1.1313750 0.9573623 1.4503757 0.9391036 0.9166316 0.9539404 0.9038347 1.0201055 0.8896803 1.1137397 0.9174813 0.0000000 0.0558917 1.7321084 
Pseudaphritidae   1.1359941 0.9762433 1.1157376 1.1066064 1.0767376 1.0561604 1.0551932 0.9617299 1.0284966 1.0155159 0.9840398 1.0324085 0.9735819 0.9559304 1.0255883 1.1780126 1.1086355 1.0176079 0.9947666 1.0843843 1.0503853 1.0617822 1.1001663 1.0499816 1.0431972 1.0553723 1.0066781 1.0207844 1.0889182 1.0533926 1.1649231 0.9370209 0.9300674 1.0639705 1.0533924 0.9690090 1.1481439 1.1773174 1.0149699 1.4788748 0.9712504 0.9762150 1.0051184 0.9717676 1.0548746 0.9451267 1.1096519 0.9356792 0.0558917 0.0000000 1.7787677 
Carcharhinidae    2.0788118 1.8333890 1.9592411 1.9034870 1.9357855 1.9043595 1.8604876 1.8539695 1.8180632 1.8820057 1.8595968 1.7841594 1.8469388 1.8094646 1.8784765 1.9869458 1.9496950 1.9236233 2.1199204 2.0679263 2.1534549 2.1253290 2.1443784 2.0572749 2.1864245 2.1663340 2.1260554 2.1406961 2.2001389 2.0999747 2.1353582 2.0608243 1.9013822 2.0045283 2.0647196 2.0999982 2.2151858 2.1397829 1.7723275 2.2511138 1.8620793 1.7749219 1.7875233 1.8822538 1.9544638 1.8166562 2.2025068 1.9494115 1.7321084 1.7787677 0.0000000 
