51
Pitheciidae       0.0000000 0.0297630 0.0326567 0.0369743 0.0431434 0.0355202 0.0342316 0.0356194 0.0356228 0.0385107 0.0458737 0.0504000 0.0326372 0.0370997 0.0429227 0.1022263 0.0961867 0.0961507 0.7031354 0.7679056 0.7299958 0.7275065 0.7316439 0.7108228 0.8158232 0.7360515 0.7169603 0.7031681 0.8448343 0.5241529 0.7171177 0.7229911 0.6728781 0.5864792 0.6077720 0.6187812 0.6060023 0.7217533 0.9294289 0.5592225 0.5688687 0.6917507 0.6727478 0.6433479 0.5301397 0.5943493 0.8130053 1.0548599 1.0003375 1.0055527 1.0318441 
Scandentia        0.0297630 0.0000000 0.0430168 0.0473934 0.0537447 0.0459153 0.0446553 0.0460463 0.0460509 0.0489775 0.0564688 0.0610886 0.0429907 0.0475562 0.0519682 0.1123078 0.1126945 0.1094039 0.7178770 0.7939933 0.7598529 0.7634593 0.7645114 0.7370206 0.8440806 0.7625538 0.7362973 0.7319078 0.8557972 0.5353483 0.7328333 0.7477313 0.7057363 0.6047654 0.6272701 0.6258358 0.6134138 0.7236767 0.9392567 0.5603009 0.5723219 0.7075737 0.6880500 0.6444456 0.5411694 0.6040197 0.8161619 1.0607223 1.0013852 1.0066801 1.0415884 
Erethizontidae    0.0326567 0.0430168 0.0000000 0.0182454 0.0536574 0.0399733 0.0476243 0.0490146 0.0490195 0.0519545 0.0594751 0.0641173 0.0459410 0.0505318 0.0564615 0.1172205 0.1124996 0.1108540 0.7310770 0.8184503 0.7735729 0.7664025 0.7639811 0.7503977 0.8485453 0.7692680 0.7458263 0.7389272 0.8674809 0.5350884 0.7335222 0.7642588 0.6814158 0.6002886 0.6390661 0.6345115 0.6221555 0.7404032 0.9256882 0.5611496 0.5823412 0.6937401 0.6780832 0.6457031 0.5486037 0.6029590 0.8308133 1.1101870 1.0144981 1.0200483 1.0350385 
Capromyidae       0.0369743 0.0473934 0.0182454 0.0000000 0.0581010 0.0472671 0.0520368 0.0489726 0.0534298 0.0563736 0.0609163 0.0685989 0.0503267 0.0549506 0.0609016 0.1236086 0.1188683 0.1156070 0.7430075 0.8313229 0.7932463 0.7855934 0.7732784 0.7628704 0.8768244 0.7786418 0.7550609 0.7548144 0.8809681 0.5289687 0.7323059 0.7690204 0.6989194 0.6137025 0.6468360 0.6485926 0.6387184 0.7227856 0.9401424 0.5689444 0.5930295 0.7123918 0.6799015 0.6594929 0.5532663 0.6134555 0.8293057 1.0864308 1.0098044 1.0198657 1.0272711 
Muridae           0.0431434 0.0537447 0.0536574 0.0581010 0.0000000 0.0535998 0.0584844 0.0598807 0.0598870 0.0628716 0.0705498 0.0737513 0.0537176 0.0553877 0.0674734 0.1279916 0.1215179 0.1162822 0.7331822 0.8182145 0.7761962 0.7657748 0.7840499 0.7421131 0.8519379 0.7749454 0.7517934 0.7504174 0.8625813 0.5454651 0.7208141 0.7692457 0.6754552 0.6081416 0.6262062 0.6439153 0.6245001 0.7589077 0.9768694 0.5760079 0.5724217 0.7113900 0.6981914 0.6501712 0.5536912 0.6054602 0.8225626 1.0855310 1.0114503 1.0283138 1.0306237 
Castoridae        0.0355202 0.0459153 0.0399733 0.0472671 0.0535998 0.0000000 0.0505447 0.0519326 0.0519379 0.0548776 0.0624181 0.0670768 0.0488441 0.0534553 0.0593967 0.1186931 0.1139726 0.1123261 0.7336566 0.8291041 0.7972882 0.7895289 0.7798882 0.7699666 0.8614469 0.7888663 0.7688461 0.7605791 0.8963346 0.5427524 0.7420668 0.7504087 0.6875903 0.6003185 0.6238329 0.6348307 0.6189592 0.7502055 0.9234895 0.5745209 0.5935457 0.6996607 0.6776431 0.6544903 0.5437809 0.6199252 0.8229026 1.0896266 1.0000238 1.0052875 1.0106259 
Suidae            0.0342316 0.0446553 0.0476243 0.0520368 0.0584844 0.0505447 0.0000000 0.0183669 0.0183686 0.0299137 0.0372240 0.0417049 0.0212211 0.0270469 0.0490890 0.1044323 0.1015641 0.1015257 0.6890252 0.7758158 0.7255081 0.7327193 0.7368957 0.7093807 0.8111769 0.7182669 0.7089707 0.6982132 0.8446297 0.5120247 0.7134072 0.7376102 0.6680442 0.5987257 0.6204747 0.6311976 0.6123519 0.7108194 0.9373668 0.5789510 0.5752882 0.6897845 0.6683744 0.6537522 0.5429290 0.6014104 0.8129523 1.0772371 1.0283972 1.0200232 1.0585860 
Hippopotamidae    0.0356194 0.0460463 0.0490146 0.0489726 0.0598807 0.0519326 0.0183669 0.0000000 0.0168695 0.0313052 0.0386146 0.0430968 0.0226117 0.0284407 0.0504782 0.1024214 0.0995642 0.0995268 0.6933633 0.7777356 0.7300009 0.7341111 0.7352128 0.7042339 0.8052596 0.7136334 0.7044008 0.7031405 0.8382857 0.5122588 0.7107743 0.7285943 0.6662148 0.5914115 0.6128660 0.6293776 0.6106683 0.7055738 0.9233461 0.5692190 0.5734027 0.6902000 0.6564487 0.6461067 0.5367800 0.5858856 0.7921604 1.0635645 1.0201461 1.0221113 1.0234386 
Hyperoodontidae   0.0356228 0.0460509 0.0490195 0.0534298 0.0598870 0.0519379 0.0183686 0.0168695 0.0000000 0.0313082 0.0386183 0.0431011 0.0226137 0.0284433 0.0504833 0.1058347 0.1029721 0.1029332 0.6896083 0.7803200 0.7329030 0.7369802 0.7478858 0.7202911 0.8198449 0.7291699 0.7131633 0.7124014 0.8486041 0.5163510 0.7034272 0.7372452 0.6595616 0.5880085 0.6094853 0.6209092 0.6068971 0.7178017 0.9367331 0.5737820 0.5807380 0.6992996 0.6776290 0.6479604 0.5494446 0.5964420 0.8052389 1.0595056 1.0241307 1.0298473 1.0402974 
Vespertilionidae  0.0385107 0.0489775 0.0519545 0.0563736 0.0628716 0.0548776 0.0299137 0.0313052 0.0313082 0.0000000 0.0211837 0.0255330 0.0283433 0.0327764 0.0534209 0.1122048 0.1093449 0.1093035 0.7104944 0.7994156 0.7413152 0.7452214 0.7561156 0.7286941 0.8243240 0.7281735 0.7188738 0.7207118 0.8356863 0.5326287 0.7222674 0.7329386 0.6676749 0.5902924 0.6116843 0.6309079 0.6009333 0.7262727 0.9240461 0.5733694 0.5748773 0.6987561 0.6771144 0.6513694 0.5516236 0.6014448 0.8301550 1.1034682 1.0056417 1.0027647 1.0544595 
Furipteridae      0.0458737 0.0564688 0.0594751 0.0609163 0.0705498 0.0624181 0.0372240 0.0386146 0.0386183 0.0211837 0.0000000 0.0327902 0.0356075 0.0401041 0.0609521 0.1204413 0.1175799 0.1175352 0.7278603 0.8263157 0.7497296 0.7599262 0.7606357 0.7369674 0.8336661 0.7522099 0.7492811 0.7284480 0.8606781 0.5487948 0.7400911 0.7606826 0.6971027 0.6025127 0.6301944 0.6527688 0.6345472 0.7279262 0.9221123 0.5827576 0.5727925 0.6906725 0.6693066 0.6547443 0.5496084 0.6143601 0.8135455 1.0754591 1.0326904 1.0302693 1.0257094 
Rhinolophidae     0.0504000 0.0610886 0.0641173 0.0685989 0.0737513 0.0670768 0.0417049 0.0430968 0.0431011 0.0255330 0.0327902 0.0000000 0.0385885 0.0445998 0.0656031 0.1223292 0.1227551 0.1227083 0.7373982 0.8257615 0.7628562 0.7702242 0.7710930 0.7465128 0.8516931 0.7357261 0.7232270 0.7418069 0.8564429 0.5538762 0.7359979 0.7640969 0.6995606 0.6225443 0.6394045 0.6493674 0.6455342 0.7679979 0.9319433 0.5939556 0.5813536 0.6967408 0.6843763 0.6575979 0.5493371 0.6260170 0.8389661 1.0998860 1.0521479 1.0437960 1.0732507 
Viverridae        0.0326372 0.0429907 0.0459410 0.0503267 0.0537176 0.0488441 0.0212211 0.0226117 0.0226137 0.0283433 0.0356075 0.0385885 0.0000000 0.0197271 0.0473973 0.1023476 0.0994923 0.0994549 0.6885897 0.7653927 0.7217946 0.7229958 0.7301487 0.6997596 0.8001626 0.7086172 0.7029240 0.6922654 0.8250224 0.5152194 0.6968984 0.7407080 0.6742699 0.5849486 0.6004548 0.6285731 0.5954713 0.7236854 0.9080817 0.5629558 0.5639513 0.6829490 0.6618399 0.6361947 0.5254704 0.5847475 0.8012056 1.0845013 1.0028571 1.0200232 1.0333033 
Procyonidae       0.0370997 0.0475562 0.0505318 0.0549506 0.0553877 0.0534553 0.0270469 0.0284407 0.0284433 0.0327764 0.0401041 0.0445998 0.0197271 0.0000000 0.0519983 0.1090971 0.1062337 0.1061936 0.7033178 0.7849301 0.7338989 0.7384806 0.7426835 0.7182167 0.8205847 0.7204414 0.7111415 0.7169407 0.8458887 0.5208192 0.7300715 0.7516163 0.6729427 0.6007834 0.6133763 0.6358161 0.6006875 0.7186757 0.9147747 0.5752794 0.5769598 0.6884313 0.6666406 0.6525851 0.5391536 0.5886016 0.8097047 1.0823522 1.0280491 1.0301817 1.0426994 
Myrmecophagidae   0.0429227 0.0519682 0.0564615 0.0609016 0.0674734 0.0593967 0.0490890 0.0504782 0.0504833 0.0534209 0.0609521 0.0656031 0.0473973 0.0519983 0.0000000 0.1122859 0.1126727 0.1126300 0.7151214 0.7948543 0.7663961 0.7533261 0.7674809 0.7397992 0.8411200 0.7455756 0.7160497 0.7418581 0.8623376 0.5326514 0.7303981 0.7423507 0.6817924 0.6119420 0.6305756 0.6390999 0.6002083 0.7442454 0.9296238 0.5693307 0.5731010 0.6938279 0.6873406 0.6275550 0.5267731 0.5870400 0.8283172 1.0759399 1.0113676 1.0085917 1.0268836 
Caluromyidae      0.1022263 0.1123078 0.1172205 0.1236086 0.1279916 0.1186931 0.1044323 0.1024214 0.1058347 0.1122048 0.1204413 0.1223292 0.1023476 0.1090971 0.1122859 0.0000000 0.0612761 0.0582342 0.7312567 0.8137988 0.7968222 0.7859097 0.8186041 0.7763916 0.8457754 0.7576504 0.7651387 0.7600886 0.9105355 0.5727102 0.7776752 0.7657464 0.6805314 0.5896782 0.6029443 0.6289613 0.6085793 0.7108624 0.9604721 0.5923142 0.5962987 0.7075225 0.6729735 0.6684531 0.5564398 0.6265060 0.8382719 1.0790727 1.0621007 1.0687480 1.0574034 
Thylacomyidae     0.0961867 0.1126945 0.1124996 0.1188683 0.1215179 0.1139726 0.1015641 0.0995642 0.1029721 0.1093449 0.1175799 0.1227551 0.0994923 0.1062337 0.1126727 0.0612761 0.0000000 0.0386723 0.7305486 0.8237087 0.7883416 0.7920626 0.7891183 0.7715239 0.8302497 0.7458276 0.7534130 0.7488880 0.9039180 0.5439856 0.7563003 0.7604558 0.6759285 0.5997573 0.6147067 0.6468986 0.6333606 0.7401405 0.9694141 0.6054842 0.5983267 0.7280935 0.7020530 0.6663985 0.5629201 0.6328603 0.8498308 1.0511674 1.0438502 1.0377802 1.0437482 
Phalangeridae     0.0961507 0.1094039 0.1108540 0.1156070 0.1162822 0.1123261 0.1015257 0.0995268 0.1029332 0.1093035 0.1175352 0.1227083 0.0994549 0.1061936 0.1126300 0.0582342 0.0386723 0.0000000 0.7223383 0.8139351 0.7831274 0.7695376 0.7885117 0.7595715 0.8329090 0.7410196 0.7485347 0.7339783 0.9022001 0.5589120 0.7556769 0.7461215 0.6974049 0.5989070 0.6166099 0.6400142 0.6324883 0.7389173 0.9587877 0.6016624 0.6057839 0.7080000 0.6889348 0.6747499 0.5714274 0.6477398 0.8300479 1.0483800 1.0005863 1.0021800 1.0516969 
Tityridae         0.7031354 0.7178770 0.7310770 0.7430075 0.7331822 0.7336566 0.6890252 0.6933633 0.6896083 0.7104944 0.7278603 0.7373982 0.6885897 0.7033178 0.7151214 0.7312567 0.7305486 0.7223383 0.0000000 0.2837472 0.2692422 0.2765831 0.2832662 0.2597968 0.2914596 0.2753108 0.2824105 0.2512058 0.4509871 0.6446911 0.8255971 0.8153833 0.9120518 0.7923165 0.8844208 0.9021603 0.8230836 0.9868687 1.3508335 0.9401889 1.0430760 1.1065039 1.0459138 1.0063499 0.9662293 1.0729076 1.3508002 1.3376199 1.3328620 1.3247090 1.3922007 
Ptilonorhynchidae 0.7679056 0.7939933 0.8184503 0.8313229 0.8182145 0.8291041 0.7758158 0.7777356 0.7803200 0.7994156 0.8263157 0.8257615 0.7653927 0.7849301 0.7948543 0.8137988 0.8237087 0.8139351 0.2837472 0.0000000 0.2777568 0.2760716 0.2831387 0.2641258 0.2949127 0.2665304 0.2932049 0.2510380 0.4720952 0.6421428 0.8744555 0.8310555 0.9669818 0.8847715 0.9441724 0.9349071 0.8752031 1.0567984 1.4655482 0.9988170 1.1188761 1.2073192 1.1279196 1.0074429 0.9769958 1.1163917 1.4305178 1.4534519 1.5223888 1.5669375 1.5683007 
Callaeatidae      0.7299958 0.7598529 0.7735729 0.7932463 0.7761962 0.7972882 0.7255081 0.7300009 0.7329030 0.7413152 0.7497296 0.7628562 0.7217946 0.7338989 0.7663961 0.7968222 0.7883416 0.7831274 0.2692422 0.2777568 0.0000000 0.1825949 0.1825644 0.1638420 0.2039533 0.1926756 0.2007096 0.1567600 0.4538127 0.6554956 0.9103418 0.7795613 0.9484992 0.7982804 0.8991498 0.9786402 0.8886266 1.0345801 1.3538445 0.9993378 1.1242108 1.1684894 1.1181512 1.0931428 1.0613129 1.1383865 1.4427745 1.5075755 1.3817036 1.4028993 1.4461466 
Monarchidae       0.7275065 0.7634593 0.7664025 0.7855934 0.7657748 0.7895289 0.7327193 0.7341111 0.7369802 0.7452214 0.7599262 0.7702242 0.7229958 0.7384806 0.7533261 0.7859097 0.7920626 0.7695376 0.2765831 0.2760716 0.1825949 0.0000000 0.1533696 0.1612851 0.1826433 0.1830189 0.1962828 0.1486190 0.4542151 0.6375873 0.8454979 0.8039068 0.9212727 0.7939314 0.8735370 0.9049651 0.8047758 0.9897776 1.4000728 0.9565049 1.0897222 1.1168697 1.1073358 1.0332505 0.9916976 1.1156691 1.3363652 1.5048783 1.3778137 1.4402718 1.4181162 
Malaconotidae     0.7316439 0.7645114 0.7639811 0.7732784 0.7840499 0.7798882 0.7368957 0.7352128 0.7478858 0.7561156 0.7606357 0.7710930 0.7301487 0.7426835 0.7674809 0.8186041 0.7891183 0.7885117 0.2832662 0.2831387 0.1825644 0.1533696 0.0000000 0.1719585 0.1972894 0.1989080 0.2074247 0.1580804 0.4696263 0.6356050 0.8351855 0.7720971 0.9734278 0.8155215 0.9275410 0.9415800 0.8650156 1.0170326 1.3976199 1.0212023 1.1444777 1.1827072 1.1395866 1.0859628 1.0599105 1.2090998 1.3461037 1.5267896 1.4100578 1.4127671 1.5557815 
Certhiidae        0.7108228 0.7370206 0.7503977 0.7628704 0.7421131 0.7699666 0.7093807 0.7042339 0.7202911 0.7286941 0.7369674 0.7465128 0.6997596 0.7182167 0.7397992 0.7763916 0.7715239 0.7595715 0.2597968 0.2641258 0.1638420 0.1612851 0.1719585 0.0000000 0.1509716 0.1505398 0.1565843 0.1217023 0.4444537 0.6306799 0.8323468 0.7376974 0.9549017 0.8066115 0.9220275 0.9241792 0.8757281 1.0251552 1.5298568 1.0243510 1.1200195 1.2020785 1.1106101 1.1401257 1.0511416 1.1696566 1.4431707 1.5049762 1.3754632 1.4000224 1.4703864 
Cinclidae         0.8158232 0.8440806 0.8485453 0.8768244 0.8519379 0.8614469 0.8111769 0.8052596 0.8198449 0.8243240 0.8336661 0.8516931 0.8001626 0.8205847 0.8411200 0.8457754 0.8302497 0.8329090 0.2914596 0.2949127 0.2039533 0.1826433 0.1972894 0.1509716 0.0000000 0.1851501 0.1882812 0.1517066 0.4772712 0.7001618 0.8892091 0.7952821 0.9988694 0.8605326 0.9874390 0.9914496 0.9144706 1.1025010 1.5286628 1.0964433 1.1981136 1.2708959 1.2061304 1.1637876 1.0983026 1.2307812 1.5099078 1.5855070 1.4769686 1.4894190 1.6017671 
Ploceidae         0.7360515 0.7625538 0.7692680 0.7786418 0.7749454 0.7888663 0.7182669 0.7136334 0.7291699 0.7281735 0.7522099 0.7357261 0.7086172 0.7204414 0.7455756 0.7576504 0.7458276 0.7410196 0.2753108 0.2665304 0.1926756 0.1830189 0.1989080 0.1505398 0.1851501 0.0000000 0.1081501 0.1387537 0.4455704 0.6612747 0.8260454 0.7965264 0.9043868 0.7944175 0.8804665 0.8985239 0.8650616 1.0031655 1.4115914 0.9573782 1.0628525 1.1146350 1.0962735 1.0783201 0.9899059 1.1200754 1.3749242 1.4927845 1.4218409 1.4316242 1.4478790 
Thraupidae        0.7169603 0.7362973 0.7458263 0.7550609 0.7517934 0.7688461 0.7089707 0.7044008 0.7131633 0.7188738 0.7492811 0.7232270 0.7029240 0.7111415 0.7160497 0.7651387 0.7534130 0.7485347 0.2824105 0.2932049 0.2007096 0.1962828 0.2074247 0.1565843 0.1882812 0.1081501 0.0000000 0.1464185 0.4428539 0.6800750 0.8460806 0.8469327 0.9057125 0.8503794 0.9254246 0.8757214 0.8662926 1.0368401 1.4587988 1.0079186 1.0487491 1.1538169 1.1416869 1.1037386 1.0288433 1.1479818 1.4576944 1.5133371 1.4411577 1.4180428 1.4391020 
Alaudidae         0.7031681 0.7319078 0.7389272 0.7548144 0.7504174 0.7605791 0.6982132 0.7031405 0.7124014 0.7207118 0.7284480 0.7418069 0.6922654 0.7169407 0.7418581 0.7600886 0.7488880 0.7339783 0.2512058 0.2510380 0.1567600 0.1486190 0.1580804 0.1217023 0.1517066 0.1387537 0.1464185 0.0000000 0.4414101 0.6380222 0.8379000 0.7849445 0.9105813 0.7625350 0.8601573 0.8739981 0.8405458 1.0164935 1.3807737 0.9702906 1.0477491 1.1164730 1.1100620 1.0507486 0.9991294 1.1372824 1.3260013 1.5011142 1.3362106 1.3709599 1.4976302 
Coraciiformes     0.8448343 0.8557972 0.8674809 0.8809681 0.8625813 0.8963346 0.8446297 0.8382857 0.8486041 0.8356863 0.8606781 0.8564429 0.8250224 0.8458887 0.8623376 0.9105355 0.9039180 0.9022001 0.4509871 0.4720952 0.4538127 0.4542151 0.4696263 0.4444537 0.4772712 0.4455704 0.4428539 0.4414101 0.0000000 0.7276434 0.9777583 0.9201028 1.0602077 0.8817583 0.9931984 0.9736326 0.9094670 0.9974201 1.4572136 1.1040391 1.1699918 1.2585634 1.1635136 1.1326409 1.0679589 1.1790796 1.5709755 1.5837749 1.4592314 1.4719245 1.5557094 
Crocodylidae      0.5241529 0.5353483 0.5350884 0.5289687 0.5454651 0.5427524 0.5120247 0.5122588 0.5163510 0.5326287 0.5487948 0.5538762 0.5152194 0.5208192 0.5326514 0.5727102 0.5439856 0.5589120 0.6446911 0.6421428 0.6554956 0.6375873 0.6356050 0.6306799 0.7001618 0.6612747 0.6800750 0.6380222 0.7276434 0.0000000 0.6402448 0.6306161 0.6874434 0.6197951 0.6555923 0.6684069 0.6389909 0.7571064 1.1557531 0.8022697 0.8488978 0.9528634 0.9184403 0.8618410 0.7693182 0.8415393 1.0857773 1.3390509 1.2617702 1.2868243 1.2328280 
Carettochelyidae  0.7171177 0.7328333 0.7335222 0.7323059 0.7208141 0.7420668 0.7134072 0.7107743 0.7034272 0.7222674 0.7400911 0.7359979 0.6968984 0.7300715 0.7303981 0.7776752 0.7563003 0.7556769 0.8255971 0.8744555 0.9103418 0.8454979 0.8351855 0.8323468 0.8892091 0.8260454 0.8460806 0.8379000 0.9777583 0.6402448 0.0000000 0.5766699 0.8857829 0.8232218 0.8578803 0.8917701 0.8279475 1.0356951 1.3198278 1.0374213 1.1020878 1.2251291 1.1828356 1.0994924 0.9785205 1.0437499 1.1937385 1.2795083 1.4185156 1.4398203 1.5085624 
Kinosternidae     0.7229911 0.7477313 0.7642588 0.7690204 0.7692457 0.7504087 0.7376102 0.7285943 0.7372452 0.7329386 0.7606826 0.7640969 0.7407080 0.7516163 0.7423507 0.7657464 0.7604558 0.7461215 0.8153833 0.8310555 0.7795613 0.8039068 0.7720971 0.7376974 0.7952821 0.7965264 0.8469327 0.7849445 0.9201028 0.6306161 0.5766699 0.0000000 0.9429128 0.8556244 0.8673451 0.9442639 0.8701072 1.0057204 1.3526605 1.0064785 1.1769934 1.2269915 1.1707219 1.0968037 0.9378101 1.0507287 1.3026391 1.4275024 1.3928711 1.4317924 1.5150687 
Anomalepididae    0.6728781 0.7057363 0.6814158 0.6989194 0.6754552 0.6875903 0.6680442 0.6662148 0.6595616 0.6676749 0.6971027 0.6995606 0.6742699 0.6729427 0.6817924 0.6805314 0.6759285 0.6974049 0.9120518 0.9669818 0.9484992 0.9212727 0.9734278 0.9549017 0.9988694 0.9043868 0.9057125 0.9105813 1.0602077 0.6874434 0.8857829 0.9429128 0.0000000 0.3775371 0.3911379 0.4239335 0.4500631 0.7003103 1.3083210 0.8874947 0.9886824 1.1045444 1.0804233 0.9689744 0.8880111 0.9651195 1.1720562 1.4160701 1.3352226 1.3347314 1.3058493 
Loxocemidae       0.5864792 0.6047654 0.6002886 0.6137025 0.6081416 0.6003185 0.5987257 0.5914115 0.5880085 0.5902924 0.6025127 0.6225443 0.5849486 0.6007834 0.6119420 0.5896782 0.5997573 0.5989070 0.7923165 0.8847715 0.7982804 0.7939314 0.8155215 0.8066115 0.8605326 0.7944175 0.8503794 0.7625350 0.8817583 0.6197951 0.8232218 0.8556244 0.3775371 0.0000000 0.1988226 0.3820763 0.3672993 0.5694018 1.2829307 0.8524138 0.9331101 1.0320488 0.9633888 0.9337561 0.8671420 0.9681167 1.1046937 1.4131617 1.1769317 1.2225560 1.3167408 
Natricidae        0.6077720 0.6272701 0.6390661 0.6468360 0.6262062 0.6238329 0.6204747 0.6128660 0.6094853 0.6116843 0.6301944 0.6394045 0.6004548 0.6133763 0.6305756 0.6029443 0.6147067 0.6166099 0.8844208 0.9441724 0.8991498 0.8735370 0.9275410 0.9220275 0.9874390 0.8804665 0.9254246 0.8601573 0.9931984 0.6555923 0.8578803 0.8673451 0.3911379 0.1988226 0.0000000 0.3832692 0.3991050 0.6120148 1.1847076 0.9115069 0.9084444 1.0759746 0.9967401 0.9663365 0.8839856 0.9760869 1.0241412 1.3876865 1.2307717 1.2903774 1.2494602 
Xenosauridae      0.6187812 0.6258358 0.6345115 0.6485926 0.6439153 0.6348307 0.6311976 0.6293776 0.6209092 0.6309079 0.6527688 0.6493674 0.6285731 0.6358161 0.6390999 0.6289613 0.6468986 0.6400142 0.9021603 0.9349071 0.9786402 0.9049651 0.9415800 0.9241792 0.9914496 0.8985239 0.8757214 0.8739981 0.9736326 0.6684069 0.8917701 0.9442639 0.4239335 0.3820763 0.3832692 0.0000000 0.4101814 0.6442336 1.1797113 0.8785696 0.8955999 1.0382278 1.0313698 0.9436049 0.8695882 0.9858469 1.1378366 1.4218559 1.3801051 1.3952598 1.3409807 
Teiidae           0.6060023 0.6134138 0.6221555 0.6387184 0.6245001 0.6189592 0.6123519 0.6106683 0.6068971 0.6009333 0.6345472 0.6455342 0.5954713 0.6006875 0.6002083 0.6085793 0.6333606 0.6324883 0.8230836 0.8752031 0.8886266 0.8047758 0.8650156 0.8757281 0.9144706 0.8650616 0.8662926 0.8405458 0.9094670 0.6389909 0.8279475 0.8701072 0.4500631 0.3672993 0.3991050 0.4101814 0.0000000 0.6199476 1.1961949 0.8579830 0.9452221 1.0569671 0.9904176 0.9030962 0.8335577 0.9152810 1.1530497 1.5077793 1.3509247 1.4276461 1.3094693 
Eublepharidae     0.7217533 0.7236767 0.7404032 0.7227856 0.7589077 0.7502055 0.7108194 0.7055738 0.7178017 0.7262727 0.7279262 0.7679979 0.7236854 0.7186757 0.7442454 0.7108624 0.7401405 0.7389173 0.9868687 1.0567984 1.0345801 0.9897776 1.0170326 1.0251552 1.1025010 1.0031655 1.0368401 1.0164935 0.9974201 0.7571064 1.0356951 1.0057204 0.7003103 0.5694018 0.6120148 0.6442336 0.6199476 0.0000000 1.4274716 1.0087700 1.0822331 1.0791338 1.0487123 1.0253716 0.9691002 1.0325935 1.2567507 1.6336352 1.4238449 1.4621691 1.3028397 
Dicamptodontidae  0.9294289 0.9392567 0.9256882 0.9401424 0.9768694 0.9234895 0.9373668 0.9233461 0.9367331 0.9240461 0.9221123 0.9319433 0.9080817 0.9147747 0.9296238 0.9604721 0.9694141 0.9587877 1.3508335 1.4655482 1.3538445 1.4000728 1.3976199 1.5298568 1.5286628 1.4115914 1.4587988 1.3807737 1.4572136 1.1557531 1.3198278 1.3526605 1.3083210 1.2829307 1.1847076 1.1797113 1.1961949 1.4274716 0.0000000 0.9295507 0.9067540 1.0183796 0.9343894 0.9348163 0.8383207 0.9446538 1.2422539 1.5229020 1.4837115 1.5918414 1.5359790 
Alytidae          0.5592225 0.5603009 0.5611496 0.5689444 0.5760079 0.5745209 0.5789510 0.5692190 0.5737820 0.5733694 0.5827576 0.5939556 0.5629558 0.5752794 0.5693307 0.5923142 0.6054842 0.6016624 0.9401889 0.9988170 0.9993378 0.9565049 1.0212023 1.0243510 1.0964433 0.9573782 1.0079186 0.9702906 1.1040391 0.8022697 1.0374213 1.0064785 0.8874947 0.8524138 0.9115069 0.8785696 0.8579830 1.0087700 0.9295507 0.0000000 0.5125332 0.5982563 0.5686959 0.5449032 0.4630315 0.5410062 0.9069570 1.3338711 1.2371373 1.2310688 1.2132304 
Heleophrynidae    0.5688687 0.5723219 0.5823412 0.5930295 0.5724217 0.5935457 0.5752882 0.5734027 0.5807380 0.5748773 0.5727925 0.5813536 0.5639513 0.5769598 0.5731010 0.5962987 0.5983267 0.6057839 1.0430760 1.1188761 1.1242108 1.0897222 1.1444777 1.1200195 1.1981136 1.0628525 1.0487491 1.0477491 1.1699918 0.8488978 1.1020878 1.1769934 0.9886824 0.9331101 0.9084444 0.8955999 0.9452221 1.0822331 0.9067540 0.5125332 0.0000000 0.4703740 0.4675111 0.4285121 0.3369674 0.4119822 0.9888931 1.3262383 1.3881543 1.3662658 1.1468336 
Leptodactylidae   0.6917507 0.7075737 0.6937401 0.7123918 0.7113900 0.6996607 0.6897845 0.6902000 0.6992996 0.6987561 0.6906725 0.6967408 0.6829490 0.6884313 0.6938279 0.7075225 0.7280935 0.7080000 1.1065039 1.2073192 1.1684894 1.1168697 1.1827072 1.2020785 1.2708959 1.1146350 1.1538169 1.1164730 1.2585634 0.9528634 1.2251291 1.2269915 1.1045444 1.0320488 1.0759746 1.0382278 1.0569671 1.0791338 1.0183796 0.5982563 0.4703740 0.0000000 0.2674389 0.5070755 0.4266734 0.4859578 1.0652722 1.4418890 1.3931924 1.4156508 1.3092387 
Strabomantidae    0.6727478 0.6880500 0.6780832 0.6799015 0.6981914 0.6776431 0.6683744 0.6564487 0.6776290 0.6771144 0.6693066 0.6843763 0.6618399 0.6666406 0.6873406 0.6729735 0.7020530 0.6889348 1.0459138 1.1279196 1.1181512 1.1073358 1.1395866 1.1106101 1.2061304 1.0962735 1.1416869 1.1100620 1.1635136 0.9184403 1.1828356 1.1707219 1.0804233 0.9633888 0.9967401 1.0313698 0.9904176 1.0487123 0.9343894 0.5686959 0.4675111 0.2674389 0.0000000 0.4703758 0.3701367 0.4317272 0.9389482 1.4792051 1.3011924 1.3174816 1.2126054 
Micrixalidae      0.6433479 0.6444456 0.6457031 0.6594929 0.6501712 0.6544903 0.6537522 0.6461067 0.6479604 0.6513694 0.6547443 0.6575979 0.6361947 0.6525851 0.6275550 0.6684531 0.6663985 0.6747499 1.0063499 1.0074429 1.0931428 1.0332505 1.0859628 1.1401257 1.1637876 1.0783201 1.1037386 1.0507486 1.1326409 0.8618410 1.0994924 1.0968037 0.9689744 0.9337561 0.9663365 0.9436049 0.9030962 1.0253716 0.9348163 0.5449032 0.4285121 0.5070755 0.4703758 0.0000000 0.2334066 0.3010016 1.0244784 1.3793483 1.2927340 1.3224922 1.1702754 
Hemisotidae       0.5301397 0.5411694 0.5486037 0.5532663 0.5536912 0.5437809 0.5429290 0.5367800 0.5494446 0.5516236 0.5496084 0.5493371 0.5254704 0.5391536 0.5267731 0.5564398 0.5629201 0.5714274 0.9662293 0.9769958 1.0613129 0.9916976 1.0599105 1.0511416 1.0983026 0.9899059 1.0288433 0.9991294 1.0679589 0.7693182 0.9785205 0.9378101 0.8880111 0.8671420 0.8839856 0.8695882 0.8335577 0.9691002 0.8383207 0.4630315 0.3369674 0.4266734 0.3701367 0.2334066 0.0000000 0.2373220 0.8901049 1.2225552 1.2021309 1.2251122 1.0321110 
Asterophryidae    0.5943493 0.6040197 0.6029590 0.6134555 0.6054602 0.6199252 0.6014104 0.5858856 0.5964420 0.6014448 0.6143601 0.6260170 0.5847475 0.5886016 0.5870400 0.6265060 0.6328603 0.6477398 1.0729076 1.1163917 1.1383865 1.1156691 1.2090998 1.1696566 1.2307812 1.1200754 1.1479818 1.1372824 1.1790796 0.8415393 1.0437499 1.0507287 0.9651195 0.9681167 0.9760869 0.9858469 0.9152810 1.0325935 0.9446538 0.5410062 0.4119822 0.4859578 0.4317272 0.3010016 0.2373220 0.0000000 0.9026838 1.3674485 1.2857136 1.3041439 1.1680628 
Caeciliidae2      0.8130053 0.8161619 0.8308133 0.8293057 0.8225626 0.8229026 0.8129523 0.7921604 0.8052389 0.8301550 0.8135455 0.8389661 0.8012056 0.8097047 0.8283172 0.8382719 0.8498308 0.8300479 1.3508002 1.4305178 1.4427745 1.3363652 1.3461037 1.4431707 1.5099078 1.3749242 1.4576944 1.3260013 1.5709755 1.0857773 1.1937385 1.3026391 1.1720562 1.1046937 1.0241412 1.1378366 1.1530497 1.2567507 1.2422539 0.9069570 0.9888931 1.0652722 0.9389482 1.0244784 0.8901049 0.9026838 0.0000000 1.4858404 1.4281693 1.4512317 1.4786328 
Polypteriformes   1.0548599 1.0607223 1.1101870 1.0864308 1.0855310 1.0896266 1.0772371 1.0635645 1.0595056 1.1034682 1.0754591 1.0998860 1.0845013 1.0823522 1.0759399 1.0790727 1.0511674 1.0483800 1.3376199 1.4534519 1.5075755 1.5048783 1.5267896 1.5049762 1.5855070 1.4927845 1.5133371 1.5011142 1.5837749 1.3390509 1.2795083 1.4275024 1.4160701 1.4131617 1.3876865 1.4218559 1.5077793 1.6336352 1.5229020 1.3338711 1.3262383 1.4418890 1.4792051 1.3793483 1.2225552 1.3674485 1.4858404 0.0000000 1.2423058 1.2702289 1.4615965 
Channichthyidae   1.0003375 1.0013852 1.0144981 1.0098044 1.0114503 1.0000238 1.0283972 1.0201461 1.0241307 1.0056417 1.0326904 1.0521479 1.0028571 1.0280491 1.0113676 1.0621007 1.0438502 1.0005863 1.3328620 1.5223888 1.3817036 1.3778137 1.4100578 1.3754632 1.4769686 1.4218409 1.4411577 1.3362106 1.4592314 1.2617702 1.4185156 1.3928711 1.3352226 1.1769317 1.2307717 1.3801051 1.3509247 1.4238449 1.4837115 1.2371373 1.3881543 1.3931924 1.3011924 1.2927340 1.2021309 1.2857136 1.4281693 1.2423058 0.0000000 0.0949465 1.2826830 
Pseudaphritidae   1.0055527 1.0066801 1.0200483 1.0198657 1.0283138 1.0052875 1.0200232 1.0221113 1.0298473 1.0027647 1.0302693 1.0437960 1.0200232 1.0301817 1.0085917 1.0687480 1.0377802 1.0021800 1.3247090 1.5669375 1.4028993 1.4402718 1.4127671 1.4000224 1.4894190 1.4316242 1.4180428 1.3709599 1.4719245 1.2868243 1.4398203 1.4317924 1.3347314 1.2225560 1.2903774 1.3952598 1.4276461 1.4621691 1.5918414 1.2310688 1.3662658 1.4156508 1.3174816 1.3224922 1.2251122 1.3041439 1.4512317 1.2702289 0.0949465 0.0000000 1.3389389 
Carcharhinidae    1.0318441 1.0415884 1.0350385 1.0272711 1.0306237 1.0106259 1.0585860 1.0234386 1.0402974 1.0544595 1.0257094 1.0732507 1.0333033 1.0426994 1.0268836 1.0574034 1.0437482 1.0516969 1.3922007 1.5683007 1.4461466 1.4181162 1.5557815 1.4703864 1.6017671 1.4478790 1.4391020 1.4976302 1.5557094 1.2328280 1.5085624 1.5150687 1.3058493 1.3167408 1.2494602 1.3409807 1.3094693 1.3028397 1.5359790 1.2132304 1.1468336 1.3092387 1.2126054 1.1702754 1.0321110 1.1680628 1.4786328 1.4615965 1.2826830 1.3389389 0.0000000 
