51
Pitheciidae       0.0000000 0.4622370 0.5666888 0.5244222 0.4730337 0.5035482 0.3151895 0.3507262 0.3309082 0.3739550 0.3868916 0.4315860 0.4129605 0.4184044 0.4963096 1.3723408 1.0685239 1.2546101 1.6154419 1.5410198 1.4209670 1.4663505 1.4388270 1.4685875 1.4417238 1.4529258 1.3850897 1.5248768 1.4952424 1.5823773 2.8395043 2.1134249 1.5216788 1.7385536 1.7287936 1.7072832 1.7396369 2.3857686 1.8739811 2.0703891 2.1250001 2.0060476 1.9073136 2.2915692 1.8055609 2.0609558 1.9577003 2.6931366 2.5983031 2.2113097 2.3593847 
Scandentia        0.4622370 0.0000000 0.4967720 0.4913429 0.4825890 0.4804238 0.3422555 0.3640844 0.3535905 0.3890373 0.4032657 0.4618575 0.4538054 0.4375626 0.5231815 1.5196376 1.1242811 1.3054190 1.6076105 1.4778994 1.3865102 1.4987482 1.4788882 1.4227714 1.4121901 1.4471343 1.4360333 1.4614346 1.5086026 1.5865745 2.5119417 1.9900686 1.6485260 1.7131303 1.7236835 1.7296096 1.5649482 2.1206107 1.7441116 2.0776540 2.0527749 2.1068606 1.9824897 2.2164392 1.8033459 1.8944022 1.7242236 2.7856409 3.0011154 2.2617009 2.2827538 
Erethizontidae    0.5666888 0.4967720 0.0000000 0.1711457 0.4844738 0.5099775 0.4132158 0.4291415 0.4146895 0.4503225 0.4844577 0.5339487 0.5086948 0.4858666 0.6048996 1.2823101 1.1083669 1.3323306 1.7753288 1.6889484 1.5783006 1.6707161 1.6301614 1.6116331 1.6464474 1.6696047 1.5905547 1.6756378 1.5737660 1.8851340 3.0540683 2.2535890 1.6613212 1.7313854 1.6631046 1.7617796 1.7382740 2.3237311 1.9749654 2.3610058 2.3240744 2.4847867 2.1832230 2.5450521 2.1193344 2.1988454 2.0759256 2.4085757 3.3469547 2.4880666 2.4401054 
Capromyidae       0.5244222 0.4913429 0.1711457 0.0000000 0.4461699 0.4856979 0.4058678 0.4378601 0.4228883 0.4324630 0.4728867 0.5173324 0.5079396 0.4610993 0.5545442 1.2828350 1.0909334 1.3465213 1.7301353 1.6198493 1.5355354 1.5488590 1.5432796 1.5335428 1.5660426 1.5665076 1.5232519 1.6187983 1.5448299 1.7526358 2.9361305 2.1590221 1.6091473 1.6937659 1.7480385 1.7273552 1.7798052 2.3041148 1.9149752 2.0953478 2.1745763 2.4047959 2.2363952 2.3413781 1.9721605 2.0780961 1.9605553 2.4083851 3.3229505 2.5246413 2.1825882 
Muridae           0.4730337 0.4825890 0.4844738 0.4461699 0.0000000 0.4141352 0.3795882 0.3931733 0.3919067 0.3885799 0.4161696 0.4595662 0.4751976 0.4391880 0.5063794 1.2679292 1.0632771 1.2966932 1.5922670 1.4732447 1.4454071 1.4257617 1.4406595 1.4477987 1.4307338 1.4998026 1.4420588 1.5022099 1.4792582 1.6497227 2.7510705 1.9793120 1.6022601 1.6268578 1.6590499 1.6946138 1.6769840 2.4250369 1.5823135 1.7998989 1.7626989 1.6948187 1.6619668 1.8782152 1.6544376 1.7261057 1.7774817 2.5663836 3.0398356 2.3908406 2.2048007 
Castoridae        0.5035482 0.4804238 0.5099775 0.4856979 0.4141352 0.0000000 0.3864806 0.3880165 0.4138463 0.4056862 0.4030636 0.4816976 0.5123140 0.4794313 0.5252161 1.3057566 1.0786584 1.3139029 1.6504366 1.5855521 1.4728380 1.5427622 1.4690684 1.5618366 1.4767455 1.5815888 1.4808583 1.5628998 1.5463556 1.7273074 2.5357334 2.1854113 1.5739328 1.6307107 1.6774181 1.7248522 1.7462060 2.3524808 1.8381840 2.0300088 2.0820513 2.0543497 1.9992927 2.1211157 1.8292441 1.9271673 1.8568766 2.6224926 2.7620698 2.2231919 2.3399352 
Suidae            0.3151895 0.3422555 0.4132158 0.4058678 0.3795882 0.3864806 0.0000000 0.1060958 0.0999826 0.1819751 0.1991654 0.2710098 0.2450304 0.2339722 0.3331570 1.1807747 0.8510983 1.0294431 1.4596888 1.4176760 1.2999568 1.3536860 1.3711129 1.3518828 1.3138506 1.3749775 1.3369538 1.3694533 1.3917408 1.5351233 2.6457090 1.9147602 1.4747401 1.4676458 1.5224003 1.4791014 1.4575548 2.0777660 1.6317541 1.8789024 1.9070397 1.8149958 1.7391159 1.9667729 1.6739048 1.8299958 1.5886568 2.1608864 2.4955544 2.1548363 1.8226493 
Hippopotamidae    0.3507262 0.3640844 0.4291415 0.4378601 0.3931733 0.3880165 0.1060958 0.0000000 0.1079215 0.1946867 0.2048084 0.2769960 0.2532002 0.2504375 0.3597584 1.1666394 0.9172374 1.0358965 1.4800084 1.4703397 1.3257583 1.4182798 1.4138306 1.3883897 1.3659364 1.4262943 1.3799359 1.4211669 1.4043658 1.5742302 2.8385366 2.0429856 1.5048552 1.5182734 1.5163415 1.5204376 1.4994562 2.0831020 1.7006823 2.0041438 1.9686554 1.9136911 1.8234884 2.0216555 1.8142164 1.9253846 1.7347113 2.2746526 2.6761976 2.2764543 1.9509500 
Hyperoodontidae   0.3309082 0.3535905 0.4146895 0.4228883 0.3919067 0.4138463 0.0999826 0.1079215 0.0000000 0.1862066 0.2071866 0.2715069 0.2550786 0.2387291 0.3492774 1.2001499 0.8868185 1.0285908 1.4656405 1.3984260 1.2962245 1.3737916 1.3874856 1.3446422 1.2953669 1.3646327 1.3179795 1.3717341 1.3651513 1.4570200 2.6599530 2.0301362 1.5346818 1.5223905 1.5549558 1.5725362 1.5378320 2.0959544 1.6506322 1.8851039 1.8791640 1.8782108 1.7910894 2.0162069 1.7535030 1.8544701 1.5928646 2.3409128 2.6085317 2.1899002 1.8948531 
Vespertilionidae  0.3739550 0.3890373 0.4503225 0.4324630 0.3885799 0.4056862 0.1819751 0.1946867 0.1862066 0.0000000 0.1539061 0.2306449 0.2717019 0.2763259 0.3665298 1.2348323 0.9401460 1.1070346 1.4843957 1.4129376 1.3337715 1.4217099 1.4070970 1.3823549 1.3514235 1.4330871 1.3788686 1.4499876 1.4086721 1.4379149 2.5429487 1.9320466 1.4449118 1.5344569 1.5446649 1.5131056 1.5695396 2.0702244 1.6531072 1.7980861 1.9715699 1.9573071 1.8198473 2.0292098 1.6981523 1.9233189 1.6594866 2.2852886 2.4144606 2.0412692 1.8833618 
Furipteridae      0.3868916 0.4032657 0.4844577 0.4728867 0.4161696 0.4030636 0.1991654 0.2048084 0.2071866 0.1539061 0.0000000 0.2514035 0.3072978 0.2970462 0.3926300 1.1855757 0.8959323 1.0494068 1.5115306 1.4343844 1.3490242 1.4340634 1.4060707 1.3962867 1.3823400 1.4974545 1.4332078 1.4491114 1.4356268 1.5055361 2.5833474 2.0601223 1.5247165 1.5608947 1.6331667 1.5729862 1.6099971 2.0827558 1.7178413 2.0068368 1.9900395 2.1327149 1.9398870 2.2434864 1.9002839 2.0145849 1.7017023 2.3155224 2.5415930 2.1570496 1.9755898 
Rhinolophidae     0.4315860 0.4618575 0.5339487 0.5173324 0.4595662 0.4816976 0.2710098 0.2769960 0.2715069 0.2306449 0.2514035 0.0000000 0.3657203 0.3342166 0.4447521 1.2444639 0.9608857 1.1548554 1.6145107 1.5453840 1.4551988 1.5207615 1.4825114 1.5110080 1.4817007 1.5482455 1.5019206 1.5619292 1.5589506 1.6880930 2.9374710 1.8749122 1.5977533 1.6511727 1.6374031 1.6683501 1.6503514 2.0524748 1.7293268 1.9139374 2.1330214 2.0247902 1.8844163 2.2531024 1.7945974 2.1547260 1.7546274 2.2337466 2.5779479 2.3564058 1.7996046 
Viverridae        0.4129605 0.4538054 0.5086948 0.5079396 0.4751976 0.5123140 0.2450304 0.2532002 0.2550786 0.2717019 0.3072978 0.3657203 0.0000000 0.2257856 0.4353288 1.3095475 1.0431252 1.1979390 1.5122351 1.4759583 1.3834705 1.4368411 1.4055254 1.3746098 1.3599904 1.4390221 1.3929782 1.4725326 1.4233024 1.5489263 2.8749101 2.1333060 1.6677372 1.6909048 1.6995387 1.6792765 1.6920047 2.2882836 1.7884798 1.9852710 2.1750886 2.2521504 2.0019791 2.3047135 1.9766146 2.2340626 1.7598764 2.5445001 2.7039858 2.2591920 2.2398962 
Procyonidae       0.4184044 0.4375626 0.4858666 0.4610993 0.4391880 0.4794313 0.2339722 0.2504375 0.2387291 0.2763259 0.2970462 0.3342166 0.2257856 0.0000000 0.4269612 1.2963841 1.0165942 1.1800441 1.6148450 1.5267696 1.4556283 1.5265295 1.4987222 1.4923064 1.4593060 1.5467696 1.4916549 1.5610847 1.5137038 1.6098007 2.8686611 2.1226076 1.5672488 1.5474177 1.6031118 1.6110505 1.6494087 2.1622603 1.6495103 1.9334529 2.0641333 1.9935546 1.8871877 2.0696691 1.8099752 2.0101821 1.7321654 2.3016707 2.4943718 2.1619347 2.0625831 
Myrmecophagidae   0.4963096 0.5231815 0.6048996 0.5545442 0.5063794 0.5252161 0.3331570 0.3597584 0.3492774 0.3665298 0.3926300 0.4447521 0.4353288 0.4269612 0.0000000 1.2347115 0.9935374 1.1228334 1.5540057 1.4863079 1.4799151 1.5383382 1.4368266 1.4894729 1.4865719 1.5228529 1.4497829 1.4985927 1.5190175 1.5469171 2.7131627 2.0298275 1.5748840 1.6288814 1.6448184 1.6575255 1.6237730 2.0821292 1.8782890 2.0424962 1.8945764 2.0128354 1.8611635 2.0122854 1.7074392 1.9304244 1.8107958 2.2092895 2.5652547 2.3209209 2.0451341 
Caluromyidae      1.3723408 1.5196376 1.2823101 1.2828350 1.2679292 1.3057566 1.1807747 1.1666394 1.2001499 1.2348323 1.1855757 1.2444639 1.3095475 1.2963841 1.2347115 0.0000000 0.5998318 0.7801836 2.0142440 2.0682788 2.0041412 2.0271327 1.9115847 2.0613064 1.9451015 2.0245669 2.0085560 2.0722851 1.9012202 2.1330750 2.8705091 2.1152178 1.9260936 1.9053195 1.8803598 2.0035657 1.9749414 2.2505753 2.0862708 2.2834452 2.4346506 2.2013902 2.1253602 2.4252177 2.3561433 2.4353172 2.0331572 2.9195895 2.3937670 2.3437945 2.0244905 
Thylacomyidae     1.0685239 1.1242811 1.1083669 1.0909334 1.0632771 1.0786584 0.8510983 0.9172374 0.8868185 0.9401460 0.8959323 0.9608857 1.0431252 1.0165942 0.9935374 0.5998318 0.0000000 0.4588563 1.7507145 1.7987248 1.7636482 1.7109071 1.6438535 1.7395335 1.6680040 1.7324788 1.6654841 1.8092169 1.7482779 1.9699501 2.8073933 2.1403927 1.7789387 1.7919184 1.7327037 1.9069738 1.8401278 2.2180955 2.1219434 1.9545488 2.1352281 2.1223232 2.0963918 2.3598894 2.1571483 2.0472259 1.9797674 2.6171385 2.4791120 2.2789000 1.8203516 
Phalangeridae     1.2546101 1.3054190 1.3323306 1.3465213 1.2966932 1.3139029 1.0294431 1.0358965 1.0285908 1.1070346 1.0494068 1.1548554 1.1979390 1.1800441 1.1228334 0.7801836 0.4588563 0.0000000 1.8876828 1.9076885 1.8710794 1.8424119 1.8098996 1.8510607 1.7779092 1.8244258 1.8260155 1.8691114 1.7858209 2.1157140 2.4818979 2.2435373 2.0769680 2.1119316 2.0117633 2.0036200 1.9648760 2.2575669 2.3205187 2.2278377 2.1377738 2.4401602 2.1634027 2.5229513 2.2551607 2.1581779 1.9360205 2.7599166 2.9179964 2.6453956 2.1178447 
Tityridae         1.6154419 1.6076105 1.7753288 1.7301353 1.5922670 1.6504366 1.4596888 1.4800084 1.4656405 1.4843957 1.5115306 1.6145107 1.5122351 1.6148450 1.5540057 2.0142440 1.7507145 1.8876828 0.0000000 0.1769146 0.1735550 0.1953337 0.2084250 0.1611940 0.1571622 0.1810110 0.1698983 0.2018351 0.2677959 0.8629479 1.7671838 1.5123519 1.0864030 1.1543162 1.1612022 0.9665749 0.9631583 1.4154427 1.3799276 1.4788891 1.6285403 1.5093711 1.5002041 1.6161838 1.4917162 1.5383905 1.4675797 2.0733007 2.2213384 2.1026021 1.6975254 
Ptilonorhynchidae 1.5410198 1.4778994 1.6889484 1.6198493 1.4732447 1.5855521 1.4176760 1.4703397 1.3984260 1.4129376 1.4343844 1.5453840 1.4759583 1.5267696 1.4863079 2.0682788 1.7987248 1.9076885 0.1769146 0.0000000 0.1083615 0.1317110 0.1462681 0.0934497 0.0969141 0.1223507 0.1121277 0.1248025 0.2447592 0.8173044 1.6261405 1.3129645 1.0655392 1.0881355 1.1554113 0.9119338 0.9625648 1.4784755 1.4003721 1.4046968 1.6426895 1.5285427 1.5352652 1.6016832 1.4798793 1.4661707 1.4201658 2.1757698 2.1222401 1.9639976 1.6462333 
Callaeatidae      1.4209670 1.3865102 1.5783006 1.5355354 1.4454071 1.4728380 1.2999568 1.3257583 1.2962245 1.3337715 1.3490242 1.4551988 1.3834705 1.4556283 1.4799151 2.0041412 1.7636482 1.8710794 0.1735550 0.1083615 0.0000000 0.1181939 0.1337361 0.0870175 0.0838127 0.1033113 0.0961880 0.1101226 0.2336010 0.8509628 1.6549308 1.3806264 1.0192468 1.1026439 1.1657885 0.9270478 0.9430847 1.5010718 1.3604715 1.4223069 1.6432632 1.4880175 1.4967607 1.5787514 1.4836362 1.4704004 1.3884858 1.9739218 1.9984315 1.9148218 1.7054331 
Monarchidae       1.4663505 1.4987482 1.6707161 1.5488590 1.4257617 1.5427622 1.3536860 1.4182798 1.3737916 1.4217099 1.4340634 1.5207615 1.4368411 1.5265295 1.5383382 2.0271327 1.7109071 1.8424119 0.1953337 0.1317110 0.1181939 0.0000000 0.0945751 0.0988557 0.0970450 0.1209087 0.1093124 0.1266792 0.2424753 0.8828903 1.6565377 1.4777956 1.0659447 1.1282578 1.1183822 0.9488595 0.9425217 1.5004284 1.3668342 1.4367676 1.6103685 1.4507107 1.4843249 1.6076989 1.5147506 1.4101134 1.3810712 2.0313000 2.1029386 1.9690655 1.6153855 
Malaconotidae     1.4388270 1.4788882 1.6301614 1.5432796 1.4406595 1.4690684 1.3711129 1.4138306 1.3874856 1.4070970 1.4060707 1.4825114 1.4055254 1.4987222 1.4368266 1.9115847 1.6438535 1.8098996 0.2084250 0.1462681 0.1337361 0.0945751 0.0000000 0.1126656 0.1106238 0.1408525 0.1260573 0.1395034 0.2730704 0.8707675 1.6800876 1.3721762 1.0370631 1.1610065 1.1103542 0.9570932 0.9666505 1.4795394 1.4096660 1.4591793 1.6204492 1.4867857 1.5433067 1.6424154 1.5471288 1.4773327 1.4636515 2.0531307 2.1584580 2.0253418 1.5933507 
Certhiidae        1.4685875 1.4227714 1.6116331 1.5335428 1.4477987 1.5618366 1.3518828 1.3883897 1.3446422 1.3823549 1.3962867 1.5110080 1.3746098 1.4923064 1.4894729 2.0613064 1.7395335 1.8510607 0.1611940 0.0934497 0.0870175 0.0988557 0.1126656 0.0000000 0.0601904 0.0867201 0.0732457 0.0948472 0.2252377 0.8162427 1.6611509 1.3975312 1.0657064 1.0940219 1.1008887 0.9063249 0.9558179 1.4783510 1.3596470 1.4383029 1.5891674 1.4292915 1.4630994 1.5011885 1.4693882 1.4545556 1.3746812 2.1520450 2.2511673 2.0736260 1.7336730 
Cinclidae         1.4417238 1.4121901 1.6464474 1.5660426 1.4307338 1.4767455 1.3138506 1.3659364 1.2953669 1.3514235 1.3823400 1.4817007 1.3599904 1.4593060 1.4865719 1.9451015 1.6680040 1.7779092 0.1571622 0.0969141 0.0838127 0.0970450 0.1106238 0.0601904 0.0000000 0.0849935 0.0729498 0.0903964 0.2123573 0.8264066 1.5647910 1.3850715 1.0296630 1.0950983 1.1366465 0.9069578 0.9327278 1.4848461 1.3439624 1.4588739 1.6228331 1.4798343 1.5399438 1.5716222 1.4991720 1.4559884 1.3396926 2.0742363 2.1797173 1.9968290 1.6308814 
Ploceidae         1.4529258 1.4471343 1.6696047 1.5665076 1.4998026 1.5815888 1.3749775 1.4262943 1.3646327 1.4330871 1.4974545 1.5482455 1.4390221 1.5467696 1.5228529 2.0245669 1.7324788 1.8244258 0.1810110 0.1223507 0.1033113 0.1209087 0.1408525 0.0867201 0.0849935 0.0000000 0.0550192 0.1141653 0.2435852 0.8767049 1.6113396 1.3862488 1.1066704 1.1756519 1.1588485 0.9610105 0.9975149 1.5706493 1.4046903 1.4500379 1.6955697 1.5116431 1.5661424 1.6088243 1.5135232 1.5324334 1.4412392 2.1058588 2.1927667 2.0484991 1.6908568 
Thraupidae        1.3850897 1.4360333 1.5905547 1.5232519 1.4420588 1.4808583 1.3369538 1.3799359 1.3179795 1.3788686 1.4332078 1.5019206 1.3929782 1.4916549 1.4497829 2.0085560 1.6654841 1.8260155 0.1698983 0.1121277 0.0961880 0.1093124 0.1260573 0.0732457 0.0729498 0.0550192 0.0000000 0.1000668 0.2349490 0.8427337 1.6529932 1.4138836 1.0434617 1.1327688 1.1369497 0.8893686 0.9865507 1.4935980 1.3816971 1.4373241 1.6561894 1.5225238 1.5424147 1.6299546 1.5415199 1.5468153 1.4256120 2.1036357 2.1646350 2.0713991 1.6293661 
Alaudidae         1.5248768 1.4614346 1.6756378 1.6187983 1.5022099 1.5628998 1.3694533 1.4211669 1.3717341 1.4499876 1.4491114 1.5619292 1.4725326 1.5610847 1.4985927 2.0722851 1.8092169 1.8691114 0.2018351 0.1248025 0.1101226 0.1266792 0.1395034 0.0948472 0.0903964 0.1141653 0.1000668 0.0000000 0.2659374 0.8858969 1.6008284 1.3737545 1.0978776 1.1558412 1.1749937 0.9014217 1.0156960 1.5698291 1.3201703 1.4210638 1.6486428 1.4457120 1.5749386 1.5820823 1.4541593 1.4306248 1.3776965 2.1122223 2.0921920 1.9805565 1.7128046 
Coraciiformes     1.4952424 1.5086026 1.5737660 1.5448299 1.4792582 1.5463556 1.3917408 1.4043658 1.3651513 1.4086721 1.4356268 1.5589506 1.4233024 1.5137038 1.5190175 1.9012202 1.7482779 1.7858209 0.2677959 0.2447592 0.2336010 0.2424753 0.2730704 0.2252377 0.2123573 0.2435852 0.2349490 0.2659374 0.0000000 0.8430382 1.7379772 1.3659574 1.0485000 1.0836433 1.1100390 0.9438934 0.9809739 1.4717846 1.3567521 1.4263528 1.5934511 1.4477295 1.5218515 1.6406312 1.4999555 1.4748426 1.4715953 1.9884487 2.1927521 1.9918562 1.6434741 
Crocodylidae      1.5823773 1.5865745 1.8851340 1.7526358 1.6497227 1.7273074 1.5351233 1.5742302 1.4570200 1.4379149 1.5055361 1.6880930 1.5489263 1.6098007 1.5469171 2.1330750 1.9699501 2.1157140 0.8629479 0.8173044 0.8509628 0.8828903 0.8707675 0.8162427 0.8264066 0.8767049 0.8427337 0.8858969 0.8430382 0.0000000 1.7477772 1.5145484 1.1776191 1.3304769 1.3214152 1.0333516 1.2752200 1.5632110 1.6663700 1.7438605 1.7962521 1.7325478 1.7265562 1.8018161 1.7808779 1.7520364 1.4923041 2.0173839 2.5212375 2.2362075 1.7525941 
Carettochelyidae  2.8395043 2.5119417 3.0540683 2.9361305 2.7510705 2.5357334 2.6457090 2.8385366 2.6599530 2.5429487 2.5833474 2.9374710 2.8749101 2.8686611 2.7131627 2.8705091 2.8073933 2.4818979 1.7671838 1.6261405 1.6549308 1.6565377 1.6800876 1.6611509 1.5647910 1.6113396 1.6529932 1.6008284 1.7379772 1.7477772 0.0000000 1.8336492 1.8997541 1.8928312 2.0079512 1.7989655 1.7246946 2.5423357 2.3564203 2.4501246 2.5723524 2.5201438 2.6156569 2.7913833 2.5195376 2.3134585 2.4292828 2.8097194 4.3520654 3.7426547 2.4987132 
Kinosternidae     2.1134249 1.9900686 2.2535890 2.1590221 1.9793120 2.1854113 1.9147602 2.0429856 2.0301362 1.9320466 2.0601223 1.8749122 2.1333060 2.1226076 2.0298275 2.1152178 2.1403927 2.2435373 1.5123519 1.3129645 1.3806264 1.4777956 1.3721762 1.3975312 1.3850715 1.3862488 1.4138836 1.3737545 1.3659574 1.5145484 1.8336492 0.0000000 1.8806425 1.9813133 1.8197323 1.6043910 1.5196388 2.0584009 2.0848644 2.1274671 2.1502774 1.8380689 2.0055416 2.1965129 1.9949029 1.8761467 2.1388510 2.2787246 3.9893056 4.0670775 2.1278476 
Anomalepididae    1.5216788 1.6485260 1.6613212 1.6091473 1.6022601 1.5739328 1.4747401 1.5048552 1.5346818 1.4449118 1.5247165 1.5977533 1.6677372 1.5672488 1.5748840 1.9260936 1.7789387 2.0769680 1.0864030 1.0655392 1.0192468 1.0659447 1.0370631 1.0657064 1.0296630 1.1066704 1.0434617 1.0978776 1.0485000 1.1776191 1.8997541 1.8806425 0.0000000 0.6199429 0.7661678 0.5674850 0.6727150 1.2256805 1.7218083 1.7371214 1.6950321 1.5445357 1.7038762 1.7349509 1.4368717 1.5656172 1.5595172 2.0706779 2.6199127 2.2561039 1.7267755 
Loxocemidae       1.7385536 1.7131303 1.7313854 1.6937659 1.6268578 1.6307107 1.4676458 1.5182734 1.5223905 1.5344569 1.5608947 1.6511727 1.6909048 1.5474177 1.6288814 1.9053195 1.7919184 2.1119316 1.1543162 1.0881355 1.1026439 1.1282578 1.1610065 1.0940219 1.0950983 1.1756519 1.1327688 1.1558412 1.0836433 1.3304769 1.8928312 1.9813133 0.6199429 0.0000000 0.4056826 0.6059888 0.6909366 1.1940738 1.6791326 1.6355560 1.9031643 1.5128217 1.5731325 1.7559450 1.5761129 1.5847231 1.6298243 2.1566838 2.2938904 2.1740967 1.8799379 
Natricidae        1.7287936 1.7236835 1.6631046 1.7480385 1.6590499 1.6774181 1.5224003 1.5163415 1.5549558 1.5446649 1.6331667 1.6374031 1.6995387 1.6031118 1.6448184 1.8803598 1.7327037 2.0117633 1.1612022 1.1554113 1.1657885 1.1183822 1.1103542 1.1008887 1.1366465 1.1588485 1.1369497 1.1749937 1.1100390 1.3214152 2.0079512 1.8197323 0.7661678 0.4056826 0.0000000 0.6550746 0.7198005 1.1804648 1.7907813 1.7132409 1.9238803 1.6154574 1.6578266 1.7641481 1.7014270 1.7030545 1.7412710 1.9348544 2.1754869 1.9794608 1.6257289 
Xenosauridae      1.7072832 1.7296096 1.7617796 1.7273552 1.6946138 1.7248522 1.4791014 1.5204376 1.5725362 1.5131056 1.5729862 1.6683501 1.6792765 1.6110505 1.6575255 2.0035657 1.9069738 2.0036200 0.9665749 0.9119338 0.9270478 0.9488595 0.9570932 0.9063249 0.9069578 0.9610105 0.8893686 0.9014217 0.9438934 1.0333516 1.7989655 1.6043910 0.5674850 0.6059888 0.6550746 0.0000000 0.5852050 0.9291917 1.6179671 1.6766510 1.7956864 1.5976434 1.7504440 1.7550830 1.5971223 1.5975704 1.6128237 1.8708199 2.2846315 2.0755597 1.5344090 
Teiidae           1.7396369 1.5649482 1.7382740 1.7798052 1.6769840 1.7462060 1.4575548 1.4994562 1.5378320 1.5695396 1.6099971 1.6503514 1.6920047 1.6494087 1.6237730 1.9749414 1.8401278 1.9648760 0.9631583 0.9625648 0.9430847 0.9425217 0.9666505 0.9558179 0.9327278 0.9975149 0.9865507 1.0156960 0.9809739 1.2752200 1.7246946 1.5196388 0.6727150 0.6909366 0.7198005 0.5852050 0.0000000 1.0531565 1.5545538 1.5590220 1.8072061 1.5596046 1.7107915 1.6646682 1.6183643 1.5991427 1.3856918 1.9785181 2.3025694 1.9924795 1.5869850 
Eublepharidae     2.3857686 2.1206107 2.3237311 2.3041148 2.4250369 2.3524808 2.0777660 2.0831020 2.0959544 2.0702244 2.0827558 2.0524748 2.2882836 2.1622603 2.0821292 2.2505753 2.2180955 2.2575669 1.4154427 1.4784755 1.5010718 1.5004284 1.4795394 1.4783510 1.4848461 1.5706493 1.4935980 1.5698291 1.4717846 1.5632110 2.5423357 2.0584009 1.2256805 1.1940738 1.1804648 0.9291917 1.0531565 0.0000000 2.0341636 1.7546322 2.2785626 1.9332922 2.0380543 2.1546829 1.8697880 1.9803267 1.9328677 2.6783453 3.3520189 2.9293500 2.0903073 
Dicamptodontidae  1.8739811 1.7441116 1.9749654 1.9149752 1.5823135 1.8381840 1.6317541 1.7006823 1.6506322 1.6531072 1.7178413 1.7293268 1.7884798 1.6495103 1.8782890 2.0862708 2.1219434 2.3205187 1.3799276 1.4003721 1.3604715 1.3668342 1.4096660 1.3596470 1.3439624 1.4046903 1.3816971 1.3201703 1.3567521 1.6663700 2.3564203 2.0848644 1.7218083 1.6791326 1.7907813 1.6179671 1.5545538 2.0341636 0.0000000 0.9270581 1.0879453 1.0985021 1.1969214 1.0422283 1.0442929 1.0762312 1.1449388 1.8280521 2.3664464 1.9208384 1.7542207 
Alytidae          2.0703891 2.0776540 2.3610058 2.0953478 1.7998989 2.0300088 1.8789024 2.0041438 1.8851039 1.7980861 2.0068368 1.9139374 1.9852710 1.9334529 2.0424962 2.2834452 1.9545488 2.2278377 1.4788891 1.4046968 1.4223069 1.4367676 1.4591793 1.4383029 1.4588739 1.4500379 1.4373241 1.4210638 1.4263528 1.7438605 2.4501246 2.1274671 1.7371214 1.6355560 1.7132409 1.6766510 1.5590220 1.7546322 0.9270581 0.0000000 0.8534789 0.8050157 0.9329791 0.8240387 0.7886921 0.7600976 1.0807156 1.8982544 2.1716574 2.1032350 1.5191930 
Heleophrynidae    2.1250001 2.0527749 2.3240744 2.1745763 1.7626989 2.0820513 1.9070397 1.9686554 1.8791640 1.9715699 1.9900395 2.1330214 2.1750886 2.0641333 1.8945764 2.4346506 2.1352281 2.1377738 1.6285403 1.6426895 1.6432632 1.6103685 1.6204492 1.5891674 1.6228331 1.6955697 1.6561894 1.6486428 1.5934511 1.7962521 2.5723524 2.1502774 1.6950321 1.9031643 1.9238803 1.7956864 1.8072061 2.2785626 1.0879453 0.8534789 0.0000000 0.6624227 0.7811499 0.6473444 0.6369735 0.5849622 1.2626823 2.0459972 2.4569123 2.3188370 1.9154795 
Leptodactylidae   2.0060476 2.1068606 2.4847867 2.4047959 1.6948187 2.0543497 1.8149958 1.9136911 1.8782108 1.9573071 2.1327149 2.0247902 2.2521504 1.9935546 2.0128354 2.2013902 2.1223232 2.4401602 1.5093711 1.5285427 1.4880175 1.4507107 1.4867857 1.4292915 1.4798343 1.5116431 1.5225238 1.4457120 1.4477295 1.7325478 2.5201438 1.8380689 1.5445357 1.5128217 1.6154574 1.5976434 1.5596046 1.9332922 1.0985021 0.8050157 0.6624227 0.0000000 0.2557808 0.5258170 0.5307145 0.5264259 1.1773842 2.0199522 2.3943734 2.3809312 1.8453349 
Strabomantidae    1.9073136 1.9824897 2.1832230 2.2363952 1.6619668 1.9992927 1.7391159 1.8234884 1.7910894 1.8198473 1.9398870 1.8844163 2.0019791 1.8871877 1.8611635 2.1253602 2.0963918 2.1634027 1.5002041 1.5352652 1.4967607 1.4843249 1.5433067 1.4630994 1.5399438 1.5661424 1.5424147 1.5749386 1.5218515 1.7265562 2.6156569 2.0055416 1.7038762 1.5731325 1.6578266 1.7504440 1.7107915 2.0380543 1.1969214 0.9329791 0.7811499 0.2557808 0.0000000 0.6010251 0.6615615 0.6397528 1.3329096 2.1121542 2.4758820 2.4940811 1.8259105 
Micrixalidae      2.2915692 2.2164392 2.5450521 2.3413781 1.8782152 2.1211157 1.9667729 2.0216555 2.0162069 2.0292098 2.2434864 2.2531024 2.3047135 2.0696691 2.0122854 2.4252177 2.3598894 2.5229513 1.6161838 1.6016832 1.5787514 1.6076989 1.6424154 1.5011885 1.5716222 1.6088243 1.6299546 1.5820823 1.6406312 1.8018161 2.7913833 2.1965129 1.7349509 1.7559450 1.7641481 1.7550830 1.6646682 2.1546829 1.0422283 0.8240387 0.6473444 0.5258170 0.6010251 0.0000000 0.3469296 0.3619529 1.1174006 2.2115526 2.2160219 2.0735393 1.7169881 
Hemisotidae       1.8055609 1.8033459 2.1193344 1.9721605 1.6544376 1.8292441 1.6739048 1.8142164 1.7535030 1.6981523 1.9002839 1.7945974 1.9766146 1.8099752 1.7074392 2.3561433 2.1571483 2.2551607 1.4917162 1.4798793 1.4836362 1.5147506 1.5471288 1.4693882 1.4991720 1.5135232 1.5415199 1.4541593 1.4999555 1.7808779 2.5195376 1.9949029 1.4368717 1.5761129 1.7014270 1.5971223 1.6183643 1.8697880 1.0442929 0.7886921 0.6369735 0.5307145 0.6615615 0.3469296 0.0000000 0.2964146 1.1152346 2.2208302 2.4589285 2.3320421 1.7702580 
Asterophryidae    2.0609558 1.8944022 2.1988454 2.0780961 1.7261057 1.9271673 1.8299958 1.9253846 1.8544701 1.9233189 2.0145849 2.1547260 2.2340626 2.0101821 1.9304244 2.4353172 2.0472259 2.1581779 1.5383905 1.4661707 1.4704004 1.4101134 1.4773327 1.4545556 1.4559884 1.5324334 1.5468153 1.4306248 1.4748426 1.7520364 2.3134585 1.8761467 1.5656172 1.5847231 1.7030545 1.5975704 1.5991427 1.9803267 1.0762312 0.7600976 0.5849622 0.5264259 0.6397528 0.3619529 0.2964146 0.0000000 1.1242182 2.2024899 2.4827826 2.4107270 1.7260433 
Caeciliidae2      1.9577003 1.7242236 2.0759256 1.9605553 1.7774817 1.8568766 1.5886568 1.7347113 1.5928646 1.6594866 1.7017023 1.7546274 1.7598764 1.7321654 1.8107958 2.0331572 1.9797674 1.9360205 1.4675797 1.4201658 1.3884858 1.3810712 1.4636515 1.3746812 1.3396926 1.4412392 1.4256120 1.3776965 1.4715953 1.4923041 2.4292828 2.1388510 1.5595172 1.6298243 1.7412710 1.6128237 1.3856918 1.9328677 1.1449388 1.0807156 1.2626823 1.1773842 1.3329096 1.1174006 1.1152346 1.1242182 0.0000000 2.0982086 2.2203889 2.1681604 1.5944069 
Polypteriformes   2.6931366 2.7856409 2.4085757 2.4083851 2.5663836 2.6224926 2.1608864 2.2746526 2.3409128 2.2852886 2.3155224 2.2337466 2.5445001 2.3016707 2.2092895 2.9195895 2.6171385 2.7599166 2.0733007 2.1757698 1.9739218 2.0313000 2.0531307 2.1520450 2.0742363 2.1058588 2.1036357 2.1122223 1.9884487 2.0173839 2.8097194 2.2787246 2.0706779 2.1566838 1.9348544 1.8708199 1.9785181 2.6783453 1.8280521 1.8982544 2.0459972 2.0199522 2.1121542 2.2115526 2.2208302 2.2024899 2.0982086 0.0000000 1.7993511 1.6102091 1.6124400 
Channichthyidae   2.5983031 3.0011154 3.3469547 3.3229505 3.0398356 2.7620698 2.4955544 2.6761976 2.6085317 2.4144606 2.5415930 2.5779479 2.7039858 2.4943718 2.5652547 2.3937670 2.4791120 2.9179964 2.2213384 2.1222401 1.9984315 2.1029386 2.1584580 2.2511673 2.1797173 2.1927667 2.1646350 2.0921920 2.1927521 2.5212375 4.3520654 3.9893056 2.6199127 2.2938904 2.1754869 2.2846315 2.3025694 3.3520189 2.3664464 2.1716574 2.4569123 2.3943734 2.4758820 2.2160219 2.4589285 2.4827826 2.2203889 1.7993511 0.0000000 0.2908544 1.6886369 
Pseudaphritidae   2.2113097 2.2617009 2.4880666 2.5246413 2.3908406 2.2231919 2.1548363 2.2764543 2.1899002 2.0412692 2.1570496 2.3564058 2.2591920 2.1619347 2.3209209 2.3437945 2.2789000 2.6453956 2.1026021 1.9639976 1.9148218 1.9690655 2.0253418 2.0736260 1.9968290 2.0484991 2.0713991 1.9805565 1.9918562 2.2362075 3.7426547 4.0670775 2.2561039 2.1740967 1.9794608 2.0755597 1.9924795 2.9293500 1.9208384 2.1032350 2.3188370 2.3809312 2.4940811 2.0735393 2.3320421 2.4107270 2.1681604 1.6102091 0.2908544 0.0000000 1.6635787 
Carcharhinidae    2.3593847 2.2827538 2.4401054 2.1825882 2.2048007 2.3399352 1.8226493 1.9509500 1.8948531 1.8833618 1.9755898 1.7996046 2.2398962 2.0625831 2.0451341 2.0244905 1.8203516 2.1178447 1.6975254 1.6462333 1.7054331 1.6153855 1.5933507 1.7336730 1.6308814 1.6908568 1.6293661 1.7128046 1.6434741 1.7525941 2.4987132 2.1278476 1.7267755 1.8799379 1.6257289 1.5344090 1.5869850 2.0903073 1.7542207 1.5191930 1.9154795 1.8453349 1.8259105 1.7169881 1.7702580 1.7260433 1.5944069 1.6124400 1.6886369 1.6635787 0.0000000 
