51
Pitheciidae       0.0000000 0.0377361 0.0324951 0.0299221 0.0261514 0.0286991 0.0223087 0.0325561 0.0248888 0.0312213 0.0337561 0.0285651 0.0366217 0.0325877 0.0300840 0.1178866 0.0990500 0.0851199 0.3664756 0.3390453 0.3547841 0.3405777 0.3560944 0.3355689 0.3517179 0.3644597 0.3541762 0.3415467 0.3501571 0.3724533 0.2663162 0.3993846 0.2956494 0.2668316 0.2748998 0.2807046 0.2672736 0.3126601 0.3102575 0.5562468 0.3917471 0.3600883 0.4051832 0.4487250 0.4724009 0.4711940 0.4065854 1.8378967 0.6540118 0.6519497 2.4151559 
Scandentia        0.0377361 0.0000000 0.0429632 0.0403355 0.0391106 0.0417184 0.0351545 0.0456729 0.0378224 0.0416670 0.0441812 0.0415193 0.0526523 0.0484262 0.0431826 0.1227486 0.1095127 0.0924853 0.3817654 0.3577128 0.3734361 0.3571209 0.3755872 0.3519882 0.3683946 0.3728012 0.3710304 0.3622410 0.3696498 0.3904003 0.2844049 0.4104979 0.3151124 0.2757316 0.2861344 0.2972133 0.2657021 0.3272707 0.3177238 0.5596531 0.3934312 0.3757406 0.4173041 0.4617670 0.4801836 0.4735655 0.4235795 1.7918523 0.7051400 0.6920960 2.4802685 
Erethizontidae    0.0324951 0.0429632 0.0000000 0.0172838 0.0312733 0.0338430 0.0273885 0.0377359 0.0300014 0.0363809 0.0389328 0.0311246 0.0432159 0.0404298 0.0352581 0.1238606 0.1019640 0.0907963 0.3625290 0.3352456 0.3551060 0.3408843 0.3564208 0.3358907 0.3478481 0.3605187 0.3502713 0.3418515 0.3462172 0.3642125 0.2606300 0.3817121 0.2959175 0.2559366 0.2659699 0.2788509 0.2600438 0.3129314 0.3031678 0.5326531 0.3974427 0.3648486 0.4056535 0.4365485 0.4649193 0.4637736 0.4023632 1.8151027 0.6886849 0.6801487 2.3921542 
Capromyidae       0.0299221 0.0403355 0.0172838 0.0000000 0.0287010 0.0312591 0.0248380 0.0351332 0.0274339 0.0337886 0.0363314 0.0285650 0.0379562 0.0352147 0.0326587 0.1208394 0.0990523 0.0879324 0.3622320 0.3432131 0.3590493 0.3447984 0.3604056 0.3397741 0.3517501 0.3644951 0.3584792 0.3457328 0.3587955 0.3724905 0.2718081 0.3994651 0.3036294 0.2668599 0.2770658 0.2845610 0.2689316 0.3207821 0.3033771 0.5241657 0.3951191 0.3714994 0.4126037 0.4487871 0.4704231 0.4662782 0.4046805 1.8326228 0.6776394 0.6692016 2.3819776 
Muridae           0.0261514 0.0391106 0.0312733 0.0287010 0.0000000 0.0274757 0.0210878 0.0313320 0.0236652 0.0299993 0.0325351 0.0273474 0.0367198 0.0326742 0.0288563 0.1108115 0.0949769 0.0810953 0.3578728 0.3285424 0.3481200 0.3358103 0.3536467 0.3290911 0.3409800 0.3534826 0.3391691 0.3350376 0.3495181 0.3656812 0.2620723 0.3948893 0.2916849 0.2520470 0.2620085 0.2731632 0.2577725 0.3085813 0.3034767 0.5428497 0.3888194 0.3601740 0.4006763 0.4479112 0.4644344 0.4773127 0.4083438 1.8175912 0.6767578 0.6745695 2.3994423 
Castoridae        0.0286991 0.0417184 0.0338430 0.0312591 0.0274757 0.0000000 0.0236154 0.0339067 0.0262084 0.0325643 0.0351080 0.0298928 0.0406700 0.0365791 0.0288543 0.1151333 0.0978276 0.0838916 0.3611217 0.3338520 0.3579640 0.3479287 0.3636442 0.3303405 0.3422803 0.3524361 0.3422714 0.3321891 0.3490500 0.3628405 0.2613193 0.3984456 0.2945222 0.2582622 0.2683519 0.2736852 0.2586863 0.3155933 0.3091862 0.5493070 0.4005605 0.3722969 0.4135279 0.4547775 0.4736111 0.4792881 0.4036505 1.8216980 0.6488066 0.6593100 2.3879305 
Suidae            0.0223087 0.0351545 0.0273885 0.0248380 0.0210878 0.0236154 0.0000000 0.0173192 0.0123205 0.0185459 0.0210419 0.0159857 0.0263394 0.0224095 0.0224282 0.1091499 0.0905545 0.0767805 0.3471519 0.3205708 0.3357555 0.3299973 0.3495037 0.3210078 0.3328409 0.3451739 0.3351179 0.3269497 0.3309328 0.3549021 0.2509369 0.3833586 0.2862222 0.2521601 0.2621272 0.2674241 0.2525699 0.3007866 0.3007653 0.5372895 0.3790981 0.3558836 0.3961850 0.4344378 0.4525556 0.4557120 0.3836116 1.8013450 0.6518724 0.6498321 2.3713117 
Hippopotamidae    0.0325561 0.0456729 0.0377359 0.0351332 0.0313320 0.0339067 0.0173192 0.0000000 0.0123172 0.0287296 0.0287024 0.0260866 0.0341492 0.0327060 0.0327334 0.1211496 0.0993012 0.0881493 0.3585173 0.3354947 0.3553788 0.3411434 0.3609843 0.3361438 0.3415561 0.3522758 0.3421159 0.3421093 0.3464603 0.3681615 0.2641466 0.3955912 0.3006539 0.2656001 0.2720172 0.2811967 0.2697827 0.3143092 0.3112834 0.5447629 0.3959098 0.3651692 0.3994330 0.4312449 0.4562746 0.4593623 0.3842099 1.8177767 0.6533674 0.6412821 2.3516947 
Hyperoodontidae   0.0248888 0.0378224 0.0300014 0.0274339 0.0236652 0.0262084 0.0123205 0.0123172 0.0000000 0.0211044 0.0210846 0.0185196 0.0289680 0.0250020 0.0250229 0.1123193 0.0907588 0.0797317 0.3507201 0.3320301 0.3518326 0.3418202 0.3617163 0.3326307 0.3422264 0.3572285 0.3469931 0.3386045 0.3386469 0.3603500 0.2554013 0.3873470 0.2910243 0.2565601 0.2628807 0.2719665 0.2586366 0.2994811 0.3016886 0.5374181 0.3868620 0.3614884 0.4022092 0.4361296 0.4563513 0.4594376 0.3876773 1.8015675 0.6558416 0.6498910 2.3516947 
Vespertilionidae  0.0312213 0.0416670 0.0363809 0.0337886 0.0299993 0.0325643 0.0185459 0.0287296 0.0211044 0.0000000 0.0222832 0.0197435 0.0314824 0.0313645 0.0313907 0.1194460 0.1005523 0.0865844 0.3519314 0.3251016 0.3446250 0.3346714 0.3500822 0.3256027 0.3392259 0.3499408 0.3398132 0.3274686 0.3356552 0.3639493 0.2583061 0.3895533 0.2979258 0.2557510 0.2657744 0.2748518 0.2619341 0.3046733 0.3029204 0.5406212 0.3880177 0.3627249 0.4034101 0.4420775 0.4654912 0.4683809 0.3981223 1.8466276 0.6460046 0.6477143 2.4081567 
Furipteridae      0.0337561 0.0441812 0.0389328 0.0363314 0.0325351 0.0351080 0.0210419 0.0287024 0.0210846 0.0222832 0.0000000 0.0222357 0.0366369 0.0339113 0.0339397 0.1222645 0.1033120 0.0893073 0.3598630 0.3327257 0.3524780 0.3406705 0.3604766 0.3333339 0.3470035 0.3523307 0.3476547 0.3392636 0.3435611 0.3627269 0.2638195 0.3915847 0.3031533 0.2606849 0.2707668 0.2798790 0.2669076 0.3139202 0.3064068 0.5535316 0.3866462 0.3640279 0.4092720 0.4452669 0.4646532 0.4715420 0.3974732 1.8516854 0.6423618 0.6489066 2.4498065 
Rhinolophidae     0.0285651 0.0415193 0.0311246 0.0285650 0.0273474 0.0298928 0.0159857 0.0260866 0.0185196 0.0197435 0.0222357 0.0000000 0.0288020 0.0286951 0.0287190 0.1160499 0.0973213 0.0834648 0.3517937 0.3291538 0.3486919 0.3370339 0.3584242 0.3256265 0.3333288 0.3498157 0.3397511 0.3315460 0.3397984 0.3594952 0.2591548 0.3926086 0.2924816 0.2529310 0.2628703 0.2735098 0.2585967 0.3070677 0.3013850 0.5348588 0.3902475 0.3606700 0.4055968 0.4401745 0.4504398 0.4633662 0.3866076 1.8141553 0.6402560 0.6443926 2.3853959 
Viverridae        0.0366217 0.0526523 0.0432159 0.0379562 0.0367198 0.0406700 0.0263394 0.0341492 0.0289680 0.0314824 0.0366369 0.0288020 0.0000000 0.0212506 0.0394998 0.1280013 0.1086867 0.0959504 0.3653334 0.3420015 0.3596849 0.3447268 0.3578791 0.3403675 0.3505384 0.3651455 0.3548357 0.3463359 0.3489278 0.3756580 0.2705342 0.4039188 0.3006635 0.2656064 0.2758141 0.2795016 0.2659980 0.3137469 0.3107211 0.5490821 0.3940324 0.3762881 0.4159986 0.4428549 0.4684605 0.4713030 0.4052617 1.8309057 0.6696539 0.6715498 2.4172569 
Procyonidae       0.0325877 0.0484262 0.0404298 0.0352147 0.0326742 0.0365791 0.0224095 0.0327060 0.0250020 0.0313645 0.0339113 0.0286951 0.0212506 0.0000000 0.0354073 0.1199127 0.1053289 0.0912101 0.3646047 0.3413439 0.3614056 0.3513749 0.3689735 0.3379086 0.3498785 0.3644175 0.3541356 0.3480396 0.3482345 0.3749048 0.2700488 0.4046887 0.3040843 0.2651288 0.2791103 0.2845109 0.2709466 0.3131364 0.3016457 0.5433843 0.3931332 0.3676868 0.4059025 0.4447319 0.4651957 0.4592723 0.4006981 1.7914142 0.6619656 0.6576332 2.3684097 
Myrmecophagidae   0.0300840 0.0431826 0.0352581 0.0326587 0.0288563 0.0288543 0.0224282 0.0327334 0.0250229 0.0313907 0.0339397 0.0287190 0.0394998 0.0354073 0.0000000 0.1171924 0.0982567 0.0842547 0.3554887 0.3340990 0.3540923 0.3440082 0.3615496 0.3347330 0.3467845 0.3570401 0.3425333 0.3389176 0.3494132 0.3744153 0.2627924 0.3929796 0.2855738 0.2550866 0.2604819 0.2704797 0.2624588 0.3059049 0.2945466 0.5426707 0.4033681 0.3725528 0.4136360 0.4551457 0.4639510 0.4629307 0.4008515 1.8550992 0.6645165 0.6623744 2.4499791 
Caluromyidae      0.1178866 0.1227486 0.1238606 0.1208394 0.1108115 0.1151333 0.1091499 0.1211496 0.1123193 0.1194460 0.1222645 0.1160499 0.1280013 0.1199127 0.1171924 0.0000000 0.0785882 0.0611023 0.4079323 0.3763920 0.3924431 0.3805190 0.4128030 0.3776719 0.3854725 0.3962172 0.3838535 0.3811376 0.3958981 0.4285153 0.3281876 0.4469038 0.3563850 0.3280888 0.3351944 0.3433361 0.3286963 0.3517234 0.3620466 0.5657157 0.4506668 0.4192080 0.4537866 0.5218118 0.5257976 0.4980740 0.4713264 1.8875090 0.7728325 0.7701274 2.3886460 
Thylacomyidae     0.0990500 0.1095127 0.1019640 0.0990523 0.0949769 0.0978276 0.0905545 0.0993012 0.0907588 0.1005523 0.1033120 0.0973213 0.1086867 0.1053289 0.0982567 0.0785882 0.0000000 0.0361583 0.4070999 0.3858904 0.4010131 0.3813926 0.3965901 0.3785353 0.3951149 0.4042719 0.3899663 0.3907265 0.3969491 0.4221075 0.3080886 0.4384355 0.3523007 0.3101104 0.3101765 0.3295348 0.3225601 0.3441726 0.3448920 0.5655606 0.4278056 0.4089598 0.4404123 0.4870377 0.5041354 0.4999767 0.4508796 1.8356678 0.7414968 0.7324745 2.3652663 
Phalangeridae     0.0851199 0.0924853 0.0907963 0.0879324 0.0810953 0.0838916 0.0767805 0.0881493 0.0797317 0.0865844 0.0893073 0.0834648 0.0959504 0.0912101 0.0842547 0.0611023 0.0361583 0.0000000 0.3837060 0.3615517 0.3760544 0.3567827 0.3838737 0.3558901 0.3729192 0.3765952 0.3687319 0.3618697 0.3716689 0.3967348 0.2876112 0.4222159 0.3266616 0.2938150 0.3005316 0.3083520 0.2999269 0.3247359 0.3302597 0.5679099 0.4124546 0.3938039 0.4266637 0.4796635 0.5049331 0.4761497 0.4253716 1.8358771 0.7131842 0.7174297 2.3971047 
Tityridae         0.3664756 0.3817654 0.3625290 0.3622320 0.3578728 0.3611217 0.3471519 0.3585173 0.3507201 0.3519314 0.3598630 0.3517937 0.3653334 0.3646047 0.3554887 0.4079323 0.4070999 0.3837060 0.0000000 0.1157603 0.1325544 0.1322551 0.1565250 0.1200088 0.1343928 0.1408791 0.1358581 0.1265020 0.1316598 0.3144115 0.2484976 0.3630591 0.3579299 0.3057403 0.3174376 0.3298783 0.3189997 0.3725290 0.4632388 0.6801819 0.5841307 0.6121189 0.6520021 0.7052504 0.6666303 0.6600717 0.5531060 2.1136202 0.8791520 0.8857131 2.5658392 
Ptilonorhynchidae 0.3390453 0.3577128 0.3352456 0.3432131 0.3285424 0.3338520 0.3205708 0.3354947 0.3320301 0.3251016 0.3327257 0.3291538 0.3420015 0.3413439 0.3340990 0.3763920 0.3858904 0.3615517 0.1157603 0.0000000 0.0911723 0.1003010 0.1159887 0.0806197 0.0970078 0.1028232 0.0982849 0.0910792 0.1199539 0.2958040 0.2268677 0.3577003 0.3154958 0.2895953 0.3051460 0.2977495 0.2836323 0.3350094 0.4429212 0.6715723 0.5286108 0.5594725 0.5972427 0.6097787 0.6006114 0.5825331 0.5511278 2.0415082 0.8213585 0.8471443 2.5179681 
Callaeatidae      0.3547841 0.3734361 0.3551060 0.3590493 0.3481200 0.3579640 0.3357555 0.3553788 0.3518326 0.3446250 0.3524780 0.3486919 0.3596849 0.3614056 0.3540923 0.3924431 0.4010131 0.3760544 0.1325544 0.0911723 0.0000000 0.0946530 0.1115567 0.0711532 0.0886542 0.0943771 0.0941244 0.0774166 0.1401333 0.3166098 0.2572776 0.3872361 0.3510823 0.3210073 0.3329564 0.3422130 0.3223705 0.3471252 0.4627900 0.6827592 0.5401890 0.5514313 0.6045870 0.6180400 0.6228620 0.6024951 0.5726544 2.0156809 0.8701356 0.8813944 2.5890235 
Monarchidae       0.3405777 0.3571209 0.3408843 0.3447984 0.3358103 0.3479287 0.3299973 0.3411434 0.3418202 0.3346714 0.3406705 0.3370339 0.3447268 0.3513749 0.3440082 0.3805190 0.3813926 0.3567827 0.1322551 0.1003010 0.0946530 0.0000000 0.0742922 0.0840708 0.0977388 0.0963283 0.0991508 0.0904313 0.1346644 0.3238865 0.2460356 0.3899691 0.3252249 0.3062517 0.3196461 0.3171702 0.3081205 0.3583658 0.4599555 0.6523875 0.5474347 0.5620128 0.5997023 0.6107371 0.6111047 0.5975186 0.5829801 2.1131751 0.9022643 0.9063778 2.5886579 
Malaconotidae     0.3560944 0.3755872 0.3564208 0.3604056 0.3536467 0.3636442 0.3495037 0.3609843 0.3617163 0.3500822 0.3604766 0.3584242 0.3578791 0.3689735 0.3615496 0.4128030 0.3965901 0.3838737 0.1565250 0.1159887 0.1115567 0.0742922 0.0000000 0.0909005 0.1134095 0.1078930 0.1075996 0.1028992 0.1562947 0.3208218 0.2688127 0.3822549 0.3498967 0.3139093 0.3275632 0.3350720 0.3198498 0.3648191 0.4584288 0.6697987 0.5614502 0.5737829 0.6179313 0.6177741 0.6222514 0.6219220 0.6011159 2.0613778 0.8995630 0.8828189 2.4869618 
Certhiidae        0.3355689 0.3519882 0.3358907 0.3397741 0.3290911 0.3303405 0.3210078 0.3361438 0.3326307 0.3256027 0.3333339 0.3256265 0.3403675 0.3379086 0.3347330 0.3776719 0.3785353 0.3558901 0.1200088 0.0806197 0.0711532 0.0840708 0.0909005 0.0000000 0.0487489 0.0542017 0.0553467 0.0512755 0.1243592 0.2997167 0.2296469 0.3773878 0.3377248 0.2987601 0.3165955 0.3129890 0.2965909 0.3519500 0.4508597 0.6729414 0.5228732 0.5482900 0.5827006 0.5957108 0.6140501 0.5962179 0.5557749 2.0209101 0.8498407 0.8866540 2.5680780 
Cinclidae         0.3517179 0.3683946 0.3478481 0.3517501 0.3409800 0.3422803 0.3328409 0.3415561 0.3422264 0.3392259 0.3470035 0.3333288 0.3505384 0.3498785 0.3467845 0.3854725 0.3951149 0.3729192 0.1343928 0.0970078 0.0886542 0.0977388 0.1134095 0.0487489 0.0000000 0.0699847 0.0698093 0.0669035 0.1467183 0.3088490 0.2480749 0.3885287 0.3384060 0.2951863 0.3145746 0.3092617 0.3008195 0.3641903 0.4647606 0.6678303 0.5270315 0.5578447 0.5915720 0.5995101 0.6237686 0.6054658 0.5760368 2.0533413 0.8554076 0.8716455 2.5213493 
Ploceidae         0.3644597 0.3728012 0.3605187 0.3644951 0.3534826 0.3524361 0.3451739 0.3522758 0.3572285 0.3499408 0.3523307 0.3498157 0.3651455 0.3644175 0.3570401 0.3962172 0.4042719 0.3765952 0.1408791 0.1028232 0.0943771 0.0963283 0.1078930 0.0542017 0.0699847 0.0000000 0.0446027 0.0684142 0.1470204 0.3048882 0.2463690 0.3787851 0.3535146 0.3112412 0.3311077 0.3222215 0.3153520 0.3716625 0.4585174 0.6567540 0.5320813 0.5660449 0.6036507 0.6288149 0.6305887 0.6074381 0.5891245 2.0410876 0.8710883 0.8924567 2.5452190 
Thraupidae        0.3541762 0.3710304 0.3502713 0.3584792 0.3391691 0.3422714 0.3351179 0.3421159 0.3469931 0.3398132 0.3476547 0.3397511 0.3548357 0.3541356 0.3425333 0.3838535 0.3899663 0.3687319 0.1358581 0.0982849 0.0941244 0.0991508 0.1075996 0.0553467 0.0698093 0.0446027 0.0000000 0.0655736 0.1344122 0.2998525 0.2415983 0.3709134 0.3358254 0.3027905 0.3183512 0.3012044 0.3045824 0.3518323 0.4470128 0.6524681 0.5292520 0.5589643 0.5966809 0.6237031 0.6268053 0.5921904 0.5766045 2.0206413 0.8354485 0.8516278 2.5115347 
Alaudidae         0.3415467 0.3622410 0.3418515 0.3457328 0.3350376 0.3321891 0.3269497 0.3421093 0.3386045 0.3274686 0.3392636 0.3315460 0.3463359 0.3480396 0.3389176 0.3811376 0.3907265 0.3618697 0.1265020 0.0910792 0.0774166 0.0904313 0.1028992 0.0512755 0.0669035 0.0684142 0.0655736 0.0000000 0.1339189 0.3043772 0.2314728 0.3732257 0.3224436 0.2903331 0.3094645 0.3126345 0.2980885 0.3524892 0.4424896 0.6930656 0.5093219 0.5253747 0.5710663 0.5833039 0.5949321 0.5745835 0.5681962 2.0315742 0.8581982 0.8650563 2.5109156 
Coraciiformes     0.3501571 0.3696498 0.3462172 0.3587955 0.3495181 0.3490500 0.3309328 0.3464603 0.3386469 0.3356552 0.3435611 0.3397984 0.3489278 0.3482345 0.3494132 0.3958981 0.3969491 0.3716689 0.1316598 0.1199539 0.1401333 0.1346644 0.1562947 0.1243592 0.1467183 0.1470204 0.1344122 0.1339189 0.0000000 0.2972012 0.2301954 0.3665050 0.3220859 0.2921871 0.3060063 0.2989734 0.2855248 0.3403280 0.4484777 0.6876781 0.5649835 0.5874367 0.6175800 0.6451378 0.6464445 0.6435057 0.5623545 2.0822393 0.8587577 0.8934646 2.6192882 
Crocodylidae      0.3724533 0.3904003 0.3642125 0.3724905 0.3656812 0.3628405 0.3549021 0.3681615 0.3603500 0.3639493 0.3627269 0.3594952 0.3756580 0.3749048 0.3744153 0.4285153 0.4221075 0.3967348 0.3144115 0.2958040 0.3166098 0.3238865 0.3208218 0.2997167 0.3088490 0.3048882 0.2998525 0.3043772 0.2972012 0.0000000 0.2557427 0.3900438 0.3601393 0.3287107 0.3295517 0.3458616 0.3376861 0.3749459 0.4668110 0.7245960 0.5738844 0.5949165 0.6324304 0.6610373 0.6540774 0.6475333 0.5851482 1.9455443 0.8844341 0.9021415 2.4662155 
Carettochelyidae  0.2663162 0.2844049 0.2606300 0.2718081 0.2620723 0.2613193 0.2509369 0.2641466 0.2554013 0.2583061 0.2638195 0.2591548 0.2705342 0.2700488 0.2627924 0.3281876 0.3080886 0.2876112 0.2484976 0.2268677 0.2572776 0.2460356 0.2688127 0.2296469 0.2480749 0.2463690 0.2415983 0.2314728 0.2301954 0.2557427 0.0000000 0.2178906 0.2582306 0.2344831 0.2369578 0.2506000 0.2300467 0.2698367 0.3737824 0.6222220 0.4534389 0.4730244 0.5163601 0.5431557 0.5260096 0.5330778 0.4763582 2.0570549 0.7771982 0.8026567 2.4250539 
Kinosternidae     0.3993846 0.4104979 0.3817121 0.3994651 0.3948893 0.3984456 0.3833586 0.3955912 0.3873470 0.3895533 0.3915847 0.3926086 0.4039188 0.4046887 0.3929796 0.4469038 0.4384355 0.4222159 0.3630591 0.3577003 0.3872361 0.3899691 0.3822549 0.3773878 0.3885287 0.3787851 0.3709134 0.3732257 0.3665050 0.3900438 0.2178906 0.0000000 0.3758030 0.3683422 0.3627342 0.3710808 0.3684801 0.4185434 0.5253195 0.7550424 0.6124452 0.6082321 0.6498699 0.6838182 0.7045765 0.6987207 0.6259923 2.0241445 0.9017524 0.8779618 2.7285527 
Anomalepididae    0.2956494 0.3151124 0.2959175 0.3036294 0.2916849 0.2945222 0.2862222 0.3006539 0.2910243 0.2979258 0.3031533 0.2924816 0.3006635 0.3040843 0.2855738 0.3563850 0.3523007 0.3266616 0.3579299 0.3154958 0.3510823 0.3252249 0.3498967 0.3377248 0.3384060 0.3535146 0.3358254 0.3224436 0.3220859 0.3601393 0.2582306 0.3758030 0.0000000 0.1274010 0.1199503 0.1306373 0.1552006 0.2217386 0.3767453 0.6029660 0.4348646 0.4732097 0.5067767 0.4889453 0.5256809 0.5280942 0.4847790 1.9960595 0.8016730 0.8082270 2.3639636 
Loxocemidae       0.2668316 0.2757316 0.2559366 0.2668599 0.2520470 0.2582622 0.2521601 0.2656001 0.2565601 0.2557510 0.2606849 0.2529310 0.2656064 0.2651288 0.2550866 0.3280888 0.3101104 0.2938150 0.3057403 0.2895953 0.3210073 0.3062517 0.3139093 0.2987601 0.2951863 0.3112412 0.3027905 0.2903331 0.2921871 0.3287107 0.2344831 0.3683422 0.1274010 0.0000000 0.0610165 0.1151839 0.1242613 0.2008673 0.3476053 0.5507428 0.4256943 0.4429476 0.4745710 0.4787972 0.5145379 0.5040961 0.4416282 1.9291739 0.7096356 0.7202012 2.3864792 
Natricidae        0.2748998 0.2861344 0.2659699 0.2770658 0.2620085 0.2683519 0.2621272 0.2720172 0.2628807 0.2657744 0.2707668 0.2628703 0.2758141 0.2791103 0.2604819 0.3351944 0.3101765 0.3005316 0.3174376 0.3051460 0.3329564 0.3196461 0.3275632 0.3165955 0.3145746 0.3311077 0.3183512 0.3094645 0.3060063 0.3295517 0.2369578 0.3627342 0.1199503 0.0610165 0.0000000 0.1126615 0.1214077 0.1910060 0.3529870 0.5395551 0.4356564 0.4426427 0.4904549 0.4957301 0.5171444 0.5171038 0.4416664 1.9272596 0.7175122 0.7349050 2.3463509 
Xenosauridae      0.2807046 0.2972133 0.2788509 0.2845610 0.2731632 0.2736852 0.2674241 0.2811967 0.2719665 0.2748518 0.2798790 0.2735098 0.2795016 0.2845109 0.2704797 0.3433361 0.3295348 0.3083520 0.3298783 0.2977495 0.3422130 0.3171702 0.3350720 0.3129890 0.3092617 0.3222215 0.3012044 0.3126345 0.2989734 0.3458616 0.2506000 0.3710808 0.1306373 0.1151839 0.1126615 0.0000000 0.1274132 0.2022099 0.3596470 0.5609429 0.4306440 0.4529913 0.4799965 0.5019572 0.5354493 0.5213634 0.4564720 1.8815922 0.6816101 0.7005700 2.3672578 
Teiidae           0.2672736 0.2657021 0.2600438 0.2689316 0.2577725 0.2586863 0.2525699 0.2697827 0.2586366 0.2619341 0.2669076 0.2585967 0.2659980 0.2709466 0.2624588 0.3286963 0.3225601 0.2999269 0.3189997 0.2836323 0.3223705 0.3081205 0.3198498 0.2965909 0.3008195 0.3153520 0.3045824 0.2980885 0.2855248 0.3376861 0.2300467 0.3684801 0.1552006 0.1242613 0.1214077 0.1274132 0.0000000 0.1876507 0.3591652 0.5955563 0.4489082 0.4740074 0.5185335 0.5074770 0.5223573 0.5256968 0.4727045 1.9256245 0.7354936 0.7391217 2.4242866 
Eublepharidae     0.3126601 0.3272707 0.3129314 0.3207821 0.3085813 0.3155933 0.3007866 0.3143092 0.2994811 0.3046733 0.3139202 0.3070677 0.3137469 0.3131364 0.3059049 0.3517234 0.3441726 0.3247359 0.3725290 0.3350094 0.3471252 0.3583658 0.3648191 0.3519500 0.3641903 0.3716625 0.3518323 0.3524892 0.3403280 0.3749459 0.2698367 0.4185434 0.2217386 0.2008673 0.1910060 0.2022099 0.1876507 0.0000000 0.4025418 0.6391225 0.4815030 0.5237227 0.5696566 0.5477437 0.5833208 0.5670007 0.5332535 1.9695330 0.7614074 0.7848479 2.4443170 
Dicamptodontidae  0.3102575 0.3177238 0.3031678 0.3033771 0.3034767 0.3091862 0.3007653 0.3112834 0.3016886 0.3029204 0.3064068 0.3013850 0.3107211 0.3016457 0.2945466 0.3620466 0.3448920 0.3302597 0.4632388 0.4429212 0.4627900 0.4599555 0.4584288 0.4508597 0.4647606 0.4585174 0.4470128 0.4424896 0.4484777 0.4668110 0.3737824 0.5253195 0.3767453 0.3476053 0.3529870 0.3596470 0.3591652 0.4025418 0.0000000 0.4680260 0.3249147 0.3179321 0.3695203 0.4142269 0.4028768 0.3794655 0.3922033 1.9745605 0.7648466 0.7362595 2.4953477 
Alytidae          0.5562468 0.5596531 0.5326531 0.5241657 0.5428497 0.5493070 0.5372895 0.5447629 0.5374181 0.5406212 0.5535316 0.5348588 0.5490821 0.5433843 0.5426707 0.5657157 0.5655606 0.5679099 0.6801819 0.6715723 0.6827592 0.6523875 0.6697987 0.6729414 0.6678303 0.6567540 0.6524681 0.6930656 0.6876781 0.7245960 0.6222220 0.7550424 0.6029660 0.5507428 0.5395551 0.5609429 0.5955563 0.6391225 0.4680260 0.0000000 0.4846515 0.5046402 0.5167531 0.5648877 0.5435974 0.5450867 0.6180461 2.2316560 1.0440711 1.0491631 2.8537260 
Heleophrynidae    0.3917471 0.3934312 0.3974427 0.3951191 0.3888194 0.4005605 0.3790981 0.3959098 0.3868620 0.3880177 0.3866462 0.3902475 0.3940324 0.3931332 0.4033681 0.4506668 0.4278056 0.4124546 0.5841307 0.5286108 0.5401890 0.5474347 0.5614502 0.5228732 0.5270315 0.5320813 0.5292520 0.5093219 0.5649835 0.5738844 0.4534389 0.6124452 0.4348646 0.4256943 0.4356564 0.4306440 0.4489082 0.4815030 0.3249147 0.4846515 0.0000000 0.2212832 0.2376306 0.2727692 0.3097115 0.2873159 0.5019133 1.9793141 0.7545505 0.7396506 2.4405640 
Leptodactylidae   0.3600883 0.3757406 0.3648486 0.3714994 0.3601740 0.3722969 0.3558836 0.3651692 0.3614884 0.3627249 0.3640279 0.3606700 0.3762881 0.3676868 0.3725528 0.4192080 0.4089598 0.3938039 0.6121189 0.5594725 0.5514313 0.5620128 0.5737829 0.5482900 0.5578447 0.5660449 0.5589643 0.5253747 0.5874367 0.5949165 0.4730244 0.6082321 0.4732097 0.4429476 0.4426427 0.4529913 0.4740074 0.5237227 0.3179321 0.5046402 0.2212832 0.0000000 0.0837192 0.3010029 0.3154675 0.2674761 0.4746449 1.9260400 0.8188055 0.7889066 2.5525147 
Strabomantidae    0.4051832 0.4173041 0.4056535 0.4126037 0.4006763 0.4135279 0.3961850 0.3994330 0.4022092 0.4034101 0.4092720 0.4055968 0.4159986 0.4059025 0.4136360 0.4537866 0.4404123 0.4266637 0.6520021 0.5972427 0.6045870 0.5997023 0.6179313 0.5827006 0.5915720 0.6036507 0.5966809 0.5710663 0.6175800 0.6324304 0.5163601 0.6498699 0.5067767 0.4745710 0.4904549 0.4799965 0.5185335 0.5696566 0.3695203 0.5167531 0.2376306 0.0837192 0.0000000 0.3140843 0.3295166 0.2930855 0.5236239 1.9510811 0.8352022 0.8095802 2.5336434 
Micrixalidae      0.4487250 0.4617670 0.4365485 0.4487871 0.4479112 0.4547775 0.4344378 0.4312449 0.4361296 0.4420775 0.4452669 0.4401745 0.4428549 0.4447319 0.4551457 0.5218118 0.4870377 0.4796635 0.7052504 0.6097787 0.6180400 0.6107371 0.6177741 0.5957108 0.5995101 0.6288149 0.6237031 0.5833039 0.6451378 0.6610373 0.5431557 0.6838182 0.4889453 0.4787972 0.4957301 0.5019572 0.5074770 0.5477437 0.4142269 0.5648877 0.2727692 0.3010029 0.3140843 0.0000000 0.2693238 0.2752504 0.5500185 2.0806243 0.7895755 0.7753978 2.5676940 
Hemisotidae       0.4724009 0.4801836 0.4649193 0.4704231 0.4644344 0.4736111 0.4525556 0.4562746 0.4563513 0.4654912 0.4646532 0.4504398 0.4684605 0.4651957 0.4639510 0.5257976 0.5041354 0.5049331 0.6666303 0.6006114 0.6228620 0.6111047 0.6222514 0.6140501 0.6237686 0.6305887 0.6268053 0.5949321 0.6464445 0.6540774 0.5260096 0.7045765 0.5256809 0.5145379 0.5171444 0.5354493 0.5223573 0.5833208 0.4028768 0.5435974 0.3097115 0.3154675 0.3295166 0.2693238 0.0000000 0.2774705 0.5721771 2.1502453 0.9289038 0.9139760 2.6583389 
Asterophryidae    0.4711940 0.4735655 0.4637736 0.4662782 0.4773127 0.4792881 0.4557120 0.4593623 0.4594376 0.4683809 0.4715420 0.4633662 0.4713030 0.4592723 0.4629307 0.4980740 0.4999767 0.4761497 0.6600717 0.5825331 0.6024951 0.5975186 0.6219220 0.5962179 0.6054658 0.6074381 0.5921904 0.5745835 0.6435057 0.6475333 0.5330778 0.6987207 0.5280942 0.5040961 0.5171038 0.5213634 0.5256968 0.5670007 0.3794655 0.5450867 0.2873159 0.2674761 0.2930855 0.2752504 0.2774705 0.0000000 0.5540710 2.0866135 0.8590063 0.8609080 2.5928415 
Caeciliidae2      0.4065854 0.4235795 0.4023632 0.4046805 0.4083438 0.4036505 0.3836116 0.3842099 0.3876773 0.3981223 0.3974732 0.3866076 0.4052617 0.4006981 0.4008515 0.4713264 0.4508796 0.4253716 0.5531060 0.5511278 0.5726544 0.5829801 0.6011159 0.5557749 0.5760368 0.5891245 0.5766045 0.5681962 0.5623545 0.5851482 0.4763582 0.6259923 0.4847790 0.4416282 0.4416664 0.4564720 0.4727045 0.5332535 0.3922033 0.6180461 0.5019133 0.4746449 0.5236239 0.5500185 0.5721771 0.5540710 0.0000000 2.2632956 0.8187812 0.8177151 2.5011745 
Polypteriformes   1.8378967 1.7918523 1.8151027 1.8326228 1.8175912 1.8216980 1.8013450 1.8177767 1.8015675 1.8466276 1.8516854 1.8141553 1.8309057 1.7914142 1.8550992 1.8875090 1.8356678 1.8358771 2.1136202 2.0415082 2.0156809 2.1131751 2.0613778 2.0209101 2.0533413 2.0410876 2.0206413 2.0315742 2.0822393 1.9455443 2.0570549 2.0241445 1.9960595 1.9291739 1.9272596 1.8815922 1.9256245 1.9695330 1.9745605 2.2316560 1.9793141 1.9260400 1.9510811 2.0806243 2.1502453 2.0866135 2.2632956 0.0000000 2.0095420 1.9642212 3.9725301 
Channichthyidae   0.6540118 0.7051400 0.6886849 0.6776394 0.6767578 0.6488066 0.6518724 0.6533674 0.6558416 0.6460046 0.6423618 0.6402560 0.6696539 0.6619656 0.6645165 0.7728325 0.7414968 0.7131842 0.8791520 0.8213585 0.8701356 0.9022643 0.8995630 0.8498407 0.8554076 0.8710883 0.8354485 0.8581982 0.8587577 0.8844341 0.7771982 0.9017524 0.8016730 0.7096356 0.7175122 0.6816101 0.7354936 0.7614074 0.7648466 1.0440711 0.7545505 0.8188055 0.8352022 0.7895755 0.9289038 0.8590063 0.8187812 2.0095420 0.0000000 0.0885841 2.6787302 
Pseudaphritidae   0.6519497 0.6920960 0.6801487 0.6692016 0.6745695 0.6593100 0.6498321 0.6412821 0.6498910 0.6477143 0.6489066 0.6443926 0.6715498 0.6576332 0.6623744 0.7701274 0.7324745 0.7174297 0.8857131 0.8471443 0.8813944 0.9063778 0.8828189 0.8866540 0.8716455 0.8924567 0.8516278 0.8650563 0.8934646 0.9021415 0.8026567 0.8779618 0.8082270 0.7202012 0.7349050 0.7005700 0.7391217 0.7848479 0.7362595 1.0491631 0.7396506 0.7889066 0.8095802 0.7753978 0.9139760 0.8609080 0.8177151 1.9642212 0.0885841 0.0000000 2.6484326 
Carcharhinidae    2.4151559 2.4802685 2.3921542 2.3819776 2.3994423 2.3879305 2.3713117 2.3516947 2.3516947 2.4081567 2.4498065 2.3853959 2.4172569 2.3684097 2.4499791 2.3886460 2.3652663 2.3971047 2.5658392 2.5179681 2.5890235 2.5886579 2.4869618 2.5680780 2.5213493 2.5452190 2.5115347 2.5109156 2.6192882 2.4662155 2.4250539 2.7285527 2.3639636 2.3864792 2.3463509 2.3672578 2.4242866 2.4443170 2.4953477 2.8537260 2.4405640 2.5525147 2.5336434 2.5676940 2.6583389 2.5928415 2.5011745 3.9725301 2.6787302 2.6484326 0.0000000 
