51
Pitheciidae       0.0000000 0.0481817 0.0507495 0.0481715 0.0623884 0.0434487 0.0363801 0.0480301 0.0410222 0.0459144 0.0483308 0.0433900 0.0364169 0.0433308 0.0558114 0.1012280 0.0900853 0.0912780 0.5381302 0.5572112 0.5168752 0.5816299 0.5822338 0.5869629 0.5543322 0.5584003 0.5545870 0.5421268 0.6560476 0.3551330 0.6851709 0.4197192 0.2588830 0.3131933 0.3097054 0.2715497 0.2626286 0.3315935 0.7080103 0.5857208 0.5666322 0.5895955 0.5780083 0.5016556 0.7315593 0.5566358 0.5770794 1.4486255 1.1139529 1.1942216 2.4980631 
Scandentia        0.0481817 0.0000000 0.0508453 0.0435305 0.0625058 0.0435293 0.0364473 0.0481196 0.0410982 0.0435087 0.0459128 0.0410032 0.0364841 0.0387228 0.0557850 0.1090771 0.0977384 0.0990448 0.5269551 0.5445309 0.5144483 0.5701249 0.5667231 0.5663763 0.5429410 0.5560634 0.5432834 0.5222071 0.6438147 0.3631099 0.6492752 0.4169268 0.2623347 0.3170131 0.3134654 0.2750602 0.2661461 0.3498451 0.6868516 0.5829453 0.5400470 0.5857089 0.5752079 0.5018835 0.7014834 0.5397196 0.5641078 1.5427136 1.1544943 1.2494496 2.4876839 
Erethizontidae    0.0507495 0.0508453 0.0000000 0.0133821 0.0627202 0.0436771 0.0388698 0.0506012 0.0435441 0.0436249 0.0509203 0.0459304 0.0389091 0.0458678 0.0584710 0.1094740 0.0980871 0.0994032 0.5479393 0.5712259 0.5355025 0.5924527 0.5982026 0.5837555 0.5646320 0.5780741 0.5648091 0.5520358 0.6423183 0.3543407 0.6824897 0.4224267 0.2639993 0.3101509 0.3116540 0.2797412 0.2708047 0.3554337 0.7295323 0.6119978 0.5750923 0.5896147 0.5761977 0.5219460 0.7184880 0.5703889 0.5966225 1.4689279 1.1635581 1.2509828 2.5232463 
Capromyidae       0.0481715 0.0435305 0.0133821 0.0000000 0.0600563 0.0411470 0.0363803 0.0480307 0.0410225 0.0410988 0.0483314 0.0433904 0.0364171 0.0433312 0.0558123 0.1064035 0.0951359 0.0964029 0.5398800 0.5627815 0.5225696 0.5836919 0.5894167 0.5798325 0.5562320 0.5694954 0.5564733 0.5439279 0.6286092 0.3521296 0.6513332 0.4127534 0.2560711 0.3052651 0.3097969 0.2750436 0.2626789 0.3532289 0.7144423 0.5928257 0.5667624 0.5941776 0.5932426 0.5144173 0.6973005 0.5567425 0.5873964 1.4630330 1.1413240 1.2370257 2.5226454 
Muridae           0.0623884 0.0625058 0.0627202 0.0600563 0.0000000 0.0505022 0.0503857 0.0622041 0.0550936 0.0601275 0.0625988 0.0575080 0.0504376 0.0526733 0.0702855 0.1165929 0.1102353 0.1117258 0.5259195 0.5696707 0.5258244 0.5812953 0.5778399 0.5865869 0.5542144 0.5672955 0.5544681 0.5421038 0.6641640 0.3654299 0.6574535 0.4349060 0.2604644 0.3215668 0.3127877 0.2666165 0.2642165 0.3470838 0.7059535 0.6125977 0.5890819 0.6275368 0.6064250 0.5217312 0.7572732 0.5655627 0.5772700 1.5230424 1.1199990 1.1803198 2.5127572 
Castoridae        0.0434487 0.0435293 0.0436771 0.0411470 0.0505022 0.0000000 0.0317353 0.0433224 0.0363526 0.0365060 0.0388838 0.0340464 0.0317673 0.0386510 0.0509999 0.1012282 0.0850712 0.0912780 0.5210651 0.5291307 0.4914361 0.5455334 0.5512454 0.5508666 0.5191398 0.5318703 0.5196510 0.5078624 0.6415905 0.3420577 0.6319104 0.4074786 0.2426571 0.3023294 0.2957986 0.2614890 0.2491561 0.3276017 0.6953493 0.5896577 0.5583112 0.5750558 0.5743557 0.5193383 0.7223174 0.5485033 0.5604161 1.4293064 1.0909526 1.1698295 2.5364142 
Suidae            0.0363801 0.0364473 0.0388698 0.0363803 0.0503857 0.0317353 0.0000000 0.0155895 0.0088769 0.0179340 0.0202246 0.0156118 0.0088920 0.0155921 0.0388400 0.0904524 0.0796258 0.0806614 0.5203877 0.5336608 0.4993844 0.5447904 0.5504929 0.5590286 0.5272046 0.5399951 0.5276574 0.5157560 0.6345232 0.3450615 0.6204995 0.3897339 0.2443822 0.2902080 0.2937692 0.2567658 0.2478461 0.3220019 0.6745666 0.5381965 0.5114150 0.5359530 0.5356852 0.4665191 0.6659374 0.5076073 0.5154273 1.4795075 1.0718532 1.1782779 2.5015280 
Hippopotamidae    0.0480301 0.0481196 0.0506012 0.0480307 0.0622041 0.0433224 0.0155895 0.0000000 0.0155784 0.0293116 0.0316437 0.0269189 0.0201231 0.0268832 0.0458236 0.1029863 0.0918860 0.0930961 0.5059601 0.5450778 0.5020746 0.5474301 0.5531121 0.5527355 0.5298642 0.5426425 0.5390364 0.5183871 0.6230857 0.3443759 0.6385840 0.3999610 0.2469391 0.2996485 0.2963889 0.2593276 0.2440825 0.3246397 0.6715252 0.5501499 0.5141595 0.5387417 0.5384454 0.4862117 0.6730595 0.5190723 0.5273058 1.4961019 1.0762812 1.1824485 2.4948928 
Hyperoodontidae   0.0410222 0.0410982 0.0435441 0.0410225 0.0550936 0.0363526 0.0088769 0.0155784 0.0000000 0.0224685 0.0247755 0.0201187 0.0133681 0.0200923 0.0435105 0.0954436 0.0795625 0.0805964 0.5111460 0.5329240 0.4987058 0.5440300 0.5497261 0.5582454 0.5264762 0.5392429 0.5269337 0.5150592 0.6238156 0.3446773 0.6294154 0.3817906 0.2441421 0.2966833 0.2934609 0.2565104 0.2412537 0.3216532 0.6691440 0.5374203 0.5196131 0.5352009 0.5349413 0.4828316 0.6855461 0.5069079 0.5329001 1.4876714 1.0639354 1.1703293 2.4984326 
Vespertilionidae  0.0459144 0.0435087 0.0436249 0.0410988 0.0601275 0.0365060 0.0179340 0.0293116 0.0224685 0.0000000 0.0202288 0.0156151 0.0179518 0.0247321 0.0484452 0.1009946 0.0898825 0.0910695 0.5251384 0.5511203 0.5126670 0.5589377 0.5646751 0.5733946 0.5410109 0.5540608 0.5413663 0.5291296 0.6411670 0.3581524 0.6509914 0.4069736 0.2552899 0.3122163 0.3087531 0.2642948 0.2618600 0.3376361 0.7102798 0.5616376 0.5417082 0.5774700 0.5671888 0.4949297 0.6878650 0.5372973 0.5407628 1.5122262 1.0806378 1.1897067 2.4749258 
Furipteridae      0.0483308 0.0459128 0.0509203 0.0483314 0.0625988 0.0388838 0.0202246 0.0316437 0.0247755 0.0202288 0.0000000 0.0178889 0.0202448 0.0224706 0.0508804 0.1036779 0.0898672 0.0937167 0.5165184 0.5508704 0.5127400 0.5545923 0.5643054 0.5729455 0.5408474 0.5537836 0.5412011 0.5290679 0.6340188 0.3486156 0.6314714 0.4086848 0.2538029 0.3105074 0.3070861 0.2663133 0.2574326 0.3324645 0.6896595 0.5754029 0.5472662 0.5736547 0.5729671 0.5001381 0.7088845 0.5337398 0.5463946 1.4866376 1.0890260 1.1969798 2.4560421 
Rhinolophidae     0.0433900 0.0410032 0.0459304 0.0433904 0.0575080 0.0340464 0.0156118 0.0269189 0.0201187 0.0156151 0.0178889 0.0000000 0.0156273 0.0223693 0.0458949 0.0980416 0.0870405 0.0881818 0.5001000 0.5339010 0.4960878 0.5414762 0.5471946 0.5557249 0.5238965 0.5366799 0.5243740 0.5125034 0.6116142 0.3451632 0.6368097 0.3974055 0.2474346 0.3071789 0.2970261 0.2568311 0.2573787 0.3253616 0.6856835 0.5667405 0.5390522 0.5648801 0.5642971 0.4926508 0.6981703 0.5383161 0.5380767 1.4827798 1.0739798 1.1810108 2.4792322 
Viverridae        0.0364169 0.0364841 0.0389091 0.0364171 0.0504376 0.0317673 0.0088920 0.0201231 0.0133681 0.0179518 0.0202448 0.0156273 0.0000000 0.0156066 0.0388792 0.0830397 0.0772812 0.0755652 0.5088940 0.5307001 0.4963891 0.5418250 0.5475476 0.5560873 0.5281886 0.5370238 0.5247021 0.5128167 0.6170278 0.3350890 0.6334031 0.3944105 0.2417174 0.2942092 0.2910117 0.2540892 0.2451416 0.3224757 0.6817927 0.5577783 0.5262621 0.5515475 0.5511116 0.4804629 0.6836692 0.5221644 0.5231016 1.4494811 1.0678018 1.1749427 2.5354577 
Procyonidae       0.0433308 0.0387228 0.0458678 0.0433312 0.0526733 0.0386510 0.0155921 0.0268832 0.0200923 0.0247321 0.0224706 0.0223693 0.0156066 0.0000000 0.0458323 0.0978982 0.0869156 0.0880539 0.5111455 0.5364438 0.4936641 0.5387506 0.5444442 0.5529128 0.5300338 0.5339851 0.5217839 0.5100116 0.6178861 0.3478030 0.6492500 0.4076602 0.2532950 0.3065766 0.3032177 0.2657709 0.2569075 0.3317095 0.6874740 0.5647085 0.5412650 0.5670784 0.5664732 0.4949334 0.6959217 0.5369045 0.5421157 1.4548470 1.0684539 1.1745908 2.5189279 
Myrmecophagidae   0.0558114 0.0557850 0.0584710 0.0558123 0.0702855 0.0509999 0.0388400 0.0458236 0.0435105 0.0484452 0.0508804 0.0458949 0.0388792 0.0458323 0.0000000 0.1121350 0.1006803 0.1020356 0.5594979 0.5701365 0.5422049 0.5856108 0.6006539 0.6003267 0.5621468 0.5806359 0.5673837 0.5546204 0.6720211 0.3499714 0.6467595 0.4224231 0.2411296 0.3010498 0.2977205 0.2600521 0.2510373 0.3335777 0.6851555 0.5854785 0.5435815 0.5592212 0.5696469 0.5093030 0.7149375 0.5382073 0.5419229 1.5529365 1.0856784 1.1904190 2.6113758 
Caluromyidae      0.1012280 0.1090771 0.1094740 0.1064035 0.1165929 0.1012282 0.0904524 0.1029863 0.0954436 0.1009946 0.1036779 0.0980416 0.0830397 0.0978982 0.1121350 0.0000000 0.0579450 0.0686268 0.5596554 0.5913506 0.5640232 0.6121875 0.6235975 0.6317151 0.6036869 0.6196961 0.5884891 0.5752991 0.6759781 0.3729553 0.7016761 0.4611953 0.2909916 0.3395618 0.3447680 0.2942540 0.2986055 0.3756367 0.6922431 0.5815585 0.5666691 0.6091214 0.6024185 0.5257655 0.6984983 0.5658364 0.5679616 1.6587734 1.1369652 1.2147087 2.7687513 
Thylacomyidae     0.0900853 0.0977384 0.0980871 0.0951359 0.1102353 0.0850712 0.0796258 0.0918860 0.0795625 0.0898825 0.0898672 0.0870405 0.0772812 0.0869156 0.1006803 0.0579450 0.0000000 0.0557333 0.5492832 0.5832636 0.5564478 0.6175986 0.6232200 0.6228787 0.5990014 0.6073592 0.5804874 0.5676019 0.6804665 0.3753638 0.6812643 0.4184225 0.2705433 0.3186364 0.3150721 0.2867821 0.2909463 0.3523420 0.6628441 0.5621181 0.5427144 0.5925067 0.5915589 0.5162855 0.6707613 0.5388900 0.5577342 1.6145097 1.1099971 1.1910383 2.5071739 
Phalangeridae     0.0912780 0.0990448 0.0994032 0.0964029 0.1117258 0.0912780 0.0806614 0.0930961 0.0805964 0.0910695 0.0937167 0.0881818 0.0755652 0.0880539 0.1020356 0.0686268 0.0557333 0.0000000 0.5165516 0.5574491 0.5308480 0.5914954 0.5972454 0.5968783 0.5678336 0.5812945 0.5638852 0.5421972 0.6378370 0.3712316 0.6828783 0.4261680 0.2690386 0.3206170 0.3209553 0.2785091 0.2790174 0.3510471 0.6900215 0.5893100 0.5674939 0.6265630 0.6150223 0.5450776 0.7328138 0.5727799 0.5698387 1.6502722 1.1392126 1.2294920 2.6499664 
Tityridae         0.5381302 0.5269551 0.5479393 0.5398800 0.5259195 0.5210651 0.5203877 0.5059601 0.5111460 0.5251384 0.5165184 0.5001000 0.5088940 0.5111455 0.5594979 0.5596554 0.5492832 0.5165516 0.0000000 0.2333395 0.1915309 0.1910775 0.1904546 0.2106609 0.2121124 0.2237287 0.2075132 0.1949544 0.3501096 0.4566839 0.7610037 0.5836314 0.4723330 0.5273511 0.5266626 0.4499095 0.4832017 0.5384511 0.9629290 0.9424650 0.9084819 0.9583245 0.9560541 0.9156300 1.1021747 0.9568973 0.8586442 1.9906506 1.3720353 1.3892650 2.7457060 
Ptilonorhynchidae 0.5572112 0.5445309 0.5712259 0.5627815 0.5696707 0.5291307 0.5336608 0.5450778 0.5329240 0.5511203 0.5508704 0.5339010 0.5307001 0.5364438 0.5701365 0.5913506 0.5832636 0.5574491 0.2333395 0.0000000 0.1173394 0.1279282 0.1220129 0.1241248 0.1334192 0.1413431 0.1244872 0.1187668 0.2928935 0.4101053 0.6942422 0.5843072 0.4550821 0.5368675 0.4961998 0.4499611 0.4574881 0.5350887 0.9821025 0.8747119 0.8792451 0.9108706 0.8912387 0.8772936 1.0681716 0.8990885 0.8140316 1.7845451 1.3487323 1.3212424 2.6538219 
Callaeatidae      0.5168752 0.5144483 0.5355025 0.5225696 0.5258244 0.4914361 0.4993844 0.5020746 0.4987058 0.5126670 0.5127400 0.4960878 0.4963891 0.4936641 0.5422049 0.5640232 0.5564478 0.5308480 0.1915309 0.1173394 0.0000000 0.0810506 0.0806838 0.0907253 0.0811186 0.1039678 0.0780765 0.0728549 0.2444521 0.3745748 0.6718512 0.4917274 0.4030839 0.4797016 0.4577541 0.3912825 0.3864976 0.4710120 0.9459278 0.8550379 0.8696294 0.9337704 0.9479113 0.8840564 1.0527827 0.8895999 0.7937305 1.9299255 1.3633754 1.3451827 2.6591660 
Monarchidae       0.5816299 0.5701249 0.5924527 0.5836919 0.5812953 0.5455334 0.5447904 0.5474301 0.5440300 0.5589377 0.5545923 0.5414762 0.5418250 0.5387506 0.5856108 0.6121875 0.6175986 0.5914954 0.1910775 0.1279282 0.0810506 0.0000000 0.0510720 0.1008951 0.0938948 0.1060115 0.0880782 0.0827561 0.2602020 0.4031444 0.7036292 0.5248942 0.4325558 0.5122792 0.4859753 0.4078140 0.4123936 0.4892636 0.9693213 0.9011915 0.8842110 0.9366382 0.9630258 0.8752881 1.0249826 0.9091143 0.8450884 1.9980259 1.3761728 1.3847634 2.7845908 
Malaconotidae     0.5822338 0.5667231 0.5982026 0.5894167 0.5778399 0.5512454 0.5504929 0.5531121 0.5497261 0.5646751 0.5643054 0.5471946 0.5475476 0.5444442 0.6006539 0.6235975 0.6232200 0.5972454 0.1904546 0.1220129 0.0806838 0.0510720 0.0000000 0.1004316 0.0959006 0.1086185 0.0876792 0.0774296 0.2652508 0.4129112 0.6999313 0.5201843 0.4501613 0.5348412 0.4909286 0.4293086 0.4411899 0.5111126 0.9236790 0.8625720 0.8701323 0.9119177 0.9017752 0.8594395 1.0345666 0.8926734 0.8176260 1.9655215 1.3700029 1.3635951 2.7076112 
Certhiidae        0.5869629 0.5663763 0.5837555 0.5798325 0.5865869 0.5508666 0.5590286 0.5527355 0.5582454 0.5733946 0.5729455 0.5557249 0.5560873 0.5529128 0.6003267 0.6317151 0.6228787 0.5968783 0.2106609 0.1241248 0.0907253 0.1008951 0.1004316 0.0000000 0.0654295 0.0928457 0.0675911 0.0698258 0.2648716 0.4356552 0.7136527 0.5898824 0.4868614 0.5482812 0.5122909 0.4523983 0.4647267 0.5550411 1.0119607 0.9808413 0.9203268 0.9623893 0.9493039 0.9192107 1.0692434 0.9316390 0.8533075 1.9928515 1.3593998 1.3879576 2.7682592 
Cinclidae         0.5543322 0.5429410 0.5646320 0.5562320 0.5542144 0.5191398 0.5272046 0.5298642 0.5264762 0.5410109 0.5408474 0.5238965 0.5281886 0.5300338 0.5621468 0.6036869 0.5990014 0.5678336 0.2121124 0.1334192 0.0811186 0.0938948 0.0959006 0.0654295 0.0000000 0.0883109 0.0605805 0.0604740 0.2539480 0.3995424 0.6991738 0.5500475 0.4616692 0.5267812 0.4813098 0.4324298 0.4400866 0.5326067 0.9564824 0.8897626 0.8803001 0.9591103 0.9511490 0.8912596 1.0565102 0.8719280 0.8182825 2.0138811 1.3326458 1.3575094 2.7060542 
Ploceidae         0.5584003 0.5560634 0.5780741 0.5694954 0.5672955 0.5318703 0.5399951 0.5426425 0.5392429 0.5540608 0.5537836 0.5366799 0.5370238 0.5339851 0.5806359 0.6196961 0.6073592 0.5812945 0.2237287 0.1413431 0.1039678 0.1060115 0.1086185 0.0928457 0.0883109 0.0000000 0.0604162 0.0676731 0.2974501 0.4398223 0.7362157 0.5783334 0.4755891 0.5416359 0.5143880 0.4588078 0.4583059 0.5401764 0.9821551 0.9139571 0.9141803 0.9175624 0.9401962 0.8861238 1.0491761 0.8978927 0.8542446 2.0465973 1.3172777 1.3828190 2.7723775 
Thraupidae        0.5545870 0.5432834 0.5648091 0.5564733 0.5544681 0.5196510 0.5276574 0.5390364 0.5269337 0.5413663 0.5412011 0.5243740 0.5247021 0.5217839 0.5673837 0.5884891 0.5804874 0.5638852 0.2075132 0.1244872 0.0780765 0.0880782 0.0876792 0.0675911 0.0605805 0.0604162 0.0000000 0.0528993 0.2590058 0.4116265 0.6995437 0.5460789 0.4497520 0.4960793 0.4737049 0.4289137 0.4315157 0.5243732 0.9641178 0.8962618 0.9020671 0.9479277 0.9529837 0.8931187 1.0493041 0.9099098 0.8381218 1.9632419 1.2888875 1.3433531 2.7186967 
Alaudidae         0.5421268 0.5222071 0.5520358 0.5439279 0.5421038 0.5078624 0.5157560 0.5183871 0.5150592 0.5291296 0.5290679 0.5125034 0.5128167 0.5100116 0.5546204 0.5752991 0.5676019 0.5421972 0.1949544 0.1187668 0.0728549 0.0827561 0.0774296 0.0698258 0.0604740 0.0676731 0.0528993 0.0000000 0.2609078 0.4018044 0.7110250 0.5467850 0.4472104 0.5135754 0.4743181 0.4188118 0.4303956 0.5246129 0.9798406 0.8962521 0.8620653 0.9254250 0.9350104 0.8846573 1.0114023 0.8775552 0.8244293 1.9882030 1.2969657 1.3423580 2.7283433 
Coraciiformes     0.6560476 0.6438147 0.6423183 0.6286092 0.6641640 0.6415905 0.6345232 0.6230857 0.6238156 0.6411670 0.6340188 0.6116142 0.6170278 0.6178861 0.6720211 0.6759781 0.6804665 0.6378370 0.3501096 0.2928935 0.2444521 0.2602020 0.2652508 0.2648716 0.2539480 0.2974501 0.2590058 0.2609078 0.0000000 0.4912586 0.8754692 0.6432095 0.5393857 0.6198391 0.5500405 0.4935502 0.5640519 0.6219454 0.9903893 0.9465763 0.9007151 1.0536403 1.0292700 0.9667946 1.1063059 1.0153410 0.9063052 2.0711517 1.4036367 1.4537343 2.8908914 
Crocodylidae      0.3551330 0.3631099 0.3543407 0.3521296 0.3654299 0.3420577 0.3450615 0.3443759 0.3446773 0.3581524 0.3486156 0.3451632 0.3350890 0.3478030 0.3499714 0.3729553 0.3753638 0.3712316 0.4566839 0.4101053 0.3745748 0.4031444 0.4129112 0.4356552 0.3995424 0.4398223 0.4116265 0.4018044 0.4912586 0.0000000 0.5652209 0.3523487 0.2480233 0.3204891 0.2966269 0.2480855 0.2602130 0.3236703 0.8100888 0.7502276 0.6702458 0.7458586 0.7564142 0.7178224 0.8652360 0.7101629 0.6737094 1.6905806 1.0332973 1.1659525 2.6446301 
Carettochelyidae  0.6851709 0.6492752 0.6824897 0.6513332 0.6574535 0.6319104 0.6204995 0.6385840 0.6294154 0.6509914 0.6314714 0.6368097 0.6334031 0.6492500 0.6467595 0.7016761 0.6812643 0.6828783 0.7610037 0.6942422 0.6718512 0.7036292 0.6999313 0.7136527 0.6991738 0.7362157 0.6995437 0.7110250 0.8754692 0.5652209 0.0000000 0.4616533 0.5242071 0.5781335 0.5355797 0.5220079 0.5128589 0.6034096 1.0348555 0.9523129 0.9137668 0.9888214 1.0257811 1.0002779 1.1825819 0.9925821 0.8616733 1.9447880 1.4097506 1.4869647 3.0343828 
Kinosternidae     0.4197192 0.4169268 0.4224267 0.4127534 0.4349060 0.4074786 0.3897339 0.3999610 0.3817906 0.4069736 0.4086848 0.3974055 0.3944105 0.4076602 0.4224231 0.4611953 0.4184225 0.4261680 0.5836314 0.5843072 0.4917274 0.5248942 0.5201843 0.5898824 0.5500475 0.5783334 0.5460789 0.5467850 0.6432095 0.3523487 0.4616533 0.0000000 0.3150401 0.3792773 0.3445112 0.2954372 0.3305424 0.3715890 0.8021870 0.7273018 0.6643361 0.7474871 0.7537059 0.6779260 0.8470330 0.6548751 0.6288756 1.6927115 1.2048118 1.2215891 2.7649373 
Anomalepididae    0.2588830 0.2623347 0.2639993 0.2560711 0.2604644 0.2426571 0.2443822 0.2469391 0.2441421 0.2552899 0.2538029 0.2474346 0.2417174 0.2532950 0.2411296 0.2909916 0.2705433 0.2690386 0.4723330 0.4550821 0.4030839 0.4325558 0.4501613 0.4868614 0.4616692 0.4755891 0.4497520 0.4472104 0.5393857 0.2480233 0.5242071 0.3150401 0.0000000 0.1490408 0.1128681 0.1067910 0.1045713 0.1588625 0.6993102 0.6517584 0.5876762 0.5959751 0.6279559 0.6061391 0.7652802 0.6100455 0.5846659 1.5936496 1.1198477 1.1690150 2.4411881 
Loxocemidae       0.3131933 0.3170131 0.3101509 0.3052651 0.3215668 0.3023294 0.2902080 0.2996485 0.2966833 0.3122163 0.3105074 0.3071789 0.2942092 0.3065766 0.3010498 0.3395618 0.3186364 0.3206170 0.5273511 0.5368675 0.4797016 0.5122792 0.5348412 0.5482812 0.5267812 0.5416359 0.4960793 0.5135754 0.6198391 0.3204891 0.5781335 0.3792773 0.1490408 0.0000000 0.1482251 0.1610416 0.1668782 0.2213092 0.7775426 0.6171909 0.6069884 0.5974128 0.6399313 0.6447236 0.8062266 0.6480757 0.5960509 1.6524612 1.1187080 1.1749258 2.5235658 
Natricidae        0.3097054 0.3134654 0.3116540 0.3097969 0.3127877 0.2957986 0.2937692 0.2963889 0.2934609 0.3087531 0.3070861 0.2970261 0.2910117 0.3032177 0.2977205 0.3447680 0.3150721 0.3209553 0.5266626 0.4961998 0.4577541 0.4859753 0.4909286 0.5122909 0.4813098 0.5143880 0.4737049 0.4743181 0.5500405 0.2966269 0.5355797 0.3445112 0.1128681 0.1482251 0.0000000 0.1429924 0.1519962 0.1928747 0.7232261 0.6596843 0.5856125 0.6479630 0.6602033 0.6131597 0.7540425 0.5949968 0.6110772 1.6943693 1.1401995 1.2307014 2.4365812 
Xenosauridae      0.2715497 0.2750602 0.2797412 0.2750436 0.2666165 0.2614890 0.2567658 0.2593276 0.2565104 0.2642948 0.2663133 0.2568311 0.2540892 0.2657709 0.2600521 0.2942540 0.2867821 0.2785091 0.4499095 0.4499611 0.3912825 0.4078140 0.4293086 0.4523983 0.4324298 0.4588078 0.4289137 0.4188118 0.4935502 0.2480855 0.5220079 0.2954372 0.1067910 0.1610416 0.1429924 0.0000000 0.1371211 0.1706440 0.7324357 0.6557728 0.5592237 0.5904185 0.6269217 0.5903908 0.7476179 0.5926748 0.5728033 1.5782650 1.1301171 1.1781271 2.4660542 
Teiidae           0.2626286 0.2661461 0.2708047 0.2626789 0.2642165 0.2491561 0.2478461 0.2440825 0.2412537 0.2618600 0.2574326 0.2573787 0.2451416 0.2569075 0.2510373 0.2986055 0.2909463 0.2790174 0.4832017 0.4574881 0.3864976 0.4123936 0.4411899 0.4647267 0.4400866 0.4583059 0.4315157 0.4303956 0.5640519 0.2602130 0.5128589 0.3305424 0.1045713 0.1668782 0.1519962 0.1371211 0.0000000 0.1801405 0.6997510 0.6333837 0.5617491 0.6024069 0.6244446 0.6027799 0.7601005 0.6046344 0.5381214 1.6319460 1.1152894 1.1790894 2.3980745 
Eublepharidae     0.3315935 0.3498451 0.3554337 0.3532289 0.3470838 0.3276017 0.3220019 0.3246397 0.3216532 0.3376361 0.3324645 0.3253616 0.3224757 0.3317095 0.3335777 0.3756367 0.3523420 0.3510471 0.5384511 0.5350887 0.4710120 0.4892636 0.5111126 0.5550411 0.5326067 0.5401764 0.5243732 0.5246129 0.6219454 0.3236703 0.6034096 0.3715890 0.1588625 0.2213092 0.1928747 0.1706440 0.1801405 0.0000000 0.7524555 0.7549735 0.6656866 0.7008053 0.7262878 0.7117161 0.8079912 0.7000915 0.6300763 1.5745458 1.1129696 1.1113346 2.4656260 
Dicamptodontidae  0.7080103 0.6868516 0.7295323 0.7144423 0.7059535 0.6953493 0.6745666 0.6715252 0.6691440 0.7102798 0.6896595 0.6856835 0.6817927 0.6874740 0.6851555 0.6922431 0.6628441 0.6900215 0.9629290 0.9821025 0.9459278 0.9693213 0.9236790 1.0119607 0.9564824 0.9821551 0.9641178 0.9798406 0.9903893 0.8100888 1.0348555 0.8021870 0.6993102 0.7775426 0.7232261 0.7324357 0.6997510 0.7524555 0.0000000 0.6050282 0.5107276 0.6186645 0.5858051 0.5181084 0.6041954 0.5120286 0.6684037 1.9084078 1.3767489 1.3897587 2.8822816 
Alytidae          0.5857208 0.5829453 0.6119978 0.5928257 0.6125977 0.5896577 0.5381965 0.5501499 0.5374203 0.5616376 0.5754029 0.5667405 0.5577783 0.5647085 0.5854785 0.5815585 0.5621181 0.5893100 0.9424650 0.8747119 0.8550379 0.9011915 0.8625720 0.9808413 0.8897626 0.9139571 0.8962618 0.8962521 0.9465763 0.7502276 0.9523129 0.7273018 0.6517584 0.6171909 0.6596843 0.6557728 0.6333837 0.7549735 0.6050282 0.0000000 0.4044926 0.4696870 0.4203428 0.4036267 0.5802092 0.4168849 0.5639667 1.8930792 1.2517368 1.2733325 2.6404852 
Heleophrynidae    0.5666322 0.5400470 0.5750923 0.5667624 0.5890819 0.5583112 0.5114150 0.5141595 0.5196131 0.5417082 0.5472662 0.5390522 0.5262621 0.5412650 0.5435815 0.5666691 0.5427144 0.5674939 0.9084819 0.8792451 0.8696294 0.8842110 0.8701323 0.9203268 0.8803001 0.9141803 0.9020671 0.8620653 0.9007151 0.6702458 0.9137668 0.6643361 0.5876762 0.6069884 0.5856125 0.5592237 0.5617491 0.6656866 0.5107276 0.4044926 0.0000000 0.2282750 0.2282814 0.2100482 0.3065533 0.2056256 0.5040683 1.8921088 1.3189084 1.3770390 2.4809089 
Leptodactylidae   0.5895955 0.5857089 0.5896147 0.5941776 0.6275368 0.5750558 0.5359530 0.5387417 0.5352009 0.5774700 0.5736547 0.5648801 0.5515475 0.5670784 0.5592212 0.6091214 0.5925067 0.6265630 0.9583245 0.9108706 0.9337704 0.9366382 0.9119177 0.9623893 0.9591103 0.9175624 0.9479277 0.9254250 1.0536403 0.7458586 0.9888214 0.7474871 0.5959751 0.5974128 0.6479630 0.5904185 0.6024069 0.7008053 0.6186645 0.4696870 0.2282750 0.0000000 0.0981529 0.2541811 0.4013254 0.2630632 0.5728795 1.7855449 1.1923170 1.3211142 2.7456325 
Strabomantidae    0.5780083 0.5752079 0.5761977 0.5932426 0.6064250 0.5743557 0.5356852 0.5384454 0.5349413 0.5671888 0.5729671 0.5642971 0.5511116 0.5664732 0.5696469 0.6024185 0.5915589 0.6150223 0.9560541 0.8912387 0.9479113 0.9630258 0.9017752 0.9493039 0.9511490 0.9401962 0.9529837 0.9350104 1.0292700 0.7564142 1.0257811 0.7537059 0.6279559 0.6399313 0.6602033 0.6269217 0.6244446 0.7262878 0.5858051 0.4203428 0.2282814 0.0981529 0.0000000 0.2418035 0.3954214 0.2538329 0.6295533 1.7981672 1.2429274 1.3604092 2.6761818 
Micrixalidae      0.5016556 0.5018835 0.5219460 0.5144173 0.5217312 0.5193383 0.4665191 0.4862117 0.4828316 0.4949297 0.5001381 0.4926508 0.4804629 0.4949334 0.5093030 0.5257655 0.5162855 0.5450776 0.9156300 0.8772936 0.8840564 0.8752881 0.8594395 0.9192107 0.8912596 0.8861238 0.8931187 0.8846573 0.9667946 0.7178224 1.0002779 0.6779260 0.6061391 0.6447236 0.6131597 0.5903908 0.6027799 0.7117161 0.5181084 0.4036267 0.2100482 0.2541811 0.2418035 0.0000000 0.2938750 0.1898512 0.5526515 1.7447678 1.2242093 1.2862085 2.3581702 
Hemisotidae       0.7315593 0.7014834 0.7184880 0.6973005 0.7572732 0.7223174 0.6659374 0.6730595 0.6855461 0.6878650 0.7088845 0.6981703 0.6836692 0.6959217 0.7149375 0.6984983 0.6707613 0.7328138 1.1021747 1.0681716 1.0527827 1.0249826 1.0345666 1.0692434 1.0565102 1.0491761 1.0493041 1.0114023 1.1063059 0.8652360 1.1825819 0.8470330 0.7652802 0.8062266 0.7540425 0.7476179 0.7601005 0.8079912 0.6041954 0.5802092 0.3065533 0.4013254 0.3954214 0.2938750 0.0000000 0.3130660 0.6891536 1.9900061 1.3926314 1.4836368 2.6564965 
Asterophryidae    0.5566358 0.5397196 0.5703889 0.5567425 0.5655627 0.5485033 0.5076073 0.5190723 0.5069079 0.5372973 0.5337398 0.5383161 0.5221644 0.5369045 0.5382073 0.5658364 0.5388900 0.5727799 0.9568973 0.8990885 0.8895999 0.9091143 0.8926734 0.9316390 0.8719280 0.8978927 0.9099098 0.8775552 1.0153410 0.7101629 0.9925821 0.6548751 0.6100455 0.6480757 0.5949968 0.5926748 0.6046344 0.7000915 0.5120286 0.4168849 0.2056256 0.2630632 0.2538329 0.1898512 0.3130660 0.0000000 0.5733450 1.8835669 1.2615175 1.3429935 2.5428894 
Caeciliidae2      0.5770794 0.5641078 0.5966225 0.5873964 0.5772700 0.5604161 0.5154273 0.5273058 0.5329001 0.5407628 0.5463946 0.5380767 0.5231016 0.5421157 0.5419229 0.5679616 0.5577342 0.5698387 0.8586442 0.8140316 0.7937305 0.8450884 0.8176260 0.8533075 0.8182825 0.8542446 0.8381218 0.8244293 0.9063052 0.6737094 0.8616733 0.6288756 0.5846659 0.5960509 0.6110772 0.5728033 0.5381214 0.6300763 0.6684037 0.5639667 0.5040683 0.5728795 0.6295533 0.5526515 0.6891536 0.5733450 0.0000000 1.7769782 1.3260589 1.2911669 2.3900208 
Polypteriformes   1.4486255 1.5427136 1.4689279 1.4630330 1.5230424 1.4293064 1.4795075 1.4961019 1.4876714 1.5122262 1.4866376 1.4827798 1.4494811 1.4548470 1.5529365 1.6587734 1.6145097 1.6502722 1.9906506 1.7845451 1.9299255 1.9980259 1.9655215 1.9928515 2.0138811 2.0465973 1.9632419 1.9882030 2.0711517 1.6905806 1.9447880 1.6927115 1.5936496 1.6524612 1.6943693 1.5782650 1.6319460 1.5745458 1.9084078 1.8930792 1.8921088 1.7855449 1.7981672 1.7447678 1.9900061 1.8835669 1.7769782 0.0000000 1.7531390 1.7718197 3.4945911 
Channichthyidae   1.1139529 1.1544943 1.1635581 1.1413240 1.1199990 1.0909526 1.0718532 1.0762812 1.0639354 1.0806378 1.0890260 1.0739798 1.0678018 1.0684539 1.0856784 1.1369652 1.1099971 1.1392126 1.3720353 1.3487323 1.3633754 1.3761728 1.3700029 1.3593998 1.3326458 1.3172777 1.2888875 1.2969657 1.4036367 1.0332973 1.4097506 1.2048118 1.1198477 1.1187080 1.1401995 1.1301171 1.1152894 1.1129696 1.3767489 1.2517368 1.3189084 1.1923170 1.2429274 1.2242093 1.3926314 1.2615175 1.3260589 1.7531390 0.0000000 0.1217416 3.5422058 
Pseudaphritidae   1.1942216 1.2494496 1.2509828 1.2370257 1.1803198 1.1698295 1.1782779 1.1824485 1.1703293 1.1897067 1.1969798 1.1810108 1.1749427 1.1745908 1.1904190 1.2147087 1.1910383 1.2294920 1.3892650 1.3212424 1.3451827 1.3847634 1.3635951 1.3879576 1.3575094 1.3828190 1.3433531 1.3423580 1.4537343 1.1659525 1.4869647 1.2215891 1.1690150 1.1749258 1.2307014 1.1781271 1.1790894 1.1113346 1.3897587 1.2733325 1.3770390 1.3211142 1.3604092 1.2862085 1.4836368 1.3429935 1.2911669 1.7718197 0.1217416 0.0000000 3.0759523 
Carcharhinidae    2.4980631 2.4876839 2.5232463 2.5226454 2.5127572 2.5364142 2.5015280 2.4948928 2.4984326 2.4749258 2.4560421 2.4792322 2.5354577 2.5189279 2.6113758 2.7687513 2.5071739 2.6499664 2.7457060 2.6538219 2.6591660 2.7845908 2.7076112 2.7682592 2.7060542 2.7723775 2.7186967 2.7283433 2.8908914 2.6446301 3.0343828 2.7649373 2.4411881 2.5235658 2.4365812 2.4660542 2.3980745 2.4656260 2.8822816 2.6404852 2.4809089 2.7456325 2.6761818 2.3581702 2.6564965 2.5428894 2.3900208 3.4945911 3.5422058 3.0759523 0.0000000 
