51
Pitheciidae       0.0000000 0.4034364 0.3793261 0.3933152 0.3534767 0.3599761 0.4552696 0.4438608 0.4558493 0.4662246 0.5145830 0.4192480 0.4223261 0.4052030 0.4582573 0.7083202 0.6066167 0.6007758 2.1276885 2.4075007 2.4626346 2.5707643 2.5310118 2.3660650 2.6972738 2.5018384 2.3987262 2.2937180 2.0077531 1.8907314 1.9062084 1.6325639 2.6869069 2.3260564 2.3817460 2.8059509 3.1168352 2.7885541 1.6575404 1.8068142 1.5620646 2.3453879 2.1589935 2.0861663 2.3155598 2.7852349 1.3148994 4.8909830 3.1975042 2.8052048 2.2230324 
Scandentia        0.4034364 0.0000000 0.3864207 0.4153428 0.3589508 0.3510397 0.4429958 0.4478090 0.4326905 0.4603403 0.5135709 0.4172998 0.4441277 0.4118139 0.4781943 0.6783403 0.6013924 0.5904592 2.0800559 2.1878404 2.3315899 2.4015919 2.6337922 2.1112386 2.6438523 2.6514430 2.2374536 2.0378013 2.0685168 2.1317085 1.9184653 1.6102358 3.0908851 2.6092218 2.9055271 3.1421439 2.6178606 2.8400453 1.8062876 1.9155152 1.7215422 2.3652084 2.2506768 2.1227375 2.5364097 3.1516705 1.4200226 4.9528091 2.9320622 2.6562355 2.3326847 
Erethizontidae    0.3793261 0.3864207 0.0000000 0.1237851 0.2779338 0.2652036 0.4316272 0.4044758 0.4253417 0.4407428 0.4828892 0.4077013 0.3909906 0.3878825 0.4334517 0.6733626 0.6271625 0.6088160 2.0932589 2.2780512 2.3415318 2.3281401 2.3806394 2.1471094 2.7666187 2.6343032 2.4306452 2.2704005 2.1328749 1.9951396 1.9414859 1.5303913 2.9437544 2.3625476 2.7516507 3.0920658 2.6021205 2.8952942 1.5285832 1.8283773 1.5322927 1.8526888 1.8262663 1.9053930 2.2915196 2.5385989 1.2508235 4.8993381 2.7624736 2.5254421 2.2854186 
Capromyidae       0.3933152 0.4153428 0.1237851 0.0000000 0.2828733 0.2696932 0.4439798 0.4204726 0.4201151 0.4633278 0.4960247 0.4176387 0.4114672 0.4061437 0.4492045 0.6543007 0.6116148 0.5831952 2.0744199 2.1543128 2.1960191 2.3302971 2.5616050 2.1588145 2.6578187 2.5568284 2.2858851 2.2300895 2.0428654 1.8784964 1.9954359 1.6264745 2.8366922 2.2944294 2.7922161 3.0913066 2.8893254 2.7783373 1.5433259 1.7730911 1.5246036 1.8905631 1.7944009 2.0620802 2.2289823 2.7080565 1.2799210 3.7108491 2.6123495 2.4183971 2.1014213 
Muridae           0.3534767 0.3589508 0.2779338 0.2828733 0.0000000 0.2220151 0.3747874 0.3596687 0.3892036 0.3763407 0.4338363 0.3771569 0.3740742 0.3501173 0.4141968 0.5921006 0.5382677 0.5272767 2.0355519 2.1494563 2.2571371 2.4183027 2.3523425 2.1385891 2.5379452 2.5503811 2.2956977 2.1011253 1.9796593 1.7363157 1.6430779 1.3278710 2.7202992 2.3724018 2.4889616 2.9858554 2.8200832 2.6864888 1.5241484 1.7287550 1.5228587 1.8919408 1.8196511 1.7780206 2.2543902 2.7467313 1.1824659 4.9041505 2.4883761 2.3456454 2.1001028 
Castoridae        0.3599761 0.3510397 0.2652036 0.2696932 0.2220151 0.0000000 0.3765738 0.3717199 0.3822870 0.3996862 0.4484908 0.3564335 0.3778466 0.3509050 0.3917749 0.6033220 0.5683146 0.5341404 2.1384871 2.2987506 2.1889688 2.3110719 2.5080809 2.2991967 2.5851865 2.7249141 2.2705678 2.1401625 2.1523476 1.8995829 1.7833901 1.5032623 2.7130202 2.3101390 2.5237757 2.4991784 2.5341392 2.7402649 1.6469784 1.8643153 1.6446787 2.0100162 1.8871118 1.8861674 2.3747610 2.8899609 1.2893003 4.8437653 2.9461050 2.6888874 2.1791930 
Suidae            0.4552696 0.4429958 0.4316272 0.4439798 0.3747874 0.3765738 0.0000000 0.3173065 0.3462106 0.3993877 0.4479476 0.3966788 0.4030953 0.3459257 0.4774546 0.6808669 0.6156226 0.5973651 2.1795268 2.2237046 2.2671352 2.4835844 2.6457399 2.0629746 2.6187769 2.5611901 2.3509518 2.3538432 2.1367064 1.8764205 1.9628595 1.6206739 2.9744787 2.3577774 2.4926541 3.2220675 2.8944897 2.8627845 1.4591890 1.8190879 1.6188485 2.0855085 1.9299092 1.9149205 2.4201501 3.2237384 1.2470426 5.9090982 2.3920495 2.4936848 2.1796413 
Hippopotamidae    0.4438608 0.4478090 0.4044758 0.4204726 0.3596687 0.3717199 0.3173065 0.0000000 0.2731942 0.4296049 0.4218735 0.3840821 0.3925547 0.3497765 0.4714616 0.6642668 0.6019058 0.5702626 2.2379618 2.3413693 2.3387091 2.2535217 2.4408303 2.0240706 2.5547928 2.6471156 2.3789630 2.2486209 2.2357587 1.8273003 1.7502155 1.6004442 2.8111118 2.4264714 2.4390891 2.9210392 2.6999726 2.8440561 1.5873626 1.8176359 1.7430750 2.1992447 1.8739024 1.9945649 2.4376580 2.8494695 1.3213471 8.9999985 2.7862316 2.6333640 2.2463250 
Hyperoodontidae   0.4558493 0.4326905 0.4253417 0.4201151 0.3892036 0.3822870 0.3462106 0.2731942 0.0000000 0.4330425 0.4771259 0.4030257 0.3995442 0.3600688 0.4743771 0.6628796 0.6068383 0.5824319 2.1305583 2.1942991 2.2715379 2.2767106 2.4897482 2.1666085 2.5779421 2.4831627 2.1849159 2.2858842 2.0208986 1.8315170 1.7729420 1.5597594 2.7690817 2.3195690 2.4029216 2.9984753 2.5428634 2.8909163 1.6547320 1.7238081 1.6129715 2.2016611 1.8341044 1.9598034 2.1821689 2.5185233 1.3215176 7.8184399 3.0163217 2.8386937 2.2188645 
Vespertilionidae  0.4662246 0.4603403 0.4407428 0.4633278 0.3763407 0.3996862 0.3993877 0.4296049 0.4330425 0.0000000 0.3117805 0.3196006 0.3963165 0.3997834 0.4669837 0.6873198 0.5933495 0.5985054 2.2188961 2.5024851 2.3799286 2.6408994 2.7123095 2.1448440 2.7766318 2.7595454 2.4219073 2.4496920 2.3461035 1.9500827 1.8907866 1.7154261 2.5128696 2.6675540 2.7414294 2.8122787 2.8585270 2.9104931 1.6353143 2.0730439 1.7696038 2.2973465 1.9835377 1.9750502 2.1556325 3.0428511 1.3373059 5.0918126 2.7275686 2.6003291 2.2435767 
Furipteridae      0.5145830 0.5135709 0.4828892 0.4960247 0.4338363 0.4484908 0.4479476 0.4218735 0.4771259 0.3117805 0.0000000 0.3587380 0.4371568 0.4101103 0.5006076 0.7506171 0.6691263 0.6644769 2.2306662 2.1997978 2.5061668 2.6633385 2.4837419 2.1126026 2.7676790 2.6616792 2.3578266 2.4267543 2.3263283 1.9648140 1.8905661 1.6223273 2.8598879 2.2842671 2.7113739 2.5292512 3.0581614 3.0692038 1.6763411 2.0285192 1.7844071 2.1687495 1.9237392 2.0219542 2.2965749 3.0950904 1.3943499 4.2118281 2.8263979 2.6477841 2.2549157 
Rhinolophidae     0.4192480 0.4172998 0.4077013 0.4176387 0.3771569 0.3564335 0.3966788 0.3840821 0.4030257 0.3196006 0.3587380 0.0000000 0.3733708 0.3693574 0.4360972 0.6825837 0.6139989 0.6022944 2.1897882 2.3262771 2.3221812 2.4273873 2.3953916 2.0380220 2.4742402 2.3644737 2.2083462 2.1254334 2.1102976 1.8636418 1.9028041 1.6508282 3.0480295 2.4243541 2.5678524 2.8664293 2.4125096 3.0998808 1.5067145 1.8178391 1.5928035 2.0978474 1.8930539 1.8658999 2.2451184 2.8573717 1.3281229 4.7339175 2.6287971 2.6176622 2.0554293 
Viverridae        0.4223261 0.4441277 0.3909906 0.4114672 0.3740742 0.3778466 0.4030953 0.3925547 0.3995442 0.3963165 0.4371568 0.3733708 0.0000000 0.2515956 0.4400037 0.6805409 0.6213929 0.5982392 2.3178843 2.2221795 2.2703424 2.1830718 2.2448556 2.2500402 2.7754210 2.4230970 2.3461778 2.2072261 2.1452145 1.8755059 1.9395716 1.6329808 2.7207738 2.3903649 2.5631616 2.9372159 2.3898410 2.9411851 1.7240023 1.9068346 1.6167349 2.1037956 1.9531870 2.1259983 2.3538053 2.9422581 1.3444502 5.1311217 2.5663756 2.6071356 2.2535374 
Procyonidae       0.4052030 0.4118139 0.3878825 0.4061437 0.3501173 0.3509050 0.3459257 0.3497765 0.3600688 0.3997834 0.4101103 0.3693574 0.2515956 0.0000000 0.4049534 0.6646935 0.6051616 0.5855513 2.3462854 2.7072673 2.5171933 2.3868229 2.4358924 2.2518354 2.8253351 2.6471881 2.4667146 2.3453183 2.3131613 1.9291324 1.8982565 1.6423250 2.6436064 2.5186813 2.4393559 2.9755432 2.3652817 3.1587937 1.6546698 1.8337570 1.6704364 2.1041712 1.8285567 2.0439835 2.3374176 2.7939473 1.2987606 8.9999985 2.5944336 2.4910018 2.4075463 
Myrmecophagidae   0.4582573 0.4781943 0.4334517 0.4492045 0.4141968 0.3917749 0.4774546 0.4714616 0.4743771 0.4669837 0.5006076 0.4360972 0.4400037 0.4049534 0.0000000 0.6598526 0.5659252 0.5600798 2.3371953 2.5352426 2.3750861 2.6732033 2.6079433 2.1529184 2.6091480 2.9540717 2.6612743 2.3992626 2.3466543 2.0521466 2.0758101 1.6409844 2.5523596 2.2657234 2.3927305 3.0136887 2.6730725 2.6570594 1.6100273 1.8414956 1.7750863 2.1376828 1.9136330 1.9846839 2.6254369 2.5742659 1.3443169 5.5071335 2.9601605 2.5573035 2.3589957 
Caluromyidae      0.7083202 0.6783403 0.6733626 0.6543007 0.5921006 0.6033220 0.6808669 0.6642668 0.6628796 0.6873198 0.7506171 0.6825837 0.6805409 0.6646935 0.6598526 0.0000000 0.2655084 0.2637195 2.3629592 2.6377115 2.4882801 2.3707465 2.3552410 2.3256012 2.6157995 2.6848592 2.3560866 2.4429825 2.1928973 1.7011939 1.8187075 1.6803851 2.3740953 2.4750102 2.4570522 2.5416678 2.7990506 2.6841622 1.6809965 1.7232797 1.6429031 1.8945851 1.8872946 1.8402631 2.2954413 2.7744735 1.3700330 5.1491150 2.6878964 2.5480106 2.2240940 
Thylacomyidae     0.6066167 0.6013924 0.6271625 0.6116148 0.5382677 0.5683146 0.6156226 0.6019058 0.6068383 0.5933495 0.6691263 0.6139989 0.6213929 0.6051616 0.5659252 0.2655084 0.0000000 0.1336072 2.3406189 2.5762507 2.5270375 2.2388422 2.2261640 2.1444768 2.5035407 2.6129480 2.1484987 2.4136090 2.1624634 1.8353221 1.7625987 1.6537589 2.4406763 2.5019287 2.4660501 2.8161480 2.5939490 2.9843243 1.4954500 1.6625813 1.5206780 1.9446727 1.8298336 1.8269141 2.0913896 2.5666324 1.2562803 8.9999985 2.4974126 2.2868581 1.9259055 
Phalangeridae     0.6007758 0.5904592 0.6088160 0.5831952 0.5272767 0.5341404 0.5973651 0.5702626 0.5824319 0.5985054 0.6644769 0.6022944 0.5982392 0.5855513 0.5600798 0.2637195 0.1336072 0.0000000 2.2729042 2.3503399 2.4761655 2.2361951 2.2371021 2.1272354 2.5077069 2.6826434 2.2359355 2.4565302 2.1463422 1.8049810 1.7920422 1.6367182 2.6013307 2.5817068 2.4423546 2.7194634 2.4442836 2.9744390 1.4680590 1.7215329 1.5655270 1.9287068 1.8545519 1.7595212 2.0014380 2.5380792 1.2426384 5.3265890 2.4906333 2.3387480 1.9793921 
Tityridae         2.1276885 2.0800559 2.0932589 2.0744199 2.0355519 2.1384871 2.1795268 2.2379618 2.1305583 2.2188961 2.2306662 2.1897882 2.3178843 2.3462854 2.3371953 2.3629592 2.3406189 2.2729042 0.0000000 0.9129266 1.0471687 0.9960046 0.9932522 0.9706561 1.1300511 1.1072548 1.0345193 1.1329428 0.8989664 2.0130122 1.9879605 1.7085030 3.3640036 3.6915251 2.8610190 3.1488000 3.3590744 2.9423555 2.8100750 2.5800013 2.9871975 2.7165675 2.9955063 2.4910595 4.0995578 3.2705020 2.0653633 3.9691209 3.1623115 3.0214494 3.2207320 
Ptilonorhynchidae 2.4075007 2.1878404 2.2780512 2.1543128 2.1494563 2.2987506 2.2237046 2.3413693 2.1942991 2.5024851 2.1997978 2.3262771 2.2221795 2.7072673 2.5352426 2.6377115 2.5762507 2.3503399 0.9129266 0.0000000 0.8428248 0.9096096 0.7816254 0.8729432 1.0072425 0.8745970 0.8542354 0.9237922 0.9020163 2.0780477 2.1600544 1.7728340 3.6354179 4.8304467 3.3869005 3.2271305 6.9656313 3.9493031 2.2333537 2.9859380 2.4333634 2.6596654 2.4816554 2.5002119 2.9469745 2.9027073 2.4978245 3.5563519 3.3537450 3.1097635 2.9645705 
Callaeatidae      2.4626346 2.3315899 2.3415318 2.1960191 2.2571371 2.1889688 2.2671352 2.3387091 2.2715379 2.3799286 2.5061668 2.3221812 2.2703424 2.5171933 2.3750861 2.4882801 2.5270375 2.4761655 1.0471687 0.8428248 0.0000000 0.8095838 0.7427516 0.8549476 0.9328521 0.7740850 0.7482325 0.8753791 1.0672909 2.2011538 2.4286399 2.0462083 3.8226244 3.5003741 3.5362302 3.4816128 3.6755412 3.3887059 2.3812792 2.4577945 2.3480107 2.8666281 3.1605631 2.9360580 3.0865922 3.2412098 2.3852131 4.2973342 4.0548999 3.3535313 2.7712165 
Monarchidae       2.5707643 2.4015919 2.3281401 2.3302971 2.4183027 2.3110719 2.4835844 2.2535217 2.2767106 2.6408994 2.6633385 2.4273873 2.1830718 2.3868229 2.6732033 2.3707465 2.2388422 2.2361951 0.9960046 0.9096096 0.8095838 0.0000000 0.5140042 0.8933741 1.0403525 0.8315231 0.7286254 0.8577705 1.0385016 2.0044456 2.2756580 1.9544169 6.1437994 5.5650118 4.0228731 3.3253953 3.6556821 4.5011863 2.2369705 2.5860621 2.4835904 2.4222616 2.3835661 3.1104760 3.8465442 3.1550235 2.3132137 3.7857395 3.3621371 3.0781022 3.5540140 
Malaconotidae     2.5310118 2.6337922 2.3806394 2.5616050 2.3523425 2.5080809 2.6457399 2.4408303 2.4897482 2.7123095 2.4837419 2.3953916 2.2448556 2.4358924 2.6079433 2.3552410 2.2261640 2.2371021 0.9932522 0.7816254 0.7427516 0.5140042 0.0000000 0.8039961 0.9426030 0.7679569 0.7228134 0.8514876 1.0654871 2.2489173 2.0008922 1.9103693 4.2866834 4.4883696 4.8928504 3.7953322 3.9237302 3.6694872 2.3382780 3.2257256 2.9919154 2.7340261 2.8103034 2.9677724 3.6593001 3.2274535 2.5441468 3.6895589 3.6327059 3.2003288 4.5498109 
Certhiidae        2.3660650 2.1112386 2.1471094 2.1588145 2.1385891 2.2991967 2.0629746 2.0240706 2.1666085 2.1448440 2.1126026 2.0380220 2.2500402 2.2518354 2.1529184 2.3256012 2.1444768 2.1272354 0.9706561 0.8729432 0.8549476 0.8933741 0.8039961 0.0000000 0.8321516 0.7099043 0.7105826 0.8365633 1.0103608 1.9389988 2.2566276 1.8270050 3.6259403 3.7590163 2.9486961 2.8236986 3.4293464 3.3745255 2.2959771 2.7073628 2.6131956 2.9114175 2.7905960 2.5863343 3.4380377 3.2153108 2.4333022 4.4275615 3.5731578 3.3762288 3.2132246 
Cinclidae         2.6972738 2.6438523 2.7666187 2.6578187 2.5379452 2.5851865 2.6187769 2.5547928 2.5779421 2.7766318 2.7676790 2.4742402 2.7754210 2.8253351 2.6091480 2.6157995 2.5035407 2.5077069 1.1300511 1.0072425 0.9328521 1.0403525 0.9426030 0.8321516 0.0000000 0.7441621 0.7475535 0.9326795 1.2690141 2.4071835 2.1820802 2.0029276 7.3852232 9.0000000 4.8273198 3.2587660 4.0004187 5.8152175 2.9198496 3.0145707 2.5383937 2.8462075 3.1012720 2.5236583 2.7847214 3.1694056 2.6303088 4.1941623 3.7926663 4.1289961 3.8192406 
Ploceidae         2.5018384 2.6514430 2.6343032 2.5568284 2.5503811 2.7249141 2.5611901 2.6471156 2.4831627 2.7595454 2.6616792 2.3644737 2.4230970 2.6471881 2.9540717 2.6848592 2.6129480 2.6826434 1.1072548 0.8745970 0.7740850 0.8315231 0.7679569 0.7099043 0.7441621 0.0000000 0.3829036 0.8434113 1.1357644 1.8685419 2.1243683 1.9016107 3.5026769 4.4487257 3.6269405 2.5880083 4.3064457 3.6354644 2.5388986 3.2103931 2.7442083 2.8738063 2.9829211 3.0410138 3.5666866 3.3149411 2.4950926 3.8432904 3.7377920 3.4661175 3.7319017 
Thraupidae        2.3987262 2.2374536 2.4306452 2.2858851 2.2956977 2.2705678 2.3509518 2.3789630 2.1849159 2.4219073 2.3578266 2.2083462 2.3461778 2.4667146 2.6612743 2.3560866 2.1484987 2.2359355 1.0345193 0.8542354 0.7482325 0.7286254 0.7228134 0.7105826 0.7475535 0.3829036 0.0000000 0.7809133 1.1144417 1.8418618 1.9910075 1.8089587 4.2777668 3.4419738 3.8733093 2.3974904 3.9879118 3.6850725 2.5495251 3.0514569 2.8453524 2.9300210 3.0281090 3.0346793 3.4425883 3.8128179 2.4438704 4.5709384 3.2669534 2.9786903 3.6121937 
Alaudidae         2.2937180 2.0378013 2.2704005 2.2300895 2.1011253 2.1401625 2.3538432 2.2486209 2.2858842 2.4496920 2.4267543 2.1254334 2.2072261 2.3453183 2.3992626 2.4429825 2.4136090 2.4565302 1.1329428 0.9237922 0.8753791 0.8577705 0.8514876 0.8365633 0.9326795 0.8434113 0.7809133 0.0000000 1.1404697 1.9993781 2.2765355 1.8259111 3.8167540 5.3697314 3.5091162 3.5695690 3.7455545 5.3423980 2.5487794 2.9203131 2.6460427 2.8181282 2.7065121 2.6350668 2.8831847 3.6204190 2.5520685 3.6859912 4.1205235 3.6676464 3.4435851 
Coraciiformes     2.0077531 2.0685168 2.1328749 2.0428654 1.9796593 2.1523476 2.1367064 2.2357587 2.0208986 2.3461035 2.3263283 2.1102976 2.1452145 2.3131613 2.3466543 2.1928973 2.1624634 2.1463422 0.8989664 0.9020163 1.0672909 1.0385016 1.0654871 1.0103608 1.2690141 1.1357644 1.1144417 1.1404697 0.0000000 1.8348831 2.2349757 1.6906223 3.0369231 3.2172380 3.1127314 3.1936820 3.4337954 3.2691221 2.5100089 2.4194994 2.5441860 2.7988205 2.8057698 2.8354827 3.2644635 3.0462403 2.1676488 4.2080518 3.8077624 3.6756808 2.7874815 
Crocodylidae      1.8907314 2.1317085 1.9951396 1.8784964 1.7363157 1.8995829 1.8764205 1.8273003 1.8315170 1.9500827 1.9648140 1.8636418 1.8755059 1.9291324 2.0521466 1.7011939 1.8353221 1.8049810 2.0130122 2.0780477 2.2011538 2.0044456 2.2489173 1.9389988 2.4071835 1.8685419 1.8418618 1.9993781 1.8348831 0.0000000 1.4572993 1.3677777 2.6285539 2.4287536 2.5589767 2.6280010 3.2651101 4.2364844 1.8870613 2.1855474 2.2521692 2.6891588 2.3676860 2.4153489 2.5175610 2.8481864 1.7186472 3.2434298 3.1492658 3.2844543 2.6679211 
Carettochelyidae  1.9062084 1.9184653 1.9414859 1.9954359 1.6430779 1.7833901 1.9628595 1.7502155 1.7729420 1.8907866 1.8905661 1.9028041 1.9395716 1.8982565 2.0758101 1.8187075 1.7625987 1.7920422 1.9879605 2.1600544 2.4286399 2.2756580 2.0008922 2.2566276 2.1820802 2.1243683 1.9910075 2.2765355 2.2349757 1.4572993 0.0000000 0.7793154 2.7121388 2.7916992 2.7566081 3.1909860 3.2382428 3.8356135 2.0196279 2.4147855 2.2077280 2.8536891 2.3108812 2.5230686 2.6851302 2.9499778 1.8235252 4.2412145 3.0418018 3.2903493 2.3674432 
Kinosternidae     1.6325639 1.6102358 1.5303913 1.6264745 1.3278710 1.5032623 1.6206739 1.6004442 1.5597594 1.7154261 1.6223273 1.6508282 1.6329808 1.6423250 1.6409844 1.6803851 1.6537589 1.6367182 1.7085030 1.7728340 2.0462083 1.9544169 1.9103693 1.8270050 2.0029276 1.9016107 1.8089587 1.8259111 1.6906223 1.3677777 0.7793154 0.0000000 2.4173526 2.7010451 2.7841379 2.7021181 3.6077596 3.2065138 2.0942902 2.2155925 1.8531770 2.6372281 2.3825000 2.5134590 2.6000775 2.9469001 1.8323958 3.7796417 2.9205765 2.9389946 2.0733840 
Anomalepididae    2.6869069 3.0908851 2.9437544 2.8366922 2.7202992 2.7130202 2.9744787 2.8111118 2.7690817 2.5128696 2.8598879 3.0480295 2.7207738 2.6436064 2.5523596 2.3740953 2.4406763 2.6013307 3.3640036 3.6354179 3.8226244 6.1437994 4.2866834 3.6259403 7.3852232 3.5026769 4.2777668 3.8167540 3.0369231 2.6285539 2.7121388 2.4173526 0.0000000 1.7436898 1.9476563 2.4763532 2.8920194 3.3400124 2.5394575 3.0394039 2.8922136 3.0059386 2.8591586 2.6364140 3.2869382 3.2927265 2.9645975 4.7780928 3.4944993 3.5218305 3.6255706 
Loxocemidae       2.3260564 2.6092218 2.3625476 2.2944294 2.3724018 2.3101390 2.3577774 2.4264714 2.3195690 2.6675540 2.2842671 2.4243541 2.3903649 2.5186813 2.2657234 2.4750102 2.5019287 2.5817068 3.6915251 4.8304467 3.5003741 5.5650118 4.4883696 3.7590163 9.0000000 4.4487257 3.4419738 5.3697314 3.2172380 2.4287536 2.7916992 2.7010451 1.7436898 0.0000000 1.1818081 2.4860432 3.4076030 2.8582822 3.0888994 2.8934987 3.1810740 4.2733453 3.6673172 3.1884733 4.0094175 3.2745128 2.8630030 5.9211891 3.5324000 3.1969139 3.4149197 
Natricidae        2.3817460 2.9055271 2.7516507 2.7922161 2.4889616 2.5237757 2.4926541 2.4390891 2.4029216 2.7414294 2.7113739 2.5678524 2.5631616 2.4393559 2.3927305 2.4570522 2.4660501 2.4423546 2.8610190 3.3869005 3.5362302 4.0228731 4.8928504 2.9486961 4.8273198 3.6269405 3.8733093 3.5091162 3.1127314 2.5589767 2.7566081 2.7841379 1.9476563 1.1818081 0.0000000 2.2882178 2.6228613 2.5265913 3.2424395 2.9191525 3.3862850 3.5128387 3.1090262 3.9817473 4.1734272 4.8073425 3.5377520 4.6650620 3.4971879 3.8619214 4.9161656 
Xenosauridae      2.8059509 3.1421439 3.0920658 3.0913066 2.9858554 2.4991784 3.2220675 2.9210392 2.9984753 2.8122787 2.5292512 2.8664293 2.9372159 2.9755432 3.0136887 2.5416678 2.8161480 2.7194634 3.1488000 3.2271305 3.4816128 3.3253953 3.7953322 2.8236986 3.2587660 2.5880083 2.3974904 3.5695690 3.1936820 2.6280010 3.1909860 2.7021181 2.4763532 2.4860432 2.2882178 0.0000000 3.1811510 3.1763313 3.8370589 4.6210943 2.7178473 3.1551410 3.3098750 3.4407840 3.3189443 3.7497153 3.6795944 3.6891453 4.0519319 3.9188450 2.8399990 
Teiidae           3.1168352 2.6178606 2.6021205 2.8893254 2.8200832 2.5341392 2.8944897 2.6999726 2.5428634 2.8585270 3.0581614 2.4125096 2.3898410 2.3652817 2.6730725 2.7990506 2.5939490 2.4442836 3.3590744 6.9656313 3.6755412 3.6556821 3.9237302 3.4293464 4.0004187 4.3064457 3.9879118 3.7455545 3.4337954 3.2651101 3.2382428 3.6077596 2.8920194 3.4076030 2.6228613 3.1811510 0.0000000 4.7594440 3.3951965 3.3633384 3.9635682 7.8856275 3.5192452 8.1781554 4.6873456 5.7919275 3.2382352 8.9999989 4.7048869 3.3647257 4.7269678 
Eublepharidae     2.7885541 2.8400453 2.8952942 2.7783373 2.6864888 2.7402649 2.8627845 2.8440561 2.8909163 2.9104931 3.0692038 3.0998808 2.9411851 3.1587937 2.6570594 2.6841622 2.9843243 2.9744390 2.9423555 3.9493031 3.3887059 4.5011863 3.6694872 3.3745255 5.8152175 3.6354644 3.6850725 5.3423980 3.2691221 4.2364844 3.8356135 3.2065138 3.3400124 2.8582822 2.5265913 3.1763313 4.7594440 0.0000000 3.5098225 3.1306037 3.6199388 5.2856307 5.7207633 4.4184131 8.2542425 6.8107583 3.8808837 4.1709677 7.7422699 9.0000000 9.0000000 
Dicamptodontidae  1.6575404 1.8062876 1.5285832 1.5433259 1.5241484 1.6469784 1.4591890 1.5873626 1.6547320 1.6353143 1.6763411 1.5067145 1.7240023 1.6546698 1.6100273 1.6809965 1.4954500 1.4680590 2.8100750 2.2333537 2.3812792 2.2369705 2.3382780 2.2959771 2.9198496 2.5388986 2.5495251 2.5487794 2.5100089 1.8870613 2.0196279 2.0942902 2.5394575 3.0888994 3.2424395 3.8370589 3.3951965 3.5098225 0.0000000 1.1773987 1.0589980 1.3505502 1.3818846 1.2308216 1.3090675 1.9939118 0.8751797 3.9788164 2.5407367 2.5352101 2.0032974 
Alytidae          1.8068142 1.9155152 1.8283773 1.7730911 1.7287550 1.8643153 1.8190879 1.8176359 1.7238081 2.0730439 2.0285192 1.8178391 1.9068346 1.8337570 1.8414956 1.7232797 1.6625813 1.7215329 2.5800013 2.9859380 2.4577945 2.5860621 3.2257256 2.7073628 3.0145707 3.2103931 3.0514569 2.9203131 2.4194994 2.1855474 2.4147855 2.2155925 3.0394039 2.8934987 2.9191525 4.6210943 3.3633384 3.1306037 1.1773987 0.0000000 1.0813232 1.3350115 1.4682455 1.4237364 1.7145885 2.0124646 1.0844417 3.6869237 2.2324555 2.3863125 2.1686333 
Heleophrynidae    1.5620646 1.7215422 1.5322927 1.5246036 1.5228587 1.6446787 1.6188485 1.7430750 1.6129715 1.7696038 1.7844071 1.5928035 1.6167349 1.6704364 1.7750863 1.6429031 1.5206780 1.5655270 2.9871975 2.4333634 2.3480107 2.4835904 2.9919154 2.6131956 2.5383937 2.7442083 2.8453524 2.6460427 2.5441860 2.2521692 2.2077280 1.8531770 2.8922136 3.1810740 3.3862850 2.7178473 3.9635682 3.6199388 1.0589980 1.0813232 0.0000000 0.8954895 0.8909940 0.8232066 0.9116270 1.3622713 1.0233181 2.9571058 2.3942910 2.6850707 1.8741287 
Leptodactylidae   2.3453879 2.3652084 1.8526888 1.8905631 1.8919408 2.0100162 2.0855085 2.1992447 2.2016611 2.2973465 2.1687495 2.0978474 2.1037956 2.1041712 2.1376828 1.8945851 1.9446727 1.9287068 2.7165675 2.6596654 2.8666281 2.4222616 2.7340261 2.9114175 2.8462075 2.8738063 2.9300210 2.8181282 2.7988205 2.6891588 2.8536891 2.6372281 3.0059386 4.2733453 3.5128387 3.1551410 7.8856275 5.2856307 1.3505502 1.3350115 0.8954895 0.0000000 0.3934312 1.1368890 1.3762259 1.5305322 1.2576341 3.0495182 3.4104512 3.1107172 2.4640304 
Strabomantidae    2.1589935 2.2506768 1.8262663 1.7944009 1.8196511 1.8871118 1.9299092 1.8739024 1.8341044 1.9835377 1.9237392 1.8930539 1.9531870 1.8285567 1.9136330 1.8872946 1.8298336 1.8545519 2.9955063 2.4816554 3.1605631 2.3835661 2.8103034 2.7905960 3.1012720 2.9829211 3.0281090 2.7065121 2.8057698 2.3676860 2.3108812 2.3825000 2.8591586 3.6673172 3.1090262 3.3098750 3.5192452 5.7207633 1.3818846 1.4682455 0.8909940 0.3934312 0.0000000 1.1480723 1.2552892 1.4642548 1.2711993 3.9072736 2.7047807 2.8715049 2.4086751 
Micrixalidae      2.0861663 2.1227375 1.9053930 2.0620802 1.7780206 1.8861674 1.9149205 1.9945649 1.9598034 1.9750502 2.0219542 1.8658999 2.1259983 2.0439835 1.9846839 1.8402631 1.8269141 1.7595212 2.4910595 2.5002119 2.9360580 3.1104760 2.9677724 2.5863343 2.5236583 3.0410138 3.0346793 2.6350668 2.8354827 2.4153489 2.5230686 2.5134590 2.6364140 3.1884733 3.9817473 3.4407840 8.1781554 4.4184131 1.2308216 1.4237364 0.8232066 1.1368890 1.1480723 0.0000000 0.9088538 1.2488038 1.3216570 3.6793270 2.4390309 2.5993400 2.2679809 
Hemisotidae       2.3155598 2.5364097 2.2915196 2.2289823 2.2543902 2.3747610 2.4201501 2.4376580 2.1821689 2.1556325 2.2965749 2.2451184 2.3538053 2.3374176 2.6254369 2.2954413 2.0913896 2.0014380 4.0995578 2.9469745 3.0865922 3.8465442 3.6593001 3.4380377 2.7847214 3.5666866 3.4425883 2.8831847 3.2644635 2.5175610 2.6851302 2.6000775 3.2869382 4.0094175 4.1734272 3.3189443 4.6873456 8.2542425 1.3090675 1.7145885 0.9116270 1.3762259 1.2552892 0.9088538 0.0000000 1.3656903 1.3608968 3.0133624 2.8309652 2.9333820 2.7067541 
Asterophryidae    2.7852349 3.1516705 2.5385989 2.7080565 2.7467313 2.8899609 3.2237384 2.8494695 2.5185233 3.0428511 3.0950904 2.8573717 2.9422581 2.7939473 2.5742659 2.7744735 2.5666324 2.5380792 3.2705020 2.9027073 3.2412098 3.1550235 3.2274535 3.2153108 3.1694056 3.3149411 3.8128179 3.6204190 3.0462403 2.8481864 2.9499778 2.9469001 3.2927265 3.2745128 4.8073425 3.7497153 5.7919275 6.8107583 1.9939118 2.0124646 1.3622713 1.5305322 1.4642548 1.2488038 1.3656903 0.0000000 1.8060767 3.3329460 3.6687206 3.1892712 2.9182454 
Caeciliidae2      1.3148994 1.4200226 1.2508235 1.2799210 1.1824659 1.2893003 1.2470426 1.3213471 1.3215176 1.3373059 1.3943499 1.3281229 1.3444502 1.2987606 1.3443169 1.3700330 1.2562803 1.2426384 2.0653633 2.4978245 2.3852131 2.3132137 2.5441468 2.4333022 2.6303088 2.4950926 2.4438704 2.5520685 2.1676488 1.7186472 1.8235252 1.8323958 2.9645975 2.8630030 3.5377520 3.6795944 3.2382352 3.8808837 0.8751797 1.0844417 1.0233181 1.2576341 1.2711993 1.3216570 1.3608968 1.8060767 0.0000000 3.5198862 2.2836653 2.2410356 1.7250249 
Polypteriformes   4.8909830 4.9528091 4.8993381 3.7108491 4.9041505 4.8437653 5.9090982 8.9999985 7.8184399 5.0918126 4.2118281 4.7339175 5.1311217 8.9999985 5.5071335 5.1491150 8.9999985 5.3265890 3.9691209 3.5563519 4.2973342 3.7857395 3.6895589 4.4275615 4.1941623 3.8432904 4.5709384 3.6859912 4.2080518 3.2434298 4.2412145 3.7796417 4.7780928 5.9211891 4.6650620 3.6891453 8.9999989 4.1709677 3.9788164 3.6869237 2.9571058 3.0495182 3.9072736 3.6793270 3.0133624 3.3329460 3.5198862 0.0000000 3.5024590 4.3707002 5.8474675 
Channichthyidae   3.1975042 2.9320622 2.7624736 2.6123495 2.4883761 2.9461050 2.3920495 2.7862316 3.0163217 2.7275686 2.8263979 2.6287971 2.5663756 2.5944336 2.9601605 2.6878964 2.4974126 2.4906333 3.1623115 3.3537450 4.0548999 3.3621371 3.6327059 3.5731578 3.7926663 3.7377920 3.2669534 4.1205235 3.8077624 3.1492658 3.0418018 2.9205765 3.4944993 3.5324000 3.4971879 4.0519319 4.7048869 7.7422699 2.5407367 2.2324555 2.3942910 3.4104512 2.7047807 2.4390309 2.8309652 3.6687206 2.2836653 3.5024590 0.0000000 0.3752497 2.7022251 
Pseudaphritidae   2.8052048 2.6562355 2.5254421 2.4183971 2.3456454 2.6888874 2.4936848 2.6333640 2.8386937 2.6003291 2.6477841 2.6176622 2.6071356 2.4910018 2.5573035 2.5480106 2.2868581 2.3387480 3.0214494 3.1097635 3.3535313 3.0781022 3.2003288 3.3762288 4.1289961 3.4661175 2.9786903 3.6676464 3.6756808 3.2844543 3.2903493 2.9389946 3.5218305 3.1969139 3.8619214 3.9188450 3.3647257 9.0000000 2.5352101 2.3863125 2.6850707 3.1107172 2.8715049 2.5993400 2.9333820 3.1892712 2.2410356 4.3707002 0.3752497 0.0000000 2.9183866 
Carcharhinidae    2.2230324 2.3326847 2.2854186 2.1014213 2.1001028 2.1791930 2.1796413 2.2463250 2.2188645 2.2435767 2.2549157 2.0554293 2.2535374 2.4075463 2.3589957 2.2240940 1.9259055 1.9793921 3.2207320 2.9645705 2.7712165 3.5540140 4.5498109 3.2132246 3.8192406 3.7319017 3.6121937 3.4435851 2.7874815 2.6679211 2.3674432 2.0733840 3.6255706 3.4149197 4.9161656 2.8399990 4.7269678 9.0000000 2.0032974 2.1686333 1.8741287 2.4640304 2.4086751 2.2679809 2.7067541 2.9182454 1.7250249 5.8474675 2.7022251 2.9183866 0.0000000 
