51
Pitheciidae       0.0000000 0.4954331 0.5312692 0.4784098 0.4147139 0.4743903 0.3880723 0.3395391 0.3622209 0.3642844 0.3579429 0.3903235 0.3742997 0.3343247 0.4507543 0.7908729 0.7946389 0.8124087 1.8714946 1.7331126 1.9251959 1.9356902 1.8979849 1.8064241 1.9328656 1.8283214 1.8127199 1.8887012 1.6725948 1.4321589 1.3392065 1.4985922 1.6187483 1.4701507 1.8700596 1.6710565 1.5578168 1.4831658 1.5773221 1.6724190 2.2839901 1.9734745 1.9243754 1.8021920 2.0263147 2.0397933 2.0922380 1.7940723 1.5517135 1.5636674 2.0973728 
Scandentia        0.4954331 0.0000000 0.5939628 0.5773947 0.4936955 0.5858749 0.4953146 0.4380989 0.4540564 0.4760489 0.4636469 0.4751516 0.4708492 0.4293671 0.5592399 0.8816449 0.8807901 0.8648001 1.9290218 1.8071079 2.0020424 2.0774452 1.9721214 1.8920364 1.9978943 1.9115546 1.8978093 1.9799482 1.8371265 1.4526353 1.3756426 1.4748435 1.6705682 1.6208305 2.0138067 1.7677181 1.6692272 1.5905791 1.7516189 1.7892831 2.1914534 2.1351831 2.0292435 1.8945968 2.2357523 2.1547282 2.2177213 1.9508807 1.6379495 1.6209095 2.2268397 
Erethizontidae    0.5312692 0.5939628 0.0000000 0.2432664 0.4457560 0.5367217 0.5067369 0.4431240 0.4557979 0.4697985 0.4673059 0.4942062 0.4651138 0.4382035 0.5657874 0.8728333 0.8824967 0.8866635 2.0565667 1.8879836 1.9651307 2.0137290 1.9227666 1.9458736 1.9787823 1.9390899 1.9319998 1.9936874 1.8068831 1.5450378 1.4893576 1.6089599 1.8474131 1.6970232 2.1843057 1.8691813 1.7739470 1.6340826 1.8081630 1.6970411 2.3036493 2.0752139 1.9909313 2.0422807 2.2084482 2.1837803 2.1833122 2.0759940 1.7039801 1.6892071 2.3701411 
Capromyidae       0.4784098 0.5773947 0.2432664 0.0000000 0.4057662 0.4985230 0.4599628 0.4106257 0.4286389 0.4319003 0.4255599 0.4558348 0.4276995 0.3973226 0.5217231 0.8394123 0.8307839 0.8555203 1.9745644 1.8173692 1.9584689 1.9981224 1.8893132 1.9746882 1.9796965 1.9504176 1.9270030 1.9489836 1.7511210 1.5419468 1.4417548 1.6078635 1.7959756 1.6326354 2.1073680 1.8554302 1.7241340 1.5530682 1.7858543 1.6419873 2.3082315 2.1022918 1.9659340 1.9878597 2.1409581 2.0680095 2.1977528 1.9683062 1.6338069 1.6299414 2.2643850 
Muridae           0.4147139 0.4936955 0.4457560 0.4057662 0.0000000 0.4150112 0.3946642 0.3313956 0.3471226 0.3605202 0.3440428 0.3616484 0.3626386 0.3298371 0.4483339 0.7468837 0.7572470 0.7692622 1.8711050 1.7908029 1.8964339 1.9019876 1.8669641 1.8734362 1.8704184 1.8298170 1.8103728 1.8133688 1.6767487 1.4478744 1.3574608 1.4679473 1.6552241 1.5417823 1.9842121 1.7756145 1.6056297 1.4319474 1.5617153 1.5773058 2.2436224 2.0640047 1.9382930 1.8130458 2.0448485 2.0548199 2.1706040 1.8588593 1.5868166 1.5817063 2.2998791 
Castoridae        0.4743903 0.5858749 0.5367217 0.4985230 0.4150112 0.0000000 0.4732983 0.4042332 0.4290617 0.4241124 0.4184518 0.4576676 0.4177098 0.3895137 0.4999717 0.8492101 0.8486394 0.8657425 1.9179089 1.8345579 2.0132111 2.0168990 1.9521322 1.8892173 1.9977556 1.9846468 1.9446279 1.9183800 1.8291990 1.5443816 1.4519659 1.5855606 1.7675263 1.6140378 2.0664091 1.8878008 1.7524107 1.5018400 1.7057667 1.6532284 2.3317145 2.0157768 1.9661457 1.9859632 2.1458171 2.0950600 2.0610729 1.8977111 1.6729016 1.6712290 2.3150617 
Suidae            0.3880723 0.4953146 0.5067369 0.4599628 0.3946642 0.4732983 0.0000000 0.1930936 0.2153872 0.2764941 0.2781410 0.2959598 0.2722184 0.2429734 0.4143316 0.7349650 0.7083371 0.7268000 1.7492146 1.6195736 1.8078904 1.8263941 1.7094603 1.6818492 1.7969728 1.7504540 1.6995856 1.6952593 1.6255778 1.4041118 1.2835687 1.4258015 1.5557017 1.4886270 1.7989227 1.6572094 1.5197266 1.4351120 1.5000772 1.5321892 2.2215072 1.9537690 1.8039975 1.7465746 2.0357112 1.8965765 2.0157686 1.8326080 1.4718917 1.4633129 2.0986929 
Hippopotamidae    0.3395391 0.4380989 0.4431240 0.4106257 0.3313956 0.4042332 0.1930936 0.0000000 0.1258972 0.2166165 0.2033377 0.2371318 0.2084768 0.1879999 0.3652286 0.6742602 0.6713707 0.6920050 1.7854501 1.6709515 1.7944164 1.8178166 1.7432710 1.6976329 1.7667421 1.7178573 1.7065889 1.7265257 1.6291253 1.3323606 1.2216215 1.3705836 1.5537190 1.4284622 1.7599257 1.5992783 1.4394417 1.3948323 1.4895755 1.4753885 2.1038613 1.8816025 1.8082687 1.6450292 1.9649379 1.9127348 2.0155014 1.7776033 1.4819328 1.4726182 2.0465660 
Hyperoodontidae   0.3622209 0.4540564 0.4557979 0.4286389 0.3471226 0.4290617 0.2153872 0.1258972 0.0000000 0.2356667 0.2241398 0.2553069 0.2332433 0.2146336 0.3857155 0.7183595 0.7106180 0.7070101 1.8026987 1.6425087 1.8099525 1.8218573 1.7293036 1.6921653 1.7438452 1.7507651 1.7123506 1.7393525 1.6289178 1.3276203 1.2611681 1.3867104 1.6036284 1.4594968 1.8264787 1.6992882 1.4671622 1.4306822 1.4749441 1.5030670 2.1812824 1.9457554 1.8806081 1.7358076 2.0151513 1.9846939 1.9852121 1.8448752 1.5364121 1.5312160 2.0454697 
Vespertilionidae  0.3642844 0.4760489 0.4697985 0.4319003 0.3605202 0.4241124 0.2764941 0.2166165 0.2356667 0.0000000 0.1419244 0.2057456 0.2386282 0.2100274 0.3894209 0.6932995 0.6942192 0.7212178 1.7757405 1.7052064 1.7795722 1.8126468 1.7836801 1.6964528 1.7560836 1.7677340 1.7168103 1.7594281 1.6345173 1.3735950 1.2978806 1.4342441 1.5419710 1.4562704 1.8512099 1.6400233 1.4906300 1.3794697 1.5415288 1.5505358 2.1799388 1.9765512 1.8623440 1.7982318 1.9664600 1.9613088 1.9270419 1.8145731 1.5044876 1.5017916 2.1037241 
Furipteridae      0.3579429 0.4636469 0.4673059 0.4255599 0.3440428 0.4184518 0.2781410 0.2033377 0.2241398 0.1419244 0.0000000 0.1908890 0.2263911 0.2037850 0.3881165 0.6869102 0.6935140 0.7156077 1.7795683 1.6799220 1.7283066 1.7920871 1.7455768 1.6828685 1.7373773 1.7336033 1.6849239 1.7689643 1.6266524 1.3080499 1.2453278 1.4019508 1.5165608 1.4163209 1.7931600 1.6006663 1.4070969 1.3540925 1.4653636 1.5386582 2.1147974 1.9382039 1.8545820 1.7463499 1.9460228 1.9601069 1.9562947 1.7907276 1.4785496 1.4728136 2.0918418 
Rhinolophidae     0.3903235 0.4751516 0.4942062 0.4558348 0.3616484 0.4576676 0.2959598 0.2371318 0.2553069 0.2057456 0.1908890 0.0000000 0.2430119 0.2341957 0.3918419 0.7067965 0.7219123 0.7302045 1.8274603 1.6974064 1.8013895 1.8475181 1.8381791 1.7710162 1.8341018 1.7567679 1.7491085 1.7971931 1.6344547 1.3737463 1.2495789 1.4137514 1.5152833 1.4422898 1.8177530 1.6176236 1.4775526 1.3604015 1.5193709 1.5473522 2.2121142 1.9310695 1.8961418 1.7752773 1.9071634 1.9641153 1.9634547 1.7879231 1.4476432 1.4403010 2.0926436 
Viverridae        0.3742997 0.4708492 0.4651138 0.4276995 0.3626386 0.4177098 0.2722184 0.2084768 0.2332433 0.2386282 0.2263911 0.2430119 0.0000000 0.1248740 0.3809385 0.6855319 0.6979631 0.7141908 1.7394751 1.6374079 1.7870238 1.7407736 1.6953963 1.7226119 1.7560539 1.7263653 1.6853542 1.7741774 1.5750905 1.3323624 1.2609298 1.3439946 1.5620583 1.4415321 1.8195624 1.6708709 1.4705366 1.3980721 1.5194241 1.5299829 2.1608611 1.8687446 1.8151717 1.7620875 1.9439661 1.9480709 1.9023895 1.7922049 1.4494556 1.4463245 2.0183671 
Procyonidae       0.3343247 0.4293671 0.4382035 0.3973226 0.3298371 0.3895137 0.2429734 0.1879999 0.2146336 0.2100274 0.2037850 0.2341957 0.1248740 0.0000000 0.3574893 0.6663853 0.6699281 0.6822707 1.7080719 1.6052003 1.7195735 1.7316627 1.6864035 1.7038551 1.7352676 1.7069195 1.6796546 1.7276366 1.5687264 1.3397417 1.2400282 1.3670698 1.5119456 1.4240526 1.7815705 1.6396553 1.4036464 1.3690293 1.4845433 1.5187558 2.0776897 1.8598641 1.8002648 1.7474914 1.9324998 1.9366481 1.9347954 1.7608834 1.4281619 1.4262147 2.0154017 
Myrmecophagidae   0.4507543 0.5592399 0.5657874 0.5217231 0.4483339 0.4999717 0.4143316 0.3652286 0.3857155 0.3894209 0.3881165 0.3918419 0.3809385 0.3574893 0.0000000 0.7903575 0.7793461 0.8040855 1.8350950 1.7138676 1.8730028 1.8169008 1.7309885 1.7758950 1.8315502 1.7810628 1.7383633 1.8154380 1.6565076 1.4053838 1.2898246 1.4608241 1.5494022 1.5198380 1.8195374 1.6670910 1.5893510 1.4200114 1.5002948 1.5910261 2.2280091 2.0163586 1.9915714 1.8754631 2.0792433 2.0531428 2.0088558 1.8446894 1.5125709 1.5260594 2.1680316 
Caluromyidae      0.7908729 0.8816449 0.8728333 0.8394123 0.7468837 0.8492101 0.7349650 0.6742602 0.7183595 0.6932995 0.6869102 0.7067965 0.6855319 0.6663853 0.7903575 0.0000000 0.2588142 0.2837775 1.8619061 1.7518948 1.8949929 1.9111947 1.8491347 1.8685779 1.9054080 1.7720575 1.8498548 1.8088944 1.6996827 1.4836568 1.2942528 1.4520383 1.6326620 1.5106467 1.9739453 1.6931425 1.4972255 1.4396851 1.5741244 1.4577699 2.1657099 1.9025546 1.8030717 1.8425393 1.9411989 1.9126544 1.9593860 1.8379290 1.5194433 1.5312823 1.9044172 
Thylacomyidae     0.7946389 0.8807901 0.8824967 0.8307839 0.7572470 0.8486394 0.7083371 0.6713707 0.7106180 0.6942192 0.6935140 0.7219123 0.6979631 0.6699281 0.7793461 0.2588142 0.0000000 0.2350797 1.7780024 1.7047440 1.8846694 1.8852767 1.8487468 1.7641524 1.8440213 1.7843137 1.8328998 1.7307437 1.6313880 1.4933427 1.3104669 1.4822047 1.5667793 1.5214314 1.9052779 1.6644448 1.5008618 1.4239357 1.5548697 1.5063568 2.0645125 1.9500202 1.8535761 1.8221064 1.9733458 1.8755430 2.0209799 1.8864051 1.5218476 1.5173116 2.0654693 
Phalangeridae     0.8124087 0.8648001 0.8866635 0.8555203 0.7692622 0.8657425 0.7268000 0.6920050 0.7070101 0.7212178 0.7156077 0.7302045 0.7141908 0.6822707 0.8040855 0.2837775 0.2350797 0.0000000 1.7417832 1.7103754 1.8804594 1.8971621 1.8777686 1.8188105 1.8958947 1.7598631 1.8080547 1.7535233 1.6373577 1.5143681 1.3147240 1.5175752 1.6635410 1.5458028 1.8947304 1.6838678 1.5284366 1.4183205 1.5704129 1.5227175 2.1258920 1.9304131 1.7873351 1.7885583 1.9695359 1.9596365 2.1057014 1.8286154 1.4997651 1.5239946 2.0519420 
Tityridae         1.8714946 1.9290218 2.0565667 1.9745644 1.8711050 1.9179089 1.7492146 1.7854501 1.8026987 1.7757405 1.7795683 1.8274603 1.7394751 1.7080719 1.8350950 1.8619061 1.7780024 1.7417832 0.0000000 0.6091883 0.7418842 0.6832909 0.6509297 0.6559281 0.6641400 0.7255500 0.7039664 0.7443664 0.6987370 1.2102471 1.1750416 1.2524113 1.6719179 1.6845164 1.8363730 1.7634966 1.7507294 1.4936093 1.8959731 1.9204234 2.7036539 2.2188479 2.1466825 2.3365261 2.3842204 2.3561154 2.3989816 2.2228200 1.8065633 1.8118883 2.4643577 
Ptilonorhynchidae 1.7331126 1.8071079 1.8879836 1.8173692 1.7908029 1.8345579 1.6195736 1.6709515 1.6425087 1.7052064 1.6799220 1.6974064 1.6374079 1.6052003 1.7138676 1.7518948 1.7047440 1.7103754 0.6091883 0.0000000 0.5737225 0.5246958 0.5294250 0.4895634 0.5062210 0.5375233 0.5336675 0.5422604 0.6961240 1.2085343 1.0863752 1.1907319 1.6562865 1.6733906 1.8208404 1.6678777 1.7228409 1.5182004 1.8907559 1.8867523 2.6106944 2.2149707 2.1441157 2.1682983 2.2698971 2.2596968 2.4816629 2.1981135 1.7649495 1.7647624 2.4733409 
Callaeatidae      1.9251959 2.0020424 1.9651307 1.9584689 1.8964339 2.0132111 1.8078904 1.7944164 1.8099525 1.7795722 1.7283066 1.8013895 1.7870238 1.7195735 1.8730028 1.8949929 1.8846694 1.8804594 0.7418842 0.5737225 0.0000000 0.5298610 0.5046290 0.5037443 0.5033007 0.5430136 0.5270689 0.5695164 0.8021693 1.3896417 1.2026281 1.3342802 1.8077712 1.7056374 1.9545834 1.9036819 1.7799553 1.5676955 2.0102467 2.0634348 2.6565985 2.4963717 2.3339379 2.3112912 2.5169927 2.4044258 2.6872578 2.3390089 1.8954457 1.8947661 2.7073000 
Monarchidae       1.9356902 2.0774452 2.0137290 1.9981224 1.9019876 2.0168990 1.8263941 1.8178166 1.8218573 1.8126468 1.7920871 1.8475181 1.7407736 1.7316627 1.8169008 1.9111947 1.8852767 1.8971621 0.6832909 0.5246958 0.5298610 0.0000000 0.3219363 0.4552316 0.4729841 0.5146664 0.4817400 0.5297659 0.8009698 1.3139937 1.1871266 1.3119789 1.8231403 1.7289155 2.0028774 1.8601286 1.8434256 1.6142867 2.0144920 2.0518345 2.7719007 2.5169794 2.3576601 2.3251295 2.4893930 2.3307128 2.5017710 2.3164581 1.8943770 1.9173177 2.6188644 
Malaconotidae     1.8979849 1.9721214 1.9227666 1.8893132 1.8669641 1.9521322 1.7094603 1.7432710 1.7293036 1.7836801 1.7455768 1.8381791 1.6953963 1.6864035 1.7309885 1.8491347 1.8487468 1.8777686 0.6509297 0.5294250 0.5046290 0.3219363 0.0000000 0.4557312 0.4621122 0.4865515 0.4888003 0.5048543 0.7783221 1.3004665 1.1274581 1.2510866 1.6704398 1.6608203 1.9263607 1.7904757 1.7628152 1.5589048 1.9699989 1.9855177 2.6313230 2.3210761 2.1751790 2.2213674 2.3060196 2.1944436 2.4726633 2.2983249 1.8471241 1.8670264 2.4233719 
Certhiidae        1.8064241 1.8920364 1.9458736 1.9746882 1.8734362 1.8892173 1.6818492 1.6976329 1.6921653 1.6964528 1.6828685 1.7710162 1.7226119 1.7038551 1.7758950 1.8685779 1.7641524 1.8188105 0.6559281 0.4895634 0.5037443 0.4552316 0.4557312 0.0000000 0.3386552 0.3994602 0.3740168 0.4351940 0.7561462 1.2257277 1.1270843 1.2677151 1.6944996 1.6901129 1.8777110 1.7499771 1.7867926 1.5573183 1.8548514 1.9772591 2.6994023 2.2911986 2.1681851 2.3383894 2.4057476 2.1999468 2.3963270 2.2434155 1.8811285 1.8864473 2.6053225 
Cinclidae         1.9328656 1.9978943 1.9787823 1.9796965 1.8704184 1.9977556 1.7969728 1.7667421 1.7438452 1.7560836 1.7373773 1.8341018 1.7560539 1.7352676 1.8315502 1.9054080 1.8440213 1.8958947 0.6641400 0.5062210 0.5033007 0.4729841 0.4621122 0.3386552 0.0000000 0.3945715 0.3775449 0.4409377 0.7288578 1.2568128 1.1913085 1.3001861 1.7032719 1.6105371 1.8362277 1.7468503 1.7511443 1.5552824 1.9647641 2.1842595 2.7043674 2.5264268 2.3515990 2.3537471 2.4834877 2.2983942 2.5927331 2.3005009 1.8181936 1.8516356 2.5189843 
Ploceidae         1.8283214 1.9115546 1.9390899 1.9504176 1.8298170 1.9846468 1.7504540 1.7178573 1.7507651 1.7677340 1.7336033 1.7567679 1.7263653 1.7069195 1.7810628 1.7720575 1.7843137 1.7598631 0.7255500 0.5375233 0.5430136 0.5146664 0.4865515 0.3994602 0.3945715 0.0000000 0.2736539 0.4625390 0.7806200 1.2843421 1.2141955 1.3243068 1.7128814 1.6276460 1.8141757 1.8274741 1.7938251 1.5337177 1.9706624 2.0749844 2.6899699 2.2845698 2.2673691 2.3022055 2.4194785 2.2985496 2.6385697 2.3673464 1.8644607 1.8634146 2.6155259 
Thraupidae        1.8127199 1.8978093 1.9319998 1.9270030 1.8103728 1.9446279 1.6995856 1.7065889 1.7123506 1.7168103 1.6849239 1.7491085 1.6853542 1.6796546 1.7383633 1.8498548 1.8328998 1.8080547 0.7039664 0.5336675 0.5270689 0.4817400 0.4888003 0.3740168 0.3775449 0.2736539 0.0000000 0.4549767 0.7728842 1.2606745 1.2059704 1.3046678 1.7327066 1.6034683 1.8324831 1.8282774 1.7700978 1.5851691 1.9388197 1.9222470 2.6825912 2.3249885 2.2047883 2.2565599 2.2815380 2.2661587 2.4934221 2.3390735 1.8588077 1.8641348 2.4596021 
Alaudidae         1.8887012 1.9799482 1.9936874 1.9489836 1.8133688 1.9183800 1.6952593 1.7265257 1.7393525 1.7594281 1.7689643 1.7971931 1.7741774 1.7276366 1.8154380 1.8088944 1.7307437 1.7535233 0.7443664 0.5422604 0.5695164 0.5297659 0.5048543 0.4351940 0.4409377 0.4625390 0.4549767 0.0000000 0.7911963 1.2838202 1.1406455 1.2942681 1.7495799 1.6240350 1.8105425 1.7504864 1.7792738 1.5463526 1.8922255 2.0242068 2.5476839 2.4742537 2.2584391 2.3241708 2.3652274 2.3284339 2.4163643 2.2631329 1.8196697 1.8594300 2.5115001 
Coraciiformes     1.6725948 1.8371265 1.8068831 1.7511210 1.6767487 1.8291990 1.6255778 1.6291253 1.6289178 1.6345173 1.6266524 1.6344547 1.5750905 1.5687264 1.6565076 1.6996827 1.6313880 1.6373577 0.6987370 0.6961240 0.8021693 0.8009698 0.7783221 0.7561462 0.7288578 0.7806200 0.7728842 0.7911963 0.0000000 1.1293492 0.9641165 1.1635559 1.5952178 1.4445007 1.7664837 1.6391776 1.5599710 1.4265569 1.7470729 1.7774109 2.3775395 2.1430026 1.9605195 2.0437011 2.0374883 2.1266585 2.4555372 2.0934921 1.6426748 1.6454122 2.3143075 
Crocodylidae      1.4321589 1.4526353 1.5450378 1.5419468 1.4478744 1.5443816 1.4041118 1.3323606 1.3276203 1.3735950 1.3080499 1.3737463 1.3323624 1.3397417 1.4053838 1.4836568 1.4933427 1.5143681 1.2102471 1.2085343 1.3896417 1.3139937 1.3004665 1.2257277 1.2568128 1.2843421 1.2606745 1.2838202 1.1293492 0.0000000 0.7641411 0.8925828 1.4129127 1.3265200 1.5653682 1.3814376 1.3396225 1.1817506 1.5410868 1.5709250 2.2763604 1.9319664 1.8895447 1.8600544 1.9914507 2.0425030 2.0187909 1.7695628 1.4674195 1.4611883 2.0863940 
Carettochelyidae  1.3392065 1.3756426 1.4893576 1.4417548 1.3574608 1.4519659 1.2835687 1.2216215 1.2611681 1.2978806 1.2453278 1.2495789 1.2609298 1.2400282 1.2898246 1.2942528 1.3104669 1.3147240 1.1750416 1.0863752 1.2026281 1.1871266 1.1274581 1.1270843 1.1913085 1.2141955 1.2059704 1.1406455 0.9641165 0.7641411 0.0000000 0.4727502 1.1390122 1.1414309 1.3701075 1.1843245 1.1910422 1.0280229 1.2819966 1.3321222 1.9456603 1.7266363 1.6263961 1.6407120 1.8581185 1.8263421 1.8019151 1.5961478 1.2214195 1.2494167 1.8172369 
Kinosternidae     1.4985922 1.4748435 1.6089599 1.6078635 1.4679473 1.5855606 1.4258015 1.3705836 1.3867104 1.4342441 1.4019508 1.4137514 1.3439946 1.3670698 1.4608241 1.4520383 1.4822047 1.5175752 1.2524113 1.1907319 1.3342802 1.3119789 1.2510866 1.2677151 1.3001861 1.3243068 1.3046678 1.2942681 1.1635559 0.8925828 0.4727502 0.0000000 1.3062123 1.2986240 1.6405538 1.4042833 1.3484379 1.1922020 1.5536191 1.5943530 2.1402937 2.0643847 1.8486023 1.7576306 1.9365327 1.9315982 1.9746849 1.7630220 1.4659096 1.4864699 1.8726756 
Anomalepididae    1.6187483 1.6705682 1.8474131 1.7959756 1.6552241 1.7675263 1.5557017 1.5537190 1.6036284 1.5419710 1.5165608 1.5152833 1.5620583 1.5119456 1.5494022 1.6326620 1.5667793 1.6635410 1.6719179 1.6562865 1.8077712 1.8231403 1.6704398 1.6944996 1.7032719 1.7128814 1.7327066 1.7495799 1.5952178 1.4129127 1.1390122 1.3062123 0.0000000 0.7887902 1.0879684 0.9797582 1.0292986 0.9514597 1.7359277 1.7632798 2.2571366 2.1342676 2.0018119 2.0685367 2.2943889 2.1632096 2.2113247 2.0796121 1.7129121 1.7357327 2.3429957 
Loxocemidae       1.4701507 1.6208305 1.6970232 1.6326354 1.5417823 1.6140378 1.4886270 1.4284622 1.4594968 1.4562704 1.4163209 1.4422898 1.4415321 1.4240526 1.5198380 1.5106467 1.5214314 1.5458028 1.6845164 1.6733906 1.7056374 1.7289155 1.6608203 1.6901129 1.6105371 1.6276460 1.6034683 1.6240350 1.4445007 1.3265200 1.1414309 1.2986240 0.7887902 0.0000000 0.6967367 0.9604609 0.8965779 0.9015463 1.7675868 1.6508739 2.2875937 2.0201209 1.9298790 2.0089230 2.1652455 2.0651068 2.1596518 1.9015910 1.5404221 1.5386494 2.1484242 
Natricidae        1.8700596 2.0138067 2.1843057 2.1073680 1.9842121 2.0664091 1.7989227 1.7599257 1.8264787 1.8512099 1.7931600 1.8177530 1.8195624 1.7815705 1.8195374 1.9739453 1.9052779 1.8947304 1.8363730 1.8208404 1.9545834 2.0028774 1.9263607 1.8777110 1.8362277 1.8141757 1.8324831 1.8105425 1.7664837 1.5653682 1.3701075 1.6405538 1.0879684 0.6967367 0.0000000 1.2876411 1.2459521 1.1385281 2.0088639 1.8587993 2.5866216 2.3940260 2.3508768 2.2911100 2.4788614 2.3000857 2.4417215 2.1015922 1.7384929 1.7758801 2.2799479 
Xenosauridae      1.6710565 1.7677181 1.8691813 1.8554302 1.7756145 1.8878008 1.6572094 1.5992783 1.6992882 1.6400233 1.6006663 1.6176236 1.6708709 1.6396553 1.6670910 1.6931425 1.6644448 1.6838678 1.7634966 1.6678777 1.9036819 1.8601286 1.7904757 1.7499771 1.7468503 1.8274741 1.8282774 1.7504864 1.6391776 1.3814376 1.1843245 1.4042833 0.9797582 0.9604609 1.2876411 0.0000000 1.0225194 1.0170811 1.8049792 1.7044525 2.4428511 2.1829456 2.1033499 2.0880671 2.2521141 2.2310412 2.2772998 2.1696388 1.6996524 1.6903180 2.3074718 
Teiidae           1.5578168 1.6692272 1.7739470 1.7241340 1.6056297 1.7524107 1.5197266 1.4394417 1.4671622 1.4906300 1.4070969 1.4775526 1.4705366 1.4036464 1.5893510 1.4972255 1.5008618 1.5284366 1.7507294 1.7228409 1.7799553 1.8434256 1.7628152 1.7867926 1.7511443 1.7938251 1.7700978 1.7792738 1.5599710 1.3396225 1.1910422 1.3484379 1.0292986 0.8965779 1.2459521 1.0225194 0.0000000 0.9643934 1.7715947 1.7524981 2.4703417 2.2761768 2.0864422 1.9968351 2.1520166 2.1773600 2.3009692 2.0389826 1.6034474 1.6272825 2.1210995 
Eublepharidae     1.4831658 1.5905791 1.6340826 1.5530682 1.4319474 1.5018400 1.4351120 1.3948323 1.4306822 1.3794697 1.3540925 1.3604015 1.3980721 1.3690293 1.4200114 1.4396851 1.4239357 1.4183205 1.4936093 1.5182004 1.5676955 1.6142867 1.5589048 1.5573183 1.5552824 1.5337177 1.5851691 1.5463526 1.4265569 1.1817506 1.0280229 1.1922020 0.9514597 0.9015463 1.1385281 1.0170811 0.9643934 0.0000000 1.5512185 1.5467880 2.2079821 1.9211420 1.8988007 1.8141789 2.0648304 2.0122525 2.0585312 1.7251149 1.4474483 1.4588236 2.2737210 
Dicamptodontidae  1.5773221 1.7516189 1.8081630 1.7858543 1.5617153 1.7057667 1.5000772 1.4895755 1.4749441 1.5415288 1.4653636 1.5193709 1.5194241 1.4845433 1.5002948 1.5741244 1.5548697 1.5704129 1.8959731 1.8907559 2.0102467 2.0144920 1.9699989 1.8548514 1.9647641 1.9706624 1.9388197 1.8922255 1.7470729 1.5410868 1.2819966 1.5536191 1.7359277 1.7675868 2.0088639 1.8049792 1.7715947 1.5512185 0.0000000 1.0253410 1.6829644 1.4367585 1.2954852 1.3265647 1.5493183 1.5476000 1.5589387 1.6998616 1.3472309 1.3598706 1.9154893 
Alytidae          1.6724190 1.7892831 1.6970411 1.6419873 1.5773058 1.6532284 1.5321892 1.4753885 1.5030670 1.5505358 1.5386582 1.5473522 1.5299829 1.5187558 1.5910261 1.4577699 1.5063568 1.5227175 1.9204234 1.8867523 2.0634348 2.0518345 1.9855177 1.9772591 2.1842595 2.0749844 1.9222470 2.0242068 1.7774109 1.5709250 1.3321222 1.5943530 1.7632798 1.6508739 1.8587993 1.7044525 1.7524981 1.5467880 1.0253410 0.0000000 1.5537055 1.2238529 1.1765157 1.1101941 1.2802462 1.3063094 1.5677681 1.7247672 1.4224920 1.4370731 2.0480670 
Heleophrynidae    2.2839901 2.1914534 2.3036493 2.3082315 2.2436224 2.3317145 2.2215072 2.1038613 2.1812824 2.1799388 2.1147974 2.2121142 2.1608611 2.0776897 2.2280091 2.1657099 2.0645125 2.1258920 2.7036539 2.6106944 2.6565985 2.7719007 2.6313230 2.6994023 2.7043674 2.6899699 2.6825912 2.5476839 2.3775395 2.2763604 1.9456603 2.1402937 2.2571366 2.2875937 2.5866216 2.4428511 2.4703417 2.2079821 1.6829644 1.5537055 0.0000000 1.5048810 1.4009996 1.2694808 1.4420161 1.4715186 2.1344387 2.1908205 1.9720030 2.0015693 2.6950586 
Leptodactylidae   1.9734745 2.1351831 2.0752139 2.1022918 2.0640047 2.0157768 1.9537690 1.8816025 1.9457554 1.9765512 1.9382039 1.9310695 1.8687446 1.8598641 2.0163586 1.9025546 1.9500202 1.9304131 2.2188479 2.2149707 2.4963717 2.5169794 2.3210761 2.2911986 2.5264268 2.2845698 2.3249885 2.4742537 2.1430026 1.9319664 1.7266363 2.0643847 2.1342676 2.0201209 2.3940260 2.1829456 2.2761768 1.9211420 1.4367585 1.2238529 1.5048810 0.0000000 0.4889933 1.0485218 1.1901338 1.2545381 1.9318160 2.1842323 1.8168364 1.8685617 2.5307696 
Strabomantidae    1.9243754 2.0292435 1.9909313 1.9659340 1.9382930 1.9661457 1.8039975 1.8082687 1.8806081 1.8623440 1.8545820 1.8961418 1.8151717 1.8002648 1.9915714 1.8030717 1.8535761 1.7873351 2.1466825 2.1441157 2.3339379 2.3576601 2.1751790 2.1681851 2.3515990 2.2673691 2.2047883 2.2584391 1.9605195 1.8895447 1.6263961 1.8486023 2.0018119 1.9298790 2.3508768 2.1033499 2.0864422 1.8988007 1.2954852 1.1765157 1.4009996 0.4889933 0.0000000 0.9605583 1.1292662 1.1411316 1.8065889 1.8998439 1.7104170 1.7296108 2.2697285 
Micrixalidae      1.8021920 1.8945968 2.0422807 1.9878597 1.8130458 1.9859632 1.7465746 1.6450292 1.7358076 1.7982318 1.7463499 1.7752773 1.7620875 1.7474914 1.8754631 1.8425393 1.8221064 1.7885583 2.3365261 2.1682983 2.3112912 2.3251295 2.2213674 2.3383894 2.3537471 2.3022055 2.2565599 2.3241708 2.0437011 1.8600544 1.6407120 1.7576306 2.0685367 2.0089230 2.2911100 2.0880671 1.9968351 1.8141789 1.3265647 1.1101941 1.2694808 1.0485218 0.9605583 0.0000000 0.8191172 0.8568657 1.9284840 1.9364928 1.7099615 1.7282172 2.4272865 
Hemisotidae       2.0263147 2.2357523 2.2084482 2.1409581 2.0448485 2.1458171 2.0357112 1.9649379 2.0151513 1.9664600 1.9460228 1.9071634 1.9439661 1.9324998 2.0792433 1.9411989 1.9733458 1.9695359 2.3842204 2.2698971 2.5169927 2.4893930 2.3060196 2.4057476 2.4834877 2.4194785 2.2815380 2.3652274 2.0374883 1.9914507 1.8581185 1.9365327 2.2943889 2.1652455 2.4788614 2.2521141 2.1520166 2.0648304 1.5493183 1.2802462 1.4420161 1.1901338 1.1292662 0.8191172 0.0000000 0.9918620 1.9584955 2.2061644 1.9046753 1.9009747 2.4332803 
Asterophryidae    2.0397933 2.1547282 2.1837803 2.0680095 2.0548199 2.0950600 1.8965765 1.9127348 1.9846939 1.9613088 1.9601069 1.9641153 1.9480709 1.9366481 2.0531428 1.9126544 1.8755430 1.9596365 2.3561154 2.2596968 2.4044258 2.3307128 2.1944436 2.1999468 2.2983942 2.2985496 2.2661587 2.3284339 2.1266585 2.0425030 1.8263421 1.9315982 2.1632096 2.0651068 2.3000857 2.2310412 2.1773600 2.0122525 1.5476000 1.3063094 1.4715186 1.2545381 1.1411316 0.8568657 0.9918620 0.0000000 2.0110849 2.1414017 1.8477746 1.8672509 2.3761739 
Caeciliidae2      2.0922380 2.2177213 2.1833122 2.1977528 2.1706040 2.0610729 2.0157686 2.0155014 1.9852121 1.9270419 1.9562947 1.9634547 1.9023895 1.9347954 2.0088558 1.9593860 2.0209799 2.1057014 2.3989816 2.4816629 2.6872578 2.5017710 2.4726633 2.3963270 2.5927331 2.6385697 2.4934221 2.4163643 2.4555372 2.0187909 1.8019151 1.9746849 2.2113247 2.1596518 2.4417215 2.2772998 2.3009692 2.0585312 1.5589387 1.5677681 2.1344387 1.9318160 1.8065889 1.9284840 1.9584955 2.0110849 0.0000000 2.2764644 1.8797658 1.8974770 2.5431246 
Polypteriformes   1.7940723 1.9508807 2.0759940 1.9683062 1.8588593 1.8977111 1.8326080 1.7776033 1.8448752 1.8145731 1.7907276 1.7879231 1.7922049 1.7608834 1.8446894 1.8379290 1.8864051 1.8286154 2.2228200 2.1981135 2.3390089 2.3164581 2.2983249 2.2434155 2.3005009 2.3673464 2.3390735 2.2631329 2.0934921 1.7695628 1.5961478 1.7630220 2.0796121 1.9015910 2.1015922 2.1696388 2.0389826 1.7251149 1.6998616 1.7247672 2.1908205 2.1842323 1.8998439 1.9364928 2.2061644 2.1414017 2.2764644 0.0000000 1.1101096 1.1354451 1.8725552 
Channichthyidae   1.5517135 1.6379495 1.7039801 1.6338069 1.5868166 1.6729016 1.4718917 1.4819328 1.5364121 1.5044876 1.4785496 1.4476432 1.4494556 1.4281619 1.5125709 1.5194433 1.5218476 1.4997651 1.8065633 1.7649495 1.8954457 1.8943770 1.8471241 1.8811285 1.8181936 1.8644607 1.8588077 1.8196697 1.6426748 1.4674195 1.2214195 1.4659096 1.7129121 1.5404221 1.7384929 1.6996524 1.6034474 1.4474483 1.3472309 1.4224920 1.9720030 1.8168364 1.7104170 1.7099615 1.9046753 1.8477746 1.8797658 1.1101096 0.0000000 0.0325261 1.5717181 
Pseudaphritidae   1.5636674 1.6209095 1.6892071 1.6299414 1.5817063 1.6712290 1.4633129 1.4726182 1.5312160 1.5017916 1.4728136 1.4403010 1.4463245 1.4262147 1.5260594 1.5312823 1.5173116 1.5239946 1.8118883 1.7647624 1.8947661 1.9173177 1.8670264 1.8864473 1.8516356 1.8634146 1.8641348 1.8594300 1.6454122 1.4611883 1.2494167 1.4864699 1.7357327 1.5386494 1.7758801 1.6903180 1.6272825 1.4588236 1.3598706 1.4370731 2.0015693 1.8685617 1.7296108 1.7282172 1.9009747 1.8672509 1.8974770 1.1354451 0.0325261 0.0000000 1.5699485 
Carcharhinidae    2.0973728 2.2268397 2.3701411 2.2643850 2.2998791 2.3150617 2.0986929 2.0465660 2.0454697 2.1037241 2.0918418 2.0926436 2.0183671 2.0154017 2.1680316 1.9044172 2.0654693 2.0519420 2.4643577 2.4733409 2.7073000 2.6188644 2.4233719 2.6053225 2.5189843 2.6155259 2.4596021 2.5115001 2.3143075 2.0863940 1.8172369 1.8726756 2.3429957 2.1484242 2.2799479 2.3074718 2.1210995 2.2737210 1.9154893 2.0480670 2.6950586 2.5307696 2.2697285 2.4272865 2.4332803 2.3761739 2.5431246 1.8725552 1.5717181 1.5699485 0.0000000 
