51
Pitheciidae       0.0000000 0.3724097 0.4759994 0.5151408 0.4267067 0.5174595 0.5288353 0.5154230 0.5376698 0.3950176 0.4256258 0.4329780 0.4375506 0.4470399 0.3953980 0.7463563 0.7123294 0.7213020 1.7445712 2.0335988 2.0365376 1.7985277 1.7891086 1.9381437 1.7727008 1.7505406 1.7977463 1.7749217 1.8312156 1.2876314 1.5107894 1.6349381 1.3853956 1.3281107 1.2041320 1.2791538 1.4450115 1.1326428 2.0757148 1.8238917 2.0265746 2.0593277 2.1629672 2.2484547 2.0551922 2.2531656 2.6625383 3.4087369 2.8689809 2.8582282 4.2511634 
Scandentia        0.3724097 0.0000000 0.4557816 0.4850814 0.4483754 0.4824182 0.5156342 0.4858923 0.4733066 0.3674284 0.4255497 0.4094770 0.4034027 0.4142559 0.3934500 0.7353341 0.6996423 0.7092284 1.5700200 1.9289647 1.9320009 1.6772291 1.7388459 1.7873020 1.7204306 1.6027983 1.6535968 1.6726113 1.7065086 1.2161206 1.4424239 1.4832276 1.2759436 1.2835085 1.1865857 1.2523518 1.3063827 1.0772136 2.0093286 1.7278569 1.8635871 2.1046115 1.9893165 2.0763711 1.9352584 2.0070151 2.2531902 3.4852079 2.7993190 2.8227142 4.0470944 
Erethizontidae    0.4759994 0.4557816 0.0000000 0.2735956 0.4303932 0.4952839 0.5278196 0.5230549 0.5381097 0.4382427 0.4685875 0.4751239 0.4661094 0.4629931 0.4630913 0.7619905 0.7383585 0.7554792 1.6166909 1.9378807 1.9546095 1.7231058 1.7757036 1.8585160 1.6710277 1.7268402 1.7688891 1.7496440 1.7255680 1.2890328 1.4541077 1.5764303 1.2646106 1.2643656 1.2572166 1.3043653 1.3578960 1.0967223 2.1012720 1.8183093 1.9830862 2.1007257 2.0339594 2.1626974 2.0389089 2.0728740 2.4274149 3.5660094 2.7357116 2.7310007 3.6206577 
Capromyidae       0.5151408 0.4850814 0.2735956 0.0000000 0.4809119 0.5067774 0.5889210 0.5675765 0.5825993 0.5045870 0.5177361 0.4810798 0.5046551 0.4952486 0.4812346 0.8010723 0.7503337 0.7887735 1.7767707 2.0502750 2.0095893 1.7504681 1.8160760 1.8849646 1.7163351 1.7127821 1.7465784 1.7753541 1.9157815 1.3136053 1.4736753 1.6579730 1.3751245 1.3967532 1.3545919 1.3514210 1.4249277 1.1784653 2.2290668 1.8568726 2.1468421 2.1980155 2.1050069 2.2739101 2.1140832 2.1711760 2.3804296 3.4039662 2.9061782 2.8869151 3.9047102 
Muridae           0.4267067 0.4483754 0.4303932 0.4809119 0.0000000 0.4409745 0.5307454 0.4955484 0.5219485 0.4243225 0.4417413 0.4411861 0.4764224 0.4300544 0.4137804 0.7901893 0.7546403 0.7761431 1.7425886 1.9725837 2.0303535 1.8275059 1.9020228 1.9874494 1.8763018 1.8158452 1.8951133 1.8971079 1.8019535 1.3310870 1.5721912 1.7158268 1.3474343 1.3574184 1.3296390 1.3251342 1.3964843 1.0929409 2.1650031 1.9196129 2.1705852 2.1855973 2.1729499 2.4564027 2.1636834 2.2189375 2.4957188 3.2263516 2.7451573 2.8211918 3.8270838 
Castoridae        0.5174595 0.4824182 0.4952839 0.5067774 0.4409745 0.0000000 0.5744349 0.5353513 0.5752393 0.4675612 0.5051560 0.4922470 0.5094380 0.4775744 0.4715895 0.7987902 0.7926530 0.7930004 1.6687890 2.0136288 2.0631576 1.7887418 1.8178628 1.9737383 1.8151597 1.7489210 1.8495412 1.8553131 1.8550152 1.3360446 1.6370188 1.6486468 1.3382234 1.4647508 1.3362361 1.3578149 1.4518694 1.1469365 2.2358897 1.7859366 2.2169622 2.2384874 2.1466793 2.1870565 2.1806169 2.2728742 2.4625066 3.7918506 2.9243436 3.0161151 4.0006974 
Suidae            0.5288353 0.5156342 0.5278196 0.5889210 0.5307454 0.5744349 0.0000000 0.3749336 0.4364432 0.4215353 0.4468490 0.4292362 0.4410914 0.4313165 0.5060936 0.8242394 0.8533809 0.8322197 1.6558997 2.1118072 2.0782912 1.8218838 1.8795526 1.9749241 1.8032903 1.7741779 1.8592790 1.8137816 1.8034598 1.3855009 1.5200788 1.6511061 1.4797721 1.4462869 1.3712466 1.4190096 1.4469366 1.2212359 2.2964051 1.7525089 2.1635605 2.3965590 2.2640276 2.2591864 2.0610740 2.2381622 2.3727407 3.2686385 2.8468846 2.8182006 4.0082377 
Hippopotamidae    0.5154230 0.4858923 0.5230549 0.5675765 0.4955484 0.5353513 0.3749336 0.0000000 0.2900363 0.3982959 0.4149295 0.4088880 0.4101977 0.4025462 0.4683710 0.7925258 0.7716562 0.7616861 1.6355827 1.9503881 2.0555516 1.7785141 1.8141213 1.9028774 1.7464926 1.7219910 1.7869396 1.7503650 1.7571809 1.3089517 1.3866172 1.5312324 1.3970475 1.3193970 1.2440766 1.3075461 1.4124730 1.1561803 2.2480617 1.7781820 2.1489402 2.2634036 2.2167956 2.1703369 2.0199839 2.1489528 2.3923218 3.2537001 2.7016368 2.6667848 3.3487027 
Hyperoodontidae   0.5376698 0.4733066 0.5381097 0.5825993 0.5219485 0.5752393 0.4364432 0.2900363 0.0000000 0.3988566 0.4207547 0.4028804 0.4294958 0.4310940 0.5035106 0.8445005 0.8206172 0.8067585 1.6525580 2.0522860 1.9583539 1.7778117 1.7964159 1.9018262 1.6922139 1.7831030 1.7922764 1.8273917 1.7296705 1.3177570 1.4467764 1.5778283 1.3505355 1.3366937 1.2559873 1.3609803 1.4429777 1.1722415 2.1645549 1.7997242 1.9019973 2.2553701 2.1351608 2.1183715 1.9995664 2.0184750 2.5910415 3.4516096 2.7362027 2.6205752 3.6276429 
Vespertilionidae  0.3950176 0.3674284 0.4382427 0.5045870 0.4243225 0.4675612 0.4215353 0.3982959 0.3988566 0.0000000 0.2174635 0.2283597 0.3364454 0.3058269 0.3875437 0.7584515 0.7361412 0.7268177 1.5643648 1.9281585 1.8772030 1.6799599 1.7131819 1.7640849 1.5949804 1.6095831 1.6283484 1.6607740 1.6433859 1.2130969 1.3875171 1.4492885 1.2978651 1.2223804 1.1778341 1.2939543 1.3355699 1.0408223 1.8878788 1.6531307 1.8909498 2.0799483 1.9728390 2.1848099 1.9115742 2.1053968 2.4632725 3.3223462 2.7460685 2.7590642 3.8572311 
Furipteridae      0.4256258 0.4255497 0.4685875 0.5177361 0.4417413 0.5051560 0.4468490 0.4149295 0.4207547 0.2174635 0.0000000 0.2517648 0.3521554 0.3279028 0.4216414 0.8048517 0.7646148 0.7570091 1.5960032 1.9165378 1.8812654 1.6445257 1.6903689 1.7637044 1.6092093 1.6407048 1.6842129 1.7073165 1.6454271 1.2549508 1.4213667 1.4858521 1.2283480 1.2730398 1.1504002 1.2344836 1.3633469 1.0430169 1.9727765 1.6729476 1.8753569 2.2232124 2.0587429 2.1445703 1.9331313 2.1567863 2.4434454 3.2374539 2.7346514 2.7740900 3.9677106 
Rhinolophidae     0.4329780 0.4094770 0.4751239 0.4810798 0.4411861 0.4922470 0.4292362 0.4088880 0.4028804 0.2283597 0.2517648 0.0000000 0.3398925 0.3137074 0.4054330 0.7622866 0.7263225 0.7116220 1.5682599 1.9149701 1.8493657 1.6881642 1.6505541 1.7821481 1.6437733 1.5948992 1.6452949 1.6687524 1.6676230 1.1639238 1.4179643 1.4488931 1.2923443 1.2492443 1.1615684 1.2393413 1.3178976 1.0057438 1.9588278 1.6794521 1.9579428 2.1269971 2.0185700 2.1976261 1.9965515 2.0791026 2.4546275 3.4181469 2.7669945 2.7692674 4.0248866 
Viverridae        0.4375506 0.4034027 0.4661094 0.5046551 0.4764224 0.5094380 0.4410914 0.4101977 0.4294958 0.3364454 0.3521554 0.3398925 0.0000000 0.2304250 0.4213349 0.7519326 0.7356052 0.7409471 1.5309308 1.8354189 1.8277964 1.6172236 1.6235299 1.7863469 1.5781193 1.6122325 1.6397857 1.6370296 1.6348901 1.1281250 1.2967135 1.3402591 1.2931172 1.2737763 1.1950430 1.2326959 1.2943950 1.0074584 1.9476651 1.6657628 1.9343314 2.1357887 2.0090839 2.0072414 1.9240973 1.9202158 2.2722880 3.2517544 2.7550905 2.7652442 3.5432546 
Procyonidae       0.4470399 0.4142559 0.4629931 0.4952486 0.4300544 0.4775744 0.4313165 0.4025462 0.4310940 0.3058269 0.3279028 0.3137074 0.2304250 0.0000000 0.3935931 0.7121845 0.7130710 0.7068000 1.6156872 1.8706418 1.8504103 1.6700602 1.6800758 1.8223008 1.6431752 1.6405667 1.6695911 1.7017634 1.7112145 1.1701875 1.3885082 1.4457130 1.3055026 1.2862613 1.1759593 1.2693801 1.3169649 1.0262444 1.9035262 1.6864665 1.8843923 2.0808067 1.9876530 1.9993872 1.8609778 2.0110442 2.3276138 3.0652692 2.6660394 2.6544236 3.5263627 
Myrmecophagidae   0.3953980 0.3934500 0.4630913 0.4812346 0.4137804 0.4715895 0.5060936 0.4683710 0.5035106 0.3875437 0.4216414 0.4054330 0.4213349 0.3935931 0.0000000 0.6877478 0.6680109 0.6481390 1.4976552 1.7583873 1.7698337 1.5956160 1.6391516 1.6553275 1.6180907 1.5569026 1.6177437 1.5637800 1.6132053 1.2083077 1.4346318 1.5221197 1.2024698 1.1980777 1.0853767 1.1520550 1.2745130 1.0172563 1.9324727 1.7138724 1.9387435 2.0292474 2.0245678 2.0401905 1.9477032 2.0207882 2.4094754 3.3340047 2.6081700 2.6315684 3.8357632 
Caluromyidae      0.7463563 0.7353341 0.7619905 0.8010723 0.7901893 0.7987902 0.8242394 0.7925258 0.8445005 0.7584515 0.8048517 0.7622866 0.7519326 0.7121845 0.6877478 0.0000000 0.3223035 0.3005204 1.6612795 1.7894821 1.9399258 1.6525903 1.7361656 1.8825869 1.7197038 1.7342267 1.7739390 1.7144274 1.6504683 1.3120271 1.3875653 1.3943873 1.2687875 1.2419380 1.1822163 1.2170942 1.2827585 1.1045308 2.0470010 1.8463310 2.0113759 2.2034941 2.0402201 2.2183090 1.8790800 2.0972575 2.3761447 3.3554443 2.7479146 2.9174949 3.5691564 
Thylacomyidae     0.7123294 0.6996423 0.7383585 0.7503337 0.7546403 0.7926530 0.8533809 0.7716562 0.8206172 0.7361412 0.7646148 0.7263225 0.7356052 0.7130710 0.6680109 0.3223035 0.0000000 0.1980757 1.6318264 1.7655087 1.9498660 1.7345094 1.7411818 1.9043493 1.7076060 1.7264020 1.7828889 1.7071674 1.6523299 1.2299444 1.2874952 1.4491756 1.2539134 1.2042179 1.1522953 1.2217149 1.3320338 1.1046655 2.0426877 1.8433569 1.9873377 2.2687962 2.0170725 2.1159913 1.8221657 2.0065760 2.4118194 3.3735451 2.7575540 2.8977296 3.5520718 
Phalangeridae     0.7213020 0.7092284 0.7554792 0.7887735 0.7761431 0.7930004 0.8322197 0.7616861 0.8067585 0.7268177 0.7570091 0.7116220 0.7409471 0.7068000 0.6481390 0.3005204 0.1980757 0.0000000 1.5349711 1.7620149 1.8979690 1.6543600 1.6810642 1.9104477 1.6496155 1.6635751 1.7017590 1.6540903 1.6013510 1.2793312 1.3095574 1.4186069 1.2138894 1.1552943 1.0925766 1.1972031 1.2659705 1.0460706 1.9850021 1.7829871 1.9371918 2.3249804 2.0094613 2.2715194 1.9169381 2.0709663 2.4751556 3.3713019 2.6918843 2.8205788 3.4864990 
Tityridae         1.7445712 1.5700200 1.6166909 1.7767707 1.7425886 1.6687890 1.6558997 1.6355827 1.6525580 1.5643648 1.5960032 1.5682599 1.5309308 1.6156872 1.4976552 1.6612795 1.6318264 1.5349711 0.0000000 0.6567468 0.6705650 0.6409663 0.6128930 0.6211717 0.6070801 0.5700407 0.5585870 0.6037284 0.5775958 1.1351453 1.2725150 1.4356338 1.4592307 1.3051836 1.2328278 1.2542808 1.5261038 1.1123960 2.2730318 1.9385732 2.0503662 2.2326271 2.0963031 2.3487315 2.3131534 2.4596398 2.5331997 4.0603073 2.8778617 2.9817672 4.1807445 
Ptilonorhynchidae 2.0335988 1.9289647 1.9378807 2.0502750 1.9725837 2.0136288 2.1118072 1.9503881 2.0522860 1.9281585 1.9165378 1.9149701 1.8354189 1.8706418 1.7583873 1.7894821 1.7655087 1.7620149 0.6567468 0.0000000 0.7354576 0.6538177 0.6282160 0.6519873 0.6781592 0.5934388 0.5807558 0.6506908 0.8106916 1.3309684 1.5527052 1.5872950 1.7154096 1.6818786 1.5296137 1.4937888 1.7077669 1.3842931 2.6127176 2.2045916 2.2492930 2.4330942 2.2727057 2.6689435 2.3932617 2.6473746 2.5938658 3.7069106 3.1427166 3.1873081 3.7612488 
Callaeatidae      2.0365376 1.9320009 1.9546095 2.0095893 2.0303535 2.0631576 2.0782912 2.0555516 1.9583539 1.8772030 1.8812654 1.8493657 1.8277964 1.8504103 1.7698337 1.9399258 1.9498660 1.8979690 0.6705650 0.7354576 0.0000000 0.5026384 0.4771655 0.4974160 0.5673182 0.5019781 0.5044917 0.5303383 0.8136693 1.4065981 1.5739395 1.8040774 1.7846130 1.6605722 1.4796406 1.6697495 1.8966569 1.4562894 2.5702113 2.1493378 2.5278466 2.4573672 2.3646648 2.8427608 2.4952685 2.5945122 2.7197366 3.8191026 3.3110245 3.3333119 3.4870392 
Monarchidae       1.7985277 1.6772291 1.7231058 1.7504681 1.8275059 1.7887418 1.8218838 1.7785141 1.7778117 1.6799599 1.6445257 1.6881642 1.6172236 1.6700602 1.5956160 1.6525903 1.7345094 1.6543600 0.6409663 0.6538177 0.5026384 0.0000000 0.3060781 0.4463333 0.4906564 0.4363809 0.4326891 0.4616779 0.7723256 1.2765664 1.3679233 1.4882423 1.6578417 1.5728088 1.4344524 1.5189388 1.5487764 1.2877950 2.4172697 2.1652452 2.3292153 2.2406491 2.1872420 2.4557368 2.2701614 2.4078800 2.5446154 3.3619381 3.0146315 3.0029577 3.3873689 
Malaconotidae     1.7891086 1.7388459 1.7757036 1.8160760 1.9020228 1.8178628 1.8795526 1.8141213 1.7964159 1.7131819 1.6903689 1.6505541 1.6235299 1.6800758 1.6391516 1.7361656 1.7411818 1.6810642 0.6128930 0.6282160 0.4771655 0.3060781 0.0000000 0.4261382 0.4615071 0.4082205 0.4106181 0.4366374 0.7683099 1.2298042 1.3499528 1.4893448 1.6265112 1.5733172 1.3637489 1.5200273 1.5811059 1.2827845 2.4119588 2.0823995 2.1914849 2.2442573 2.2426922 2.5329846 2.2891669 2.4141728 2.4792471 3.6865755 2.8922395 2.9030863 3.5224088 
Certhiidae        1.9381437 1.7873020 1.8585160 1.8849646 1.9874494 1.9737383 1.9749241 1.9028774 1.9018262 1.7640849 1.7637044 1.7821481 1.7863469 1.8223008 1.6553275 1.8825869 1.9043493 1.9104477 0.6211717 0.6519873 0.4974160 0.4463333 0.4261382 0.0000000 0.3567212 0.3603293 0.3518047 0.4075214 0.7574492 1.3813745 1.4461464 1.5073832 1.6934074 1.6547346 1.4106202 1.5008471 1.7831601 1.3843261 2.3698189 2.2298138 2.2953549 2.3119921 2.2125123 2.5479030 2.3715175 2.5294262 2.6255620 3.3127831 2.9527998 2.9794949 3.6277826 
Cinclidae         1.7727008 1.7204306 1.6710277 1.7163351 1.8763018 1.8151597 1.8032903 1.7464926 1.6922139 1.5949804 1.6092093 1.6437733 1.5781193 1.6431752 1.6180907 1.7197038 1.7076060 1.6496155 0.6070801 0.6781592 0.5673182 0.4906564 0.4615071 0.3567212 0.0000000 0.3517843 0.3498510 0.3962493 0.7571805 1.2885041 1.4062582 1.5201826 1.6454837 1.5506992 1.3760079 1.3964405 1.5983096 1.3121108 2.3219623 2.1091932 2.2508081 2.4410275 2.2914227 2.4740018 2.2862921 2.3693885 2.4971221 3.5174073 3.0939424 3.0817827 3.6677126 
Ploceidae         1.7505406 1.6027983 1.7268402 1.7127821 1.8158452 1.7489210 1.7741779 1.7219910 1.7831030 1.6095831 1.6407048 1.5948992 1.6122325 1.6405667 1.5569026 1.7342267 1.7264020 1.6635751 0.5700407 0.5934388 0.5019781 0.4363809 0.4082205 0.3603293 0.3517843 0.0000000 0.1965234 0.3481059 0.7364354 1.2939084 1.4119743 1.4341861 1.6621238 1.5770599 1.3992886 1.5334913 1.6992933 1.3545030 2.3784411 2.1263452 2.1669551 2.2258923 2.2057120 2.5601488 2.3661443 2.4627079 2.5546109 3.5570728 3.0146555 3.1279012 3.7198649 
Thraupidae        1.7977463 1.6535968 1.7688891 1.7465784 1.8951133 1.8495412 1.8592790 1.7869396 1.7922764 1.6283484 1.6842129 1.6452949 1.6397857 1.6695911 1.6177437 1.7739390 1.7828889 1.7017590 0.5585870 0.5807558 0.5044917 0.4326891 0.4106181 0.3518047 0.3498510 0.1965234 0.0000000 0.3430973 0.7097239 1.2873195 1.3891658 1.4353542 1.6601493 1.5407224 1.4045586 1.5019441 1.6774490 1.2851308 2.4094310 2.0449903 2.2156298 2.1781766 2.0940528 2.4848703 2.3072270 2.5060271 2.6156684 3.3246948 3.1165850 3.1856298 3.7543381 
Alaudidae         1.7749217 1.6726113 1.7496440 1.7753541 1.8971079 1.8553131 1.8137816 1.7503650 1.8273917 1.6607740 1.7073165 1.6687524 1.6370296 1.7017634 1.5637800 1.7144274 1.7071674 1.6540903 0.6037284 0.6506908 0.5303383 0.4616779 0.4366374 0.4075214 0.3962493 0.3481059 0.3430973 0.0000000 0.7075092 1.2372225 1.3878803 1.5467805 1.6322385 1.5582998 1.4163024 1.4684325 1.6318009 1.3556932 2.5107136 2.1140319 2.2039976 2.2528656 2.2197254 2.7091257 2.3761565 2.4941621 2.8360492 3.5320838 2.9553935 3.0067594 3.6010635 
Coraciiformes     1.8312156 1.7065086 1.7255680 1.9157815 1.8019535 1.8550152 1.8034598 1.7571809 1.7296705 1.6433859 1.6454271 1.6676230 1.6348901 1.7112145 1.6132053 1.6504683 1.6523299 1.6013510 0.5775958 0.8106916 0.8136693 0.7723256 0.7683099 0.7574492 0.7571805 0.7364354 0.7097239 0.7075092 0.0000000 1.1720484 1.3340928 1.3614907 1.5128862 1.3672648 1.3111088 1.3442765 1.5487590 1.2583262 2.4437821 2.2070283 2.1701169 2.2359239 2.1925903 2.5285038 2.3345558 2.5851110 2.5260692 3.5240313 3.0676463 3.0929858 3.8644061 
Crocodylidae      1.2876314 1.2161206 1.2890328 1.3136053 1.3310870 1.3360446 1.3855009 1.3089517 1.3177570 1.2130969 1.2549508 1.1639238 1.1281250 1.1701875 1.2083077 1.3120271 1.2299444 1.2793312 1.1351453 1.3309684 1.4065981 1.2765664 1.2298042 1.3813745 1.2885041 1.2939084 1.2873195 1.2372225 1.1720484 0.0000000 0.9824754 1.0188980 1.0090815 1.0681732 0.9424068 1.0003956 1.0382528 0.7899941 2.0568446 1.6847080 1.9837040 2.0051747 1.8862223 2.0372487 1.8555337 1.8911250 2.1311235 3.2112288 2.5836871 2.7434274 3.8488974 
Carettochelyidae  1.5107894 1.4424239 1.4541077 1.4736753 1.5721912 1.6370188 1.5200788 1.3866172 1.4467764 1.3875171 1.4213667 1.4179643 1.2967135 1.3885082 1.4346318 1.3875653 1.2874952 1.3095574 1.2725150 1.5527052 1.5739395 1.3679233 1.3499528 1.4461464 1.4062582 1.4119743 1.3891658 1.3878803 1.3340928 0.9824754 0.0000000 0.8506695 1.2270899 1.1526560 1.0279481 1.1565056 1.3065343 1.0539535 2.0204863 1.7711963 1.9805157 2.0565218 1.8793166 2.0131174 1.9100733 1.9445511 2.3006385 3.2603341 3.0801399 3.2776878 3.5800253 
Kinosternidae     1.6349381 1.4832276 1.5764303 1.6579730 1.7158268 1.6486468 1.6511061 1.5312324 1.5778283 1.4492885 1.4858521 1.4488931 1.3402591 1.4457130 1.5221197 1.3943873 1.4491756 1.4186069 1.4356338 1.5872950 1.8040774 1.4882423 1.4893448 1.5073832 1.5201826 1.4341861 1.4353542 1.5467805 1.3614907 1.0188980 0.8506695 0.0000000 1.2317802 1.2171199 1.1099352 1.1570854 1.3752740 1.0402181 2.2226640 1.9266746 2.1125104 2.1998017 2.0862196 2.1734431 2.0722951 2.1647040 2.4182141 3.7208845 3.0193351 3.0825597 3.5822107 
Anomalepididae    1.3853956 1.2759436 1.2646106 1.3751245 1.3474343 1.3382234 1.4797721 1.3970475 1.3505355 1.2978651 1.2283480 1.2923443 1.2931172 1.3055026 1.2024698 1.2687875 1.2539134 1.2138894 1.4592307 1.7154096 1.7846130 1.6578417 1.6265112 1.6934074 1.6454837 1.6621238 1.6601493 1.6322385 1.5128862 1.0090815 1.2270899 1.2317802 0.0000000 0.6819053 0.5960329 0.6880078 0.8613924 0.6598622 2.0954774 1.7587140 2.0300431 2.0056349 1.8550404 2.0952840 1.8954285 2.0218947 2.0285821 3.1188165 2.7909511 2.8942589 3.8135582 
Loxocemidae       1.3281107 1.2835085 1.2643656 1.3967532 1.3574184 1.4647508 1.4462869 1.3193970 1.3366937 1.2223804 1.2730398 1.2492443 1.2737763 1.2862613 1.1980777 1.2419380 1.2042179 1.1552943 1.3051836 1.6818786 1.6605722 1.5728088 1.5733172 1.6547346 1.5506992 1.5770599 1.5407224 1.5582998 1.3672648 1.0681732 1.1526560 1.2171199 0.6819053 0.0000000 0.3693115 0.7476487 0.8904405 0.6811771 2.0005354 1.7302909 1.8784795 2.0272393 1.7906442 2.2133805 2.0498221 2.1230119 2.3024471 3.0159427 2.7898553 2.8075009 4.2806610 
Natricidae        1.2041320 1.1865857 1.2572166 1.3545919 1.3296390 1.3362361 1.3712466 1.2440766 1.2559873 1.1778341 1.1504002 1.1615684 1.1950430 1.1759593 1.0853767 1.1822163 1.1522953 1.0925766 1.2328278 1.5296137 1.4796406 1.4344524 1.3637489 1.4106202 1.3760079 1.3992886 1.4045586 1.4163024 1.3111088 0.9424068 1.0279481 1.1099352 0.5960329 0.3693115 0.0000000 0.6535413 0.7102542 0.5467898 1.8766362 1.6393571 1.7578842 1.8920027 1.7962143 1.9273890 1.7867219 1.9989071 2.1879591 3.0320807 2.4318725 2.4931488 4.3221021 
Xenosauridae      1.2791538 1.2523518 1.3043653 1.3514210 1.3251342 1.3578149 1.4190096 1.3075461 1.3609803 1.2939543 1.2344836 1.2393413 1.2326959 1.2693801 1.1520550 1.2170942 1.2217149 1.1972031 1.2542808 1.4937888 1.6697495 1.5189388 1.5200273 1.5008471 1.3964405 1.5334913 1.5019441 1.4684325 1.3442765 1.0003956 1.1565056 1.1570854 0.6880078 0.7476487 0.6535413 0.0000000 0.7805251 0.6348028 1.9707349 1.7489253 1.8861212 1.9180277 1.7144266 2.0427075 1.7588720 1.9260029 2.0505817 2.8146965 2.8673157 2.8515021 3.5518580 
Teiidae           1.4450115 1.3063827 1.3578960 1.4249277 1.3964843 1.4518694 1.4469366 1.4124730 1.4429777 1.3355699 1.3633469 1.3178976 1.2943950 1.3169649 1.2745130 1.2827585 1.3320338 1.2659705 1.5261038 1.7077669 1.8966569 1.5487764 1.5811059 1.7831601 1.5983096 1.6992933 1.6774490 1.6318009 1.5487590 1.0382528 1.3065343 1.3752740 0.8613924 0.8904405 0.7102542 0.7805251 0.0000000 0.7100519 2.0707638 1.8857427 1.9691408 1.9417852 1.8182891 2.1796408 1.9364289 2.1071976 2.4001914 3.1316790 2.7092543 2.7978000 3.5604451 
Eublepharidae     1.1326428 1.0772136 1.0967223 1.1784653 1.0929409 1.1469365 1.2212359 1.1561803 1.1722415 1.0408223 1.0430169 1.0057438 1.0074584 1.0262444 1.0172563 1.1045308 1.1046655 1.0460706 1.1123960 1.3842931 1.4562894 1.2877950 1.2827845 1.3843261 1.3121108 1.3545030 1.2851308 1.3556932 1.2583262 0.7899941 1.0539535 1.0402181 0.6598622 0.6811771 0.5467898 0.6348028 0.7100519 0.0000000 1.7511797 1.5470792 1.7080311 1.7303562 1.6555047 1.8868535 1.7200483 1.7818446 2.0008786 2.7805362 2.5560042 2.6922111 3.5764539 
Dicamptodontidae  2.0757148 2.0093286 2.1012720 2.2290668 2.1650031 2.2358897 2.2964051 2.2480617 2.1645549 1.8878788 1.9727765 1.9588278 1.9476651 1.9035262 1.9324727 2.0470010 2.0426877 1.9850021 2.2730318 2.6127176 2.5702113 2.4172697 2.4119588 2.3698189 2.3219623 2.3784411 2.4094310 2.5107136 2.4437821 2.0568446 2.0204863 2.2226640 2.0954774 2.0005354 1.8766362 1.9707349 2.0707638 1.7511797 0.0000000 1.8382641 1.9150171 2.2675563 2.0834986 2.1723917 1.9402370 2.1875134 2.5052522 3.5400433 3.2915224 3.4299136 4.7083802 
Alytidae          1.8238917 1.7278569 1.8183093 1.8568726 1.9196129 1.7859366 1.7525089 1.7781820 1.7997242 1.6531307 1.6729476 1.6794521 1.6657628 1.6864665 1.7138724 1.8463310 1.8433569 1.7829871 1.9385732 2.2045916 2.1493378 2.1652452 2.0823995 2.2298138 2.1091932 2.1263452 2.0449903 2.1140319 2.2070283 1.6847080 1.7711963 1.9266746 1.7587140 1.7302909 1.6393571 1.7489253 1.8857427 1.5470792 1.8382641 0.0000000 1.4978580 1.6704414 1.5333139 1.7660866 1.5284352 1.6291459 2.1865354 3.6661526 2.9474853 2.9554380 3.9737241 
Heleophrynidae    2.0265746 1.8635871 1.9830862 2.1468421 2.1705852 2.2169622 2.1635605 2.1489402 1.9019973 1.8909498 1.8753569 1.9579428 1.9343314 1.8843923 1.9387435 2.0113759 1.9873377 1.9371918 2.0503662 2.2492930 2.5278466 2.3292153 2.1914849 2.2953549 2.2508081 2.1669551 2.2156298 2.2039976 2.1701169 1.9837040 1.9805157 2.1125104 2.0300431 1.8784795 1.7578842 1.8861212 1.9691408 1.7080311 1.9150171 1.4978580 0.0000000 1.0943981 1.1249436 1.2605984 1.1750252 1.2251482 2.4461056 3.6305494 3.2730438 3.3701871 3.9447298 
Leptodactylidae   2.0593277 2.1046115 2.1007257 2.1980155 2.1855973 2.2384874 2.3965590 2.2634036 2.2553701 2.0799483 2.2232124 2.1269971 2.1357887 2.0808067 2.0292474 2.2034941 2.2687962 2.3249804 2.2326271 2.4330942 2.4573672 2.2406491 2.2442573 2.3119921 2.4410275 2.2258923 2.1781766 2.2528656 2.2359239 2.0051747 2.0565218 2.1998017 2.0056349 2.0272393 1.8920027 1.9180277 1.9417852 1.7303562 2.2675563 1.6704414 1.0943981 0.0000000 0.5867605 1.4815061 1.3176622 1.3342318 2.4791154 3.8761914 3.3738926 3.2485393 4.8232486 
Strabomantidae    2.1629672 1.9893165 2.0339594 2.1050069 2.1729499 2.1466793 2.2640276 2.2167956 2.1351608 1.9728390 2.0587429 2.0185700 2.0090839 1.9876530 2.0245678 2.0402201 2.0170725 2.0094613 2.0963031 2.2727057 2.3646648 2.1872420 2.2426922 2.2125123 2.2914227 2.2057120 2.0940528 2.2197254 2.1925903 1.8862223 1.8793166 2.0862196 1.8550404 1.7906442 1.7962143 1.7144266 1.8182891 1.6555047 2.0834986 1.5333139 1.1249436 0.5867605 0.0000000 1.4213423 1.2507181 1.2550779 2.4902884 3.3143157 3.4367687 3.4502687 3.7268178 
Micrixalidae      2.2484547 2.0763711 2.1626974 2.2739101 2.4564027 2.1870565 2.2591864 2.1703369 2.1183715 2.1848099 2.1445703 2.1976261 2.0072414 1.9993872 2.0401905 2.2183090 2.1159913 2.2715194 2.3487315 2.6689435 2.8427608 2.4557368 2.5329846 2.5479030 2.4740018 2.5601488 2.4848703 2.7091257 2.5285038 2.0372487 2.0131174 2.1734431 2.0952840 2.2133805 1.9273890 2.0427075 2.1796408 1.8868535 2.1723917 1.7660866 1.2605984 1.4815061 1.4213423 0.0000000 1.0095309 1.1174787 2.8354881 4.2827314 4.5546771 4.0659340 4.8700421 
Hemisotidae       2.0551922 1.9352584 2.0389089 2.1140832 2.1636834 2.1806169 2.0610740 2.0199839 1.9995664 1.9115742 1.9331313 1.9965515 1.9240973 1.8609778 1.9477032 1.8790800 1.8221657 1.9169381 2.3131534 2.3932617 2.4952685 2.2701614 2.2891669 2.3715175 2.2862921 2.3661443 2.3072270 2.3761565 2.3345558 1.8555337 1.9100733 2.0722951 1.8954285 2.0498221 1.7867219 1.7588720 1.9364289 1.7200483 1.9402370 1.5284352 1.1750252 1.3176622 1.2507181 1.0095309 0.0000000 1.0503383 2.3844304 3.8020323 3.9064037 3.7726549 3.8856928 
Asterophryidae    2.2531656 2.0070151 2.0728740 2.1711760 2.2189375 2.2728742 2.2381622 2.1489528 2.0184750 2.1053968 2.1567863 2.0791026 1.9202158 2.0110442 2.0207882 2.0972575 2.0065760 2.0709663 2.4596398 2.6473746 2.5945122 2.4078800 2.4141728 2.5294262 2.3693885 2.4627079 2.5060271 2.4941621 2.5851110 1.8911250 1.9445511 2.1647040 2.0218947 2.1230119 1.9989071 1.9260029 2.1071976 1.7818446 2.1875134 1.6291459 1.2251482 1.3342318 1.2550779 1.1174787 1.0503383 0.0000000 2.6427086 4.3064876 4.1889051 4.2220582 3.9130777 
Caeciliidae2      2.6625383 2.2531902 2.4274149 2.3804296 2.4957188 2.4625066 2.3727407 2.3923218 2.5910415 2.4632725 2.4434454 2.4546275 2.2722880 2.3276138 2.4094754 2.3761447 2.4118194 2.4751556 2.5331997 2.5938658 2.7197366 2.5446154 2.4792471 2.6255620 2.4971221 2.5546109 2.6156684 2.8360492 2.5260692 2.1311235 2.3006385 2.4182141 2.0285821 2.3024471 2.1879591 2.0505817 2.4001914 2.0008786 2.5052522 2.1865354 2.4461056 2.4791154 2.4902884 2.8354881 2.3844304 2.6427086 0.0000000 3.5465014 3.9494574 4.2134278 4.3536038 
Polypteriformes   3.4087369 3.4852079 3.5660094 3.4039662 3.2263516 3.7918506 3.2686385 3.2537001 3.4516096 3.3223462 3.2374539 3.4181469 3.2517544 3.0652692 3.3340047 3.3554443 3.3735451 3.3713019 4.0603073 3.7069106 3.8191026 3.3619381 3.6865755 3.3127831 3.5174073 3.5570728 3.3246948 3.5320838 3.5240313 3.2112288 3.2603341 3.7208845 3.1188165 3.0159427 3.0320807 2.8146965 3.1316790 2.7805362 3.5400433 3.6661526 3.6305494 3.8761914 3.3143157 4.2827314 3.8020323 4.3064876 3.5465014 0.0000000 3.8681520 3.9359359 5.4363515 
Channichthyidae   2.8689809 2.7993190 2.7357116 2.9061782 2.7451573 2.9243436 2.8468846 2.7016368 2.7362027 2.7460685 2.7346514 2.7669945 2.7550905 2.6660394 2.6081700 2.7479146 2.7575540 2.6918843 2.8778617 3.1427166 3.3110245 3.0146315 2.8922395 2.9527998 3.0939424 3.0146555 3.1165850 2.9553935 3.0676463 2.5836871 3.0801399 3.0193351 2.7909511 2.7898553 2.4318725 2.8673157 2.7092543 2.5560042 3.2915224 2.9474853 3.2730438 3.3738926 3.4367687 4.5546771 3.9064037 4.1889051 3.9494574 3.8681520 0.0000000 0.1622450 4.7522355 
Pseudaphritidae   2.8582282 2.8227142 2.7310007 2.8869151 2.8211918 3.0161151 2.8182006 2.6667848 2.6205752 2.7590642 2.7740900 2.7692674 2.7652442 2.6544236 2.6315684 2.9174949 2.8977296 2.8205788 2.9817672 3.1873081 3.3333119 3.0029577 2.9030863 2.9794949 3.0817827 3.1279012 3.1856298 3.0067594 3.0929858 2.7434274 3.2776878 3.0825597 2.8942589 2.8075009 2.4931488 2.8515021 2.7978000 2.6922111 3.4299136 2.9554380 3.3701871 3.2485393 3.4502687 4.0659340 3.7726549 4.2220582 4.2134278 3.9359359 0.1622450 0.0000000 4.9620418 
Carcharhinidae    4.2511634 4.0470944 3.6206577 3.9047102 3.8270838 4.0006974 4.0082377 3.3487027 3.6276429 3.8572311 3.9677106 4.0248866 3.5432546 3.5263627 3.8357632 3.5691564 3.5520718 3.4864990 4.1807445 3.7612488 3.4870392 3.3873689 3.5224088 3.6277826 3.6677126 3.7198649 3.7543381 3.6010635 3.8644061 3.8488974 3.5800253 3.5822107 3.8135582 4.2806610 4.3221021 3.5518580 3.5604451 3.5764539 4.7083802 3.9737241 3.9447298 4.8232486 3.7268178 4.8700421 3.8856928 3.9130777 4.3536038 5.4363515 4.7522355 4.9620418 0.0000000 
