51
Pitheciidae       0.0000000 0.1840842 0.1927499 0.1914959 0.2127379 0.2105563 0.1709397 0.1691975 0.1688137 0.1924266 0.1838540 0.1764406 0.1678070 0.1649013 0.1798398 0.3770686 0.4822398 0.4491700 0.7594839 0.7361922 0.7495720 0.7513653 0.7540760 0.7388536 0.7586057 0.7406351 0.7415276 0.7317233 0.7459550 0.7730367 1.1514755 1.0794076 0.8994459 1.0310668 0.8688074 0.8785702 0.8251306 0.7711879 0.7209928 0.6838255 0.5954561 0.6245814 0.6274313 0.6039307 0.6281981 0.6075658 0.9613175 1.0693374 0.7965810 0.7977151 1.1059553 
Scandentia        0.1840842 0.0000000 0.1471023 0.1480673 0.1572633 0.1649013 0.1277385 0.1205030 0.1293742 0.1449113 0.1357080 0.1315593 0.1300016 0.1265871 0.1471023 0.3417286 0.4494479 0.4060310 0.6900470 0.6601835 0.6741857 0.6740208 0.6699368 0.6658744 0.6888769 0.6690168 0.6599873 0.6640305 0.6713680 0.6761737 1.0954057 1.0145333 0.8316354 0.9506933 0.8190518 0.8021843 0.7528823 0.6851237 0.6503132 0.6072730 0.5437841 0.5650630 0.5617964 0.5474081 0.5701316 0.5511488 0.8729271 0.9655193 0.7347373 0.7220152 1.0126482 
Erethizontidae    0.1927499 0.1471023 0.0000000 0.0477792 0.1640984 0.1565649 0.1407411 0.1340515 0.1335865 0.1562808 0.1406576 0.1409396 0.1404076 0.1376513 0.1558096 0.3567316 0.4490697 0.4137699 0.7318995 0.6993043 0.7171675 0.7153751 0.7197315 0.7017064 0.7257019 0.7067546 0.6990915 0.7050363 0.7054030 0.7088079 1.0935950 1.0499656 0.8810040 0.9452139 0.8454237 0.8366890 0.7893834 0.7120731 0.6525852 0.6162140 0.5473880 0.5590616 0.5615934 0.5428754 0.5714277 0.5480478 0.8819680 1.0181046 0.7717048 0.7587761 1.0013678 
Capromyidae       0.1914959 0.1480673 0.0477792 0.0000000 0.1608239 0.1586331 0.1427338 0.1342883 0.1364110 0.1563754 0.1435202 0.1427545 0.1423944 0.1370320 0.1525563 0.3490802 0.4514840 0.4172380 0.7293000 0.7070177 0.7232456 0.7162722 0.7171675 0.7094582 0.7300965 0.7059404 0.6999982 0.7059404 0.7097004 0.7045065 1.0949231 1.0516020 0.8855641 0.9576655 0.8468460 0.8286402 0.7957545 0.7178338 0.6674702 0.6321135 0.5663339 0.5753274 0.5808944 0.5591162 0.5881484 0.5643448 0.8987281 1.0248292 0.7868445 0.7773081 1.0154871 
Muridae           0.2127379 0.1572633 0.1640984 0.1608239 0.0000000 0.1640032 0.1507936 0.1396249 0.1433493 0.1617162 0.1533465 0.1470979 0.1486775 0.1484997 0.1634040 0.3788171 0.4755506 0.4363925 0.7629231 0.7432887 0.7583742 0.7512857 0.7486086 0.7477132 0.7657157 0.7512857 0.7397598 0.7406436 0.7529430 0.7529736 1.1569683 1.0796639 0.8749292 1.0205278 0.8820530 0.8649792 0.8051514 0.7432359 0.7112766 0.6601583 0.5884013 0.6033257 0.6121215 0.5875721 0.6024210 0.5825809 0.8812337 1.0060852 0.7835445 0.7846046 1.0397650 
Castoridae        0.2105563 0.1649013 0.1565649 0.1586331 0.1640032 0.0000000 0.1450851 0.1417782 0.1422015 0.1662075 0.1575497 0.1442204 0.1489450 0.1410763 0.1521322 0.3560720 0.4503428 0.4082254 0.7459670 0.7196191 0.7379958 0.7274157 0.7335839 0.7135756 0.7415264 0.7309316 0.7283112 0.7256608 0.7275611 0.7205707 1.0698554 1.0531356 0.8554255 1.0043743 0.8167989 0.8249814 0.7877146 0.7203296 0.6551606 0.6370013 0.5621357 0.5799822 0.5885848 0.5730909 0.5907293 0.5710732 0.8817480 1.0049686 0.7633746 0.7520199 1.0349392 
Suidae            0.1709397 0.1277385 0.1407411 0.1427338 0.1507936 0.1450851 0.0000000 0.0611022 0.0659885 0.0990230 0.0912014 0.0843697 0.0796350 0.0756312 0.1132554 0.3196511 0.4218286 0.3800022 0.6793485 0.6598506 0.6754237 0.6736011 0.6728546 0.6556576 0.6799569 0.6669746 0.6629432 0.6603789 0.6627829 0.6807052 1.0855176 1.0192951 0.8416578 0.9560848 0.7899139 0.8021645 0.7467085 0.6941730 0.6386156 0.6183039 0.5461110 0.5448078 0.5544255 0.5426557 0.5612950 0.5463833 0.8643559 0.9574571 0.7457809 0.7347034 1.0319435 
Hippopotamidae    0.1691975 0.1205030 0.1340515 0.1342883 0.1396249 0.1417782 0.0611022 0.0000000 0.0546595 0.0920174 0.0868400 0.0744202 0.0793699 0.0745024 0.1044094 0.3182656 0.4087835 0.3764846 0.6763325 0.6521056 0.6691542 0.6656889 0.6600455 0.6511882 0.6752626 0.6591300 0.6535204 0.6542308 0.6599098 0.6613423 1.0452782 0.9998914 0.8189167 0.9432533 0.7917315 0.7785372 0.7226940 0.6814122 0.6207442 0.5964001 0.5252990 0.5333134 0.5347157 0.5243381 0.5477977 0.5238593 0.8510618 0.9207083 0.7271901 0.7145438 1.0152962 
Hyperoodontidae   0.1688137 0.1293742 0.1335865 0.1364110 0.1433493 0.1422015 0.0659885 0.0546595 0.0000000 0.0947380 0.0919654 0.0850336 0.0811060 0.0770166 0.1113827 0.3209743 0.4141054 0.3750153 0.6802584 0.6624056 0.6796516 0.6711979 0.6721102 0.6582129 0.6842234 0.6711979 0.6622157 0.6596548 0.6669593 0.6799520 1.0805674 1.0094108 0.8347934 0.9338771 0.8001784 0.7885500 0.7441175 0.6982201 0.6288464 0.5909926 0.5277203 0.5376196 0.5414571 0.5313444 0.5550394 0.5350384 0.8558394 0.9479632 0.7314055 0.7220638 1.0219500 
Vespertilionidae  0.1924266 0.1449113 0.1562808 0.1563754 0.1617162 0.1662075 0.0990230 0.0920174 0.0947380 0.0000000 0.0807078 0.0778150 0.0996224 0.0970395 0.1324923 0.3304492 0.4377097 0.4062142 0.7257429 0.7017064 0.7144763 0.7144763 0.7119211 0.6973841 0.7230560 0.7041305 0.6964745 0.7006977 0.7045065 0.7112518 1.1095778 1.0526265 0.8495447 1.0025779 0.8345511 0.8340107 0.7850770 0.7126580 0.6542593 0.6191152 0.5522188 0.5635947 0.5705570 0.5458362 0.5595992 0.5520798 0.8688169 1.0013678 0.7519366 0.7423928 1.0613929 
Furipteridae      0.1838540 0.1357080 0.1406576 0.1435202 0.1533465 0.1575497 0.0912014 0.0868400 0.0919654 0.0807078 0.0000000 0.0697108 0.0910986 0.0861280 0.1226230 0.3201879 0.4305020 0.3738340 0.7102766 0.6866759 0.6925194 0.6991981 0.6899188 0.6824000 0.7041305 0.6839393 0.6764495 0.6873165 0.6945645 0.6996197 1.0742198 1.0259194 0.8538754 0.9684121 0.8227813 0.8294970 0.7581055 0.7013158 0.6467179 0.6274313 0.5573017 0.5763703 0.5745566 0.5605560 0.5763703 0.5614611 0.8703242 0.9809182 0.7501060 0.7389463 1.0365916 
Rhinolophidae     0.1764406 0.1315593 0.1409396 0.1427545 0.1470979 0.1442204 0.0843697 0.0744202 0.0850336 0.0778150 0.0697108 0.0000000 0.0825747 0.0791941 0.1160856 0.3219872 0.4241506 0.3805845 0.6878504 0.6600455 0.6722781 0.6721102 0.6697170 0.6526016 0.6801080 0.6605733 0.6565771 0.6605733 0.6662318 0.6759024 1.0816169 1.0109204 0.8118653 0.9649650 0.8046810 0.8094295 0.7467223 0.6925361 0.6217498 0.6018155 0.5272338 0.5409498 0.5448078 0.5318350 0.5512837 0.5341355 0.8513772 0.9661638 0.7338816 0.7245257 1.0016641 
Viverridae        0.1678070 0.1300016 0.1404076 0.1423944 0.1486775 0.1489450 0.0796350 0.0793699 0.0811060 0.0996224 0.0910986 0.0825747 0.0000000 0.0461696 0.1113185 0.3218324 0.4218286 0.3841338 0.6899082 0.6685955 0.6825066 0.6807052 0.6782990 0.6627829 0.6854094 0.6757436 0.6667805 0.6642318 0.6665896 0.6759024 1.0673846 1.0118576 0.8490688 0.9593111 0.8210484 0.8240373 0.7501739 0.7089806 0.6315465 0.6024212 0.5266856 0.5463833 0.5445764 0.5330694 0.5453631 0.5311932 0.8507483 0.9353905 0.7272256 0.7179511 1.0299369 
Procyonidae       0.1649013 0.1265871 0.1376513 0.1370320 0.1484997 0.1410763 0.0756312 0.0745024 0.0770166 0.0970395 0.0861280 0.0791941 0.0461696 0.0000000 0.1085617 0.3207412 0.4255410 0.3853159 0.6763325 0.6600455 0.6772398 0.6737660 0.6713680 0.6607669 0.6817809 0.6721102 0.6631318 0.6589328 0.6564694 0.6757436 1.0651702 1.0076588 0.8250719 0.9412364 0.8067017 0.8098111 0.7328727 0.6906562 0.6281981 0.5987903 0.5258414 0.5427652 0.5437841 0.5266856 0.5502463 0.5303666 0.8439920 0.9326444 0.7372836 0.7262559 1.0361127 
Myrmecophagidae   0.1798398 0.1471023 0.1558096 0.1525563 0.1634040 0.1521322 0.1132554 0.1044094 0.1113827 0.1324923 0.1226230 0.1160856 0.1113185 0.1085617 0.0000000 0.3409669 0.4445139 0.3942510 0.7267114 0.7028057 0.7172914 0.7104347 0.7112518 0.7002064 0.7240440 0.7069304 0.7095393 0.6967003 0.7022026 0.6969238 1.1017527 1.0139585 0.8353425 0.9791926 0.8205518 0.8345438 0.7642240 0.7086595 0.6541721 0.6078864 0.5549534 0.5824800 0.5806646 0.5571478 0.5772754 0.5580530 0.8729564 0.9730179 0.7646406 0.7466406 1.0657834 
Caluromyidae      0.3770686 0.3417286 0.3567316 0.3490802 0.3788171 0.3560720 0.3196511 0.3182656 0.3209743 0.3304492 0.3201879 0.3219872 0.3218324 0.3207412 0.3409669 0.0000000 0.2720749 0.2046418 0.7665841 0.7415258 0.7548490 0.7620539 0.7521902 0.7371088 0.7585118 0.7459670 0.7239535 0.7459670 0.7424005 0.7932881 1.1378777 1.1045685 0.9043601 1.0516020 0.9122317 0.8415304 0.8535196 0.7800058 0.6898978 0.6922990 0.5945829 0.6176733 0.6158627 0.5943492 0.6246036 0.5997278 0.8910198 1.0106939 0.8122793 0.8026467 1.0787449 
Thylacomyidae     0.4822398 0.4494479 0.4490697 0.4514840 0.4755506 0.4503428 0.4218286 0.4087835 0.4141054 0.4377097 0.4305020 0.4241506 0.4218286 0.4255410 0.4445139 0.2720749 0.0000000 0.2634723 0.8946912 0.8699850 0.8751183 0.8755343 0.8624968 0.8672281 0.8843759 0.8814907 0.8601654 0.8735523 0.8560054 0.8618156 1.2784955 1.1873173 1.0595635 1.1964621 1.0213745 0.9630015 0.9486390 0.8534314 0.7936637 0.7678126 0.6741641 0.6827921 0.6992494 0.6744840 0.7112019 0.6705215 0.9934559 1.0908977 0.8863010 0.8898337 1.1451830 
Phalangeridae     0.4491700 0.4060310 0.4137699 0.4172380 0.4363925 0.4082254 0.3800022 0.3764846 0.3750153 0.4062142 0.3738340 0.3805845 0.3841338 0.3853159 0.3942510 0.2046418 0.2634723 0.0000000 0.8381406 0.8206433 0.8233807 0.8198064 0.8151555 0.8140975 0.8282138 0.8219497 0.8073636 0.8238644 0.8151372 0.8515332 1.2973561 1.1837013 0.9800086 1.0796179 0.9762841 0.8905127 0.8871657 0.7854382 0.7597631 0.7677423 0.6774238 0.6765305 0.6827921 0.6617607 0.6866230 0.6626550 0.9392655 1.0683707 0.9001645 0.8902845 1.1381971 
Tityridae         0.7594839 0.6900470 0.7318995 0.7293000 0.7629231 0.7459670 0.6793485 0.6763325 0.6802584 0.7257429 0.7102766 0.6878504 0.6899082 0.6763325 0.7267114 0.7665841 0.8946912 0.8381406 0.0000000 0.0666677 0.0731973 0.0723215 0.0635212 0.0651287 0.0724816 0.0691492 0.0635908 0.0620539 0.0787889 0.3779648 0.8430156 0.7076165 0.6742330 0.8544122 0.6447239 0.6702337 0.6303529 0.5226844 0.5850836 0.5890314 0.5121584 0.5000818 0.5000818 0.4923317 0.5037744 0.4955636 0.8167589 0.9386785 0.7056732 0.7166540 0.9663618 
Ptilonorhynchidae 0.7361922 0.6601835 0.6993043 0.7070177 0.7432887 0.7196191 0.6598506 0.6521056 0.6624056 0.7017064 0.6866759 0.6600455 0.6685955 0.6600455 0.7028057 0.7415258 0.8699850 0.8206433 0.0666677 0.0000000 0.0524564 0.0493167 0.0423513 0.0438998 0.0494230 0.0493167 0.0439243 0.0393307 0.0712914 0.3720202 0.8526047 0.7041720 0.6525120 0.8345599 0.6150119 0.6575785 0.6248240 0.5249333 0.5556184 0.5518587 0.4872716 0.4841088 0.4786813 0.4703524 0.4850850 0.4736080 0.7798959 0.9405902 0.6991451 0.7032857 0.9493188 
Callaeatidae      0.7495720 0.6741857 0.7171675 0.7232456 0.7583742 0.7379958 0.6754237 0.6691542 0.6796516 0.7144763 0.6925194 0.6722781 0.6825066 0.6772398 0.7172914 0.7548490 0.8751183 0.8233807 0.0731973 0.0524564 0.0000000 0.0446402 0.0362203 0.0400685 0.0478564 0.0431605 0.0385714 0.0378329 0.0754638 0.3669734 0.8486037 0.7099391 0.6660352 0.8337420 0.6329475 0.6662318 0.6186515 0.5203775 0.5620729 0.5600434 0.4945674 0.4872716 0.4818240 0.4742855 0.4850332 0.4762031 0.7844716 0.9372617 0.6802495 0.6909270 0.9452714 
Monarchidae       0.7513653 0.6740208 0.7153751 0.7162722 0.7512857 0.7274157 0.6736011 0.6656889 0.6711979 0.7144763 0.6991981 0.6721102 0.6807052 0.6737660 0.7104347 0.7620539 0.8755343 0.8198064 0.0723215 0.0493167 0.0446402 0.0000000 0.0226860 0.0385095 0.0462694 0.0431136 0.0392883 0.0370344 0.0729955 0.3740890 0.8460434 0.7016071 0.6704699 0.8413993 0.6345571 0.6599098 0.6299444 0.5329814 0.5620729 0.5615220 0.4844910 0.4826913 0.4786124 0.4649209 0.4796062 0.4681929 0.7664478 0.9580628 0.6981484 0.7090534 0.9602847 
Malaconotidae     0.7540760 0.6699368 0.7197315 0.7171675 0.7486086 0.7335839 0.6728546 0.6600455 0.6721102 0.7119211 0.6899188 0.6697170 0.6782990 0.6713680 0.7112518 0.7521902 0.8624968 0.8151555 0.0635212 0.0423513 0.0362203 0.0226860 0.0000000 0.0301679 0.0378128 0.0362203 0.0294345 0.0287010 0.0657719 0.3649352 0.8411030 0.7009192 0.6572402 0.8386687 0.6293229 0.6401360 0.6214184 0.5134066 0.5457611 0.5510709 0.4737020 0.4719340 0.4665655 0.4557622 0.4689246 0.4564098 0.7708966 0.9587182 0.6874790 0.6915740 0.9418552 
Certhiidae        0.7388536 0.6658744 0.7017064 0.7094582 0.7477132 0.7135756 0.6556576 0.6511882 0.6582129 0.6973841 0.6824000 0.6526016 0.6627829 0.6607669 0.7002064 0.7371088 0.8672281 0.8140975 0.0651287 0.0438998 0.0400685 0.0385095 0.0301679 0.0000000 0.0347658 0.0362012 0.0309174 0.0286860 0.0673822 0.3616926 0.8323842 0.6998273 0.6547745 0.8282734 0.6112123 0.6488202 0.6157989 0.5101827 0.5404642 0.5384958 0.4652275 0.4661530 0.4608174 0.4501142 0.4645119 0.4547038 0.7736355 0.9439329 0.6733514 0.6840223 0.9493262 
Cinclidae         0.7586057 0.6888769 0.7257019 0.7300965 0.7657157 0.7415264 0.6799569 0.6752626 0.6842234 0.7230560 0.7041305 0.6801080 0.6854094 0.6817809 0.7240440 0.7585118 0.8843759 0.8282138 0.0724816 0.0494230 0.0478564 0.0462694 0.0378128 0.0347658 0.0000000 0.0431605 0.0378128 0.0355599 0.0747498 0.3640033 0.8586487 0.7131821 0.6703033 0.8578514 0.6259938 0.6644164 0.6323568 0.5279197 0.5546872 0.5570917 0.4940906 0.4895226 0.4854188 0.4729428 0.4904865 0.4762031 0.7880980 0.9499817 0.6831212 0.6939005 0.9506786 
Ploceidae         0.7406351 0.6690168 0.7067546 0.7059404 0.7512857 0.7309316 0.6669746 0.6591300 0.6711979 0.7041305 0.6839393 0.6605733 0.6757436 0.6721102 0.7069304 0.7459670 0.8814907 0.8219497 0.0691492 0.0493167 0.0431605 0.0431136 0.0362203 0.0362012 0.0431605 0.0000000 0.0197037 0.0339753 0.0706171 0.3640431 0.8598772 0.7166540 0.6626842 0.8359334 0.6251979 0.6490363 0.6142364 0.5194208 0.5561608 0.5541470 0.4858574 0.4854188 0.4799704 0.4675884 0.4823164 0.4708566 0.7808524 0.9419191 0.6981484 0.7107462 0.9513698 
Thraupidae        0.7415276 0.6599873 0.6990915 0.6999982 0.7397598 0.7283112 0.6629432 0.6535204 0.6622157 0.6964745 0.6764495 0.6565771 0.6667805 0.6631318 0.7095393 0.7239535 0.8601654 0.8073636 0.0635908 0.0439243 0.0385714 0.0392883 0.0294345 0.0309174 0.0378128 0.0197037 0.0000000 0.0287010 0.0658439 0.3619747 0.8490851 0.7108231 0.6588196 0.8389586 0.6274616 0.6433268 0.6101910 0.5143464 0.5424397 0.5462882 0.4718474 0.4781835 0.4727751 0.4565579 0.4710964 0.4598387 0.7800015 0.9299567 0.6742560 0.6801011 0.9486465 
Alaudidae         0.7317233 0.6640305 0.7050363 0.7059404 0.7406436 0.7256608 0.6603789 0.6542308 0.6596548 0.7006977 0.6873165 0.6605733 0.6642318 0.6589328 0.6967003 0.7459670 0.8735523 0.8238644 0.0620539 0.0393307 0.0378329 0.0370344 0.0287010 0.0286860 0.0355599 0.0339753 0.0287010 0.0000000 0.0627364 0.3546739 0.8498853 0.7031906 0.6534000 0.8397744 0.6251979 0.6504265 0.6220673 0.5226328 0.5452352 0.5505380 0.4781835 0.4804662 0.4750516 0.4641038 0.4801007 0.4660452 0.7826611 0.9472933 0.6865821 0.6973643 0.9384831 
Coraciiformes     0.7459550 0.6713680 0.7054030 0.7097004 0.7529430 0.7275611 0.6627829 0.6599098 0.6669593 0.7045065 0.6945645 0.6662318 0.6665896 0.6564694 0.7022026 0.7424005 0.8560054 0.8151372 0.0787889 0.0712914 0.0754638 0.0729955 0.0657719 0.0673822 0.0747498 0.0706171 0.0658439 0.0627364 0.0000000 0.3576805 0.8207812 0.6937117 0.6565488 0.8213746 0.6249472 0.6417421 0.6079451 0.5115192 0.5558534 0.5465671 0.4729428 0.4778973 0.4725238 0.4616732 0.4788859 0.4649271 0.7841191 0.9308295 0.6952528 0.7093751 0.9459373 
Crocodylidae      0.7730367 0.6761737 0.7088079 0.7045065 0.7529736 0.7205707 0.6807052 0.6613423 0.6799520 0.7112518 0.6996197 0.6759024 0.6759024 0.6757436 0.6969238 0.7932881 0.8618156 0.8515332 0.3779648 0.3720202 0.3669734 0.3740890 0.3649352 0.3616926 0.3640033 0.3640431 0.3619747 0.3546739 0.3576805 0.0000000 0.8261935 0.7354556 0.6684707 0.8676752 0.6843015 0.6312072 0.6228756 0.5454804 0.6048605 0.5900818 0.5246792 0.5298216 0.5336453 0.5056071 0.5278528 0.5033243 0.8222058 0.9679775 0.6972375 0.7062019 0.9993244 
Carettochelyidae  1.1514755 1.0954057 1.0935950 1.0949231 1.1569683 1.0698554 1.0855176 1.0452782 1.0805674 1.1095778 1.0742198 1.0816169 1.0673846 1.0651702 1.1017527 1.1378777 1.2784955 1.2973561 0.8430156 0.8526047 0.8486037 0.8460434 0.8411030 0.8323842 0.8586487 0.8598772 0.8490851 0.8498853 0.8207812 0.8261935 0.0000000 0.9264850 1.0961818 1.2903918 1.1159032 1.0926997 0.9881428 0.9214158 1.0230953 0.9733448 0.9226187 0.9403924 0.9396454 0.8715524 0.9140663 0.8841279 1.2357019 1.4072552 1.1877760 1.1985451 1.4092634 
Kinosternidae     1.0794076 1.0145333 1.0499656 1.0516020 1.0796639 1.0531356 1.0192951 0.9998914 1.0094108 1.0526265 1.0259194 1.0109204 1.0118576 1.0076588 1.0139585 1.1045685 1.1873173 1.1837013 0.7076165 0.7041720 0.7099391 0.7016071 0.7009192 0.6998273 0.7131821 0.7166540 0.7108231 0.7031906 0.6937117 0.7354556 0.9264850 0.0000000 0.9939602 1.1847107 0.9961650 1.0317567 0.9850589 0.8318932 0.9288645 0.8987071 0.8294516 0.8715129 0.8641676 0.8238333 0.8345511 0.8130622 1.1255368 1.2056721 1.0149215 1.0236136 1.2857559 
Anomalepididae    0.8994459 0.8316354 0.8810040 0.8855641 0.8749292 0.8554255 0.8416578 0.8189167 0.8347934 0.8495447 0.8538754 0.8118653 0.8490688 0.8250719 0.8353425 0.9043601 1.0595635 0.9800086 0.6742330 0.6525120 0.6660352 0.6704699 0.6572402 0.6547745 0.6703033 0.6626842 0.6588196 0.6534000 0.6565488 0.6684707 1.0961818 0.9939602 0.0000000 0.6397997 0.4988478 0.5382570 0.5315283 0.4806228 0.7048983 0.6928876 0.6637480 0.6369092 0.6333396 0.6426603 0.6338229 0.6314789 0.9202860 1.0350885 0.8296273 0.8306517 1.0631718 
Loxocemidae       1.0310668 0.9506933 0.9452139 0.9576655 1.0205278 1.0043743 0.9560848 0.9432533 0.9338771 1.0025779 0.9684121 0.9649650 0.9593111 0.9412364 0.9791926 1.0516020 1.1964621 1.0796179 0.8544122 0.8345599 0.8337420 0.8413993 0.8386687 0.8282734 0.8578514 0.8359334 0.8389586 0.8397744 0.8213746 0.8676752 1.2903918 1.1847107 0.6397997 0.0000000 0.4496890 0.6649708 0.6873759 0.6110357 0.8726791 0.8653502 0.8085458 0.8091811 0.8112165 0.7880980 0.7910284 0.7814816 1.0207964 1.1976898 1.0147292 1.0297828 1.2412420 
Natricidae        0.8688074 0.8190518 0.8454237 0.8468460 0.8820530 0.8167989 0.7899139 0.7917315 0.8001784 0.8345511 0.8227813 0.8046810 0.8210484 0.8067017 0.8205518 0.9122317 1.0213745 0.9762841 0.6447239 0.6150119 0.6329475 0.6345571 0.6293229 0.6112123 0.6259938 0.6251979 0.6274616 0.6251979 0.6249472 0.6843015 1.1159032 0.9961650 0.4988478 0.4496890 0.0000000 0.5282754 0.5485570 0.4597354 0.7197873 0.7191244 0.6669593 0.6647830 0.6662318 0.6511245 0.6355475 0.6442387 0.9256244 1.0731791 0.8313538 0.8382844 1.1079880 
Xenosauridae      0.8785702 0.8021843 0.8366890 0.8286402 0.8649792 0.8249814 0.8021645 0.7785372 0.7885500 0.8340107 0.8294970 0.8094295 0.8240373 0.8098111 0.8345438 0.8415304 0.9630015 0.8905127 0.6702337 0.6575785 0.6662318 0.6599098 0.6401360 0.6488202 0.6644164 0.6490363 0.6433268 0.6504265 0.6417421 0.6312072 1.0926997 1.0317567 0.5382570 0.6649708 0.5282754 0.0000000 0.5217224 0.4540436 0.7440898 0.7535196 0.6635478 0.6552659 0.6516887 0.6482639 0.6651539 0.6399775 0.9117055 1.1045491 0.8396872 0.8483013 1.0542657 
Teiidae           0.8251306 0.7528823 0.7893834 0.7957545 0.8051514 0.7877146 0.7467085 0.7226940 0.7441175 0.7850770 0.7581055 0.7467223 0.7501739 0.7328727 0.7642240 0.8535196 0.9486390 0.8871657 0.6303529 0.6248240 0.6186515 0.6299444 0.6214184 0.6157989 0.6323568 0.6142364 0.6101910 0.6220673 0.6079451 0.6228756 0.9881428 0.9850589 0.5315283 0.6873759 0.5485570 0.5217224 0.0000000 0.4525114 0.6615736 0.6719724 0.6030322 0.5996858 0.6039470 0.5865083 0.5885848 0.5832885 0.8680601 1.0695684 0.8284997 0.8334804 1.0597269 
Eublepharidae     0.7711879 0.6851237 0.7120731 0.7178338 0.7432359 0.7203296 0.6941730 0.6814122 0.6982201 0.7126580 0.7013158 0.6925361 0.7089806 0.6906562 0.7086595 0.7800058 0.8534314 0.7854382 0.5226844 0.5249333 0.5203775 0.5329814 0.5134066 0.5101827 0.5279197 0.5194208 0.5143464 0.5226328 0.5115192 0.5454804 0.9214158 0.8318932 0.4806228 0.6110357 0.4597354 0.4540436 0.4525114 0.0000000 0.6081181 0.5855235 0.5262028 0.5265610 0.5247609 0.5164745 0.5348661 0.5137175 0.8110901 0.9213919 0.7515904 0.7558574 0.9446269 
Dicamptodontidae  0.7209928 0.6503132 0.6525852 0.6674702 0.7112766 0.6551606 0.6386156 0.6207442 0.6288464 0.6542593 0.6467179 0.6217498 0.6315465 0.6281981 0.6541721 0.6898978 0.7936637 0.7597631 0.5850836 0.5556184 0.5620729 0.5620729 0.5457611 0.5404642 0.5546872 0.5561608 0.5424397 0.5452352 0.5558534 0.6048605 1.0230953 0.9288645 0.7048983 0.8726791 0.7197873 0.7440898 0.6615736 0.6081181 0.0000000 0.2779254 0.2124720 0.2274504 0.2213073 0.1971575 0.2101436 0.2020016 0.5378352 0.7823839 0.5852811 0.5847119 0.8153096 
Alytidae          0.6838255 0.6072730 0.6162140 0.6321135 0.6601583 0.6370013 0.6183039 0.5964001 0.5909926 0.6191152 0.6274313 0.6018155 0.6024212 0.5987903 0.6078864 0.6922990 0.7678126 0.7677423 0.5890314 0.5518587 0.5600434 0.5615220 0.5510709 0.5384958 0.5570917 0.5541470 0.5462882 0.5505380 0.5465671 0.5900818 0.9733448 0.8987071 0.6928876 0.8653502 0.7191244 0.7535196 0.6719724 0.5855235 0.2779254 0.0000000 0.1995261 0.2074470 0.2027268 0.1793938 0.1900874 0.1838559 0.5387365 0.7869667 0.5900754 0.5935823 0.8319129 
Heleophrynidae    0.5954561 0.5437841 0.5473880 0.5663339 0.5884013 0.5621357 0.5461110 0.5252990 0.5277203 0.5522188 0.5573017 0.5272338 0.5266856 0.5258414 0.5549534 0.5945829 0.6741641 0.6774238 0.5121584 0.4872716 0.4945674 0.4844910 0.4737020 0.4652275 0.4940906 0.4858574 0.4718474 0.4781835 0.4729428 0.5246792 0.9226187 0.8294516 0.6637480 0.8085458 0.6669593 0.6635478 0.6030322 0.5262028 0.2124720 0.1995261 0.0000000 0.0955054 0.0872309 0.0723615 0.0902844 0.0763034 0.4550756 0.7630304 0.5403323 0.5492145 0.7833190 
Leptodactylidae   0.6245814 0.5650630 0.5590616 0.5753274 0.6033257 0.5799822 0.5448078 0.5333134 0.5376196 0.5635947 0.5763703 0.5409498 0.5463833 0.5427652 0.5824800 0.6176733 0.6827921 0.6765305 0.5000818 0.4841088 0.4872716 0.4826913 0.4719340 0.4661530 0.4895226 0.4854188 0.4781835 0.4804662 0.4778973 0.5298216 0.9403924 0.8715129 0.6369092 0.8091811 0.6647830 0.6552659 0.5996858 0.5265610 0.2274504 0.2074470 0.0955054 0.0000000 0.0256716 0.0755893 0.0918618 0.0795464 0.4651316 0.7760112 0.5474279 0.5549789 0.7596670 
Strabomantidae    0.6274313 0.5617964 0.5615934 0.5808944 0.6121215 0.5885848 0.5544255 0.5347157 0.5414571 0.5705570 0.5745566 0.5448078 0.5445764 0.5437841 0.5806646 0.6158627 0.6992494 0.6827921 0.5000818 0.4786813 0.4818240 0.4786124 0.4665655 0.4608174 0.4854188 0.4799704 0.4727751 0.4750516 0.4725238 0.5336453 0.9396454 0.8641676 0.6333396 0.8112165 0.6662318 0.6516887 0.6039470 0.5247609 0.2213073 0.2027268 0.0872309 0.0256716 0.0000000 0.0708120 0.0894206 0.0763457 0.4651316 0.7656603 0.5442344 0.5517779 0.7701936 
Micrixalidae      0.6039307 0.5474081 0.5428754 0.5591162 0.5875721 0.5730909 0.5426557 0.5243381 0.5313444 0.5458362 0.5605560 0.5318350 0.5330694 0.5266856 0.5571478 0.5943492 0.6744840 0.6617607 0.4923317 0.4703524 0.4742855 0.4649209 0.4557622 0.4501142 0.4729428 0.4675884 0.4565579 0.4641038 0.4616732 0.5056071 0.8715524 0.8238333 0.6426603 0.7880980 0.6511245 0.6482639 0.5865083 0.5164745 0.1971575 0.1793938 0.0723615 0.0755893 0.0708120 0.0000000 0.0469602 0.0309174 0.4535308 0.7457476 0.5127721 0.5282240 0.7518276 
Hemisotidae       0.6281981 0.5701316 0.5714277 0.5881484 0.6024210 0.5907293 0.5612950 0.5477977 0.5550394 0.5595992 0.5763703 0.5512837 0.5453631 0.5502463 0.5772754 0.6246036 0.7112019 0.6866230 0.5037744 0.4850850 0.4850332 0.4796062 0.4689246 0.4645119 0.4904865 0.4823164 0.4710964 0.4801007 0.4788859 0.5278528 0.9140663 0.8345511 0.6338229 0.7910284 0.6355475 0.6651539 0.5885848 0.5348661 0.2101436 0.1900874 0.0902844 0.0918618 0.0894206 0.0469602 0.0000000 0.0484687 0.4611436 0.7500170 0.5155118 0.5282904 0.7665613 
Asterophryidae    0.6075658 0.5511488 0.5480478 0.5643448 0.5825809 0.5710732 0.5463833 0.5238593 0.5350384 0.5520798 0.5614611 0.5341355 0.5311932 0.5303666 0.5580530 0.5997278 0.6705215 0.6626550 0.4955636 0.4736080 0.4762031 0.4681929 0.4564098 0.4547038 0.4762031 0.4708566 0.4598387 0.4660452 0.4649271 0.5033243 0.8841279 0.8130622 0.6314789 0.7814816 0.6442387 0.6399775 0.5832885 0.5137175 0.2020016 0.1838559 0.0763034 0.0795464 0.0763457 0.0309174 0.0484687 0.0000000 0.4513501 0.7347876 0.5127489 0.5227004 0.7526745 
Caeciliidae2      0.9613175 0.8729271 0.8819680 0.8987281 0.8812337 0.8817480 0.8643559 0.8510618 0.8558394 0.8688169 0.8703242 0.8513772 0.8507483 0.8439920 0.8729564 0.8910198 0.9934559 0.9392655 0.8167589 0.7798959 0.7844716 0.7664478 0.7708966 0.7736355 0.7880980 0.7808524 0.7800015 0.7826611 0.7841191 0.8222058 1.2357019 1.1255368 0.9202860 1.0207964 0.9256244 0.9117055 0.8680601 0.8110901 0.5378352 0.5387365 0.4550756 0.4651316 0.4651316 0.4535308 0.4611436 0.4513501 0.0000000 0.9802878 0.7948720 0.7995484 1.0497203 
Polypteriformes   1.0693374 0.9655193 1.0181046 1.0248292 1.0060852 1.0049686 0.9574571 0.9207083 0.9479632 1.0013678 0.9809182 0.9661638 0.9353905 0.9326444 0.9730179 1.0106939 1.0908977 1.0683707 0.9386785 0.9405902 0.9372617 0.9580628 0.9587182 0.9439329 0.9499817 0.9419191 0.9299567 0.9472933 0.9308295 0.9679775 1.4072552 1.2056721 1.0350885 1.1976898 1.0731791 1.1045491 1.0695684 0.9213919 0.7823839 0.7869667 0.7630304 0.7760112 0.7656603 0.7457476 0.7500170 0.7347876 0.9802878 0.0000000 0.6324458 0.6422294 1.0208612 
Channichthyidae   0.7965810 0.7347373 0.7717048 0.7868445 0.7835445 0.7633746 0.7457809 0.7271901 0.7314055 0.7519366 0.7501060 0.7338816 0.7272256 0.7372836 0.7646406 0.8122793 0.8863010 0.9001645 0.7056732 0.6991451 0.6802495 0.6981484 0.6874790 0.6733514 0.6831212 0.6981484 0.6742560 0.6865821 0.6952528 0.6972375 1.1877760 1.0149215 0.8296273 1.0147292 0.8313538 0.8396872 0.8284997 0.7515904 0.5852811 0.5900754 0.5403323 0.5474279 0.5442344 0.5127721 0.5155118 0.5127489 0.7948720 0.6324458 0.0000000 0.0323842 0.7672610 
Pseudaphritidae   0.7977151 0.7220152 0.7587761 0.7773081 0.7846046 0.7520199 0.7347034 0.7145438 0.7220638 0.7423928 0.7389463 0.7245257 0.7179511 0.7262559 0.7466406 0.8026467 0.8898337 0.8902845 0.7166540 0.7032857 0.6909270 0.7090534 0.6915740 0.6840223 0.6939005 0.7107462 0.6801011 0.6973643 0.7093751 0.7062019 1.1985451 1.0236136 0.8306517 1.0297828 0.8382844 0.8483013 0.8334804 0.7558574 0.5847119 0.5935823 0.5492145 0.5549789 0.5517779 0.5282240 0.5282904 0.5227004 0.7995484 0.6422294 0.0323842 0.0000000 0.7700420 
Carcharhinidae    1.1059553 1.0126482 1.0013678 1.0154871 1.0397650 1.0349392 1.0319435 1.0152962 1.0219500 1.0613929 1.0365916 1.0016641 1.0299369 1.0361127 1.0657834 1.0787449 1.1451830 1.1381971 0.9663618 0.9493188 0.9452714 0.9602847 0.9418552 0.9493262 0.9506786 0.9513698 0.9486465 0.9384831 0.9459373 0.9993244 1.4092634 1.2857559 1.0631718 1.2412420 1.1079880 1.0542657 1.0597269 0.9446269 0.8153096 0.8319129 0.7833190 0.7596670 0.7701936 0.7518276 0.7665613 0.7526745 1.0497203 1.0208612 0.7672610 0.7700420 0.0000000 
