51
Pitheciidae       0.0000000 0.1931529 0.2657234 0.2739556 0.2389188 0.2295347 0.2225448 0.2586321 0.2365336 0.2536304 0.2692932 0.2885564 0.2363102 0.2244350 0.3064990 0.3707649 0.3851194 0.3974100 0.5128401 0.5184458 0.5171139 0.5571151 0.5624214 0.5410048 0.5592018 0.5229057 0.5405933 0.5454123 0.5575544 0.4820583 0.5422055 0.5009736 0.6154408 0.5483227 0.6876092 0.7250724 0.6157449 0.5293005 0.6020195 0.5273247 0.5326247 0.5945127 0.5402558 0.5420935 0.5860916 0.5534720 0.6238821 1.3350706 1.0408571 1.0095092 2.0353022 
Scandentia        0.1931529 0.0000000 0.2985052 0.2857112 0.2620430 0.2282780 0.2151069 0.2804593 0.2559981 0.3019452 0.3013280 0.3185152 0.2451707 0.2375961 0.3163245 0.3995983 0.4151692 0.4020264 0.5305080 0.5320612 0.5304997 0.5605740 0.5694377 0.5635367 0.5757593 0.5369914 0.5547799 0.5507593 0.5523810 0.4957267 0.5632554 0.5217710 0.6373007 0.5528544 0.6387852 0.7215212 0.6623403 0.5810581 0.6115236 0.5206101 0.5555062 0.5990060 0.5760043 0.5662756 0.5781117 0.5694531 0.6699641 1.3131534 1.0435278 1.0147458 2.0355179 
Erethizontidae    0.2657234 0.2985052 0.0000000 0.1384381 0.2862076 0.2615001 0.2913043 0.3489959 0.3199374 0.3386014 0.3425933 0.4140688 0.3080581 0.3053539 0.3747954 0.4672004 0.4692824 0.4848847 0.5422390 0.5600047 0.5624028 0.5927786 0.5978179 0.5688376 0.5720603 0.5575325 0.5549529 0.5759092 0.6015739 0.5607286 0.5575228 0.5851096 0.6771199 0.6203184 0.7777689 0.7377784 0.6589287 0.6304354 0.6281806 0.6013845 0.5809932 0.5995774 0.5821450 0.6027068 0.6180223 0.5553250 0.6895466 1.4391003 1.1087785 1.1013879 2.1628861 
Capromyidae       0.2739556 0.2857112 0.1384381 0.0000000 0.2889499 0.2556928 0.2870550 0.3388545 0.3074489 0.3638699 0.3291817 0.3902344 0.3106900 0.2998699 0.4023623 0.4595048 0.4667763 0.4804893 0.5295905 0.5533752 0.5518473 0.5874805 0.5839192 0.5785483 0.5699784 0.5453851 0.5508249 0.5668309 0.5595831 0.5475836 0.5806301 0.5467299 0.6539258 0.5899956 0.7411867 0.7506758 0.6549432 0.6063253 0.6370089 0.5836099 0.6070485 0.6504896 0.6035275 0.6072762 0.6343849 0.5895777 0.6435825 1.4224691 1.0868027 1.0635825 2.1321515 
Muridae           0.2389188 0.2620430 0.2862076 0.2889499 0.0000000 0.2165269 0.2761255 0.3175368 0.2962264 0.3375226 0.3513878 0.3597756 0.2835044 0.2886262 0.3708730 0.4516057 0.4794384 0.4599362 0.5830600 0.6180690 0.6319349 0.6472163 0.6512622 0.6406530 0.6310581 0.6132584 0.6129149 0.6415493 0.6305475 0.5721498 0.6148580 0.5627401 0.6977741 0.6678423 0.8059651 0.7979762 0.6632525 0.6124141 0.5941397 0.5898653 0.5767028 0.6044449 0.5797934 0.5801278 0.6182382 0.5855736 0.6572183 1.4274854 1.1238872 1.0718290 2.1918857 
Castoridae        0.2295347 0.2282780 0.2615001 0.2556928 0.2165269 0.0000000 0.2360764 0.2840381 0.2552548 0.3297751 0.3193230 0.3304585 0.2572139 0.2563681 0.3289788 0.4236095 0.4449869 0.4360511 0.5030853 0.5236142 0.5412564 0.5656224 0.5820586 0.5608738 0.5591048 0.5242725 0.5398154 0.5493996 0.5686891 0.5094388 0.5780168 0.5228026 0.6312066 0.5596882 0.6872957 0.7340041 0.6438732 0.5732977 0.5796855 0.5270824 0.5445597 0.5833770 0.5478368 0.5523264 0.5572210 0.5575970 0.6312880 1.3331808 1.0774899 1.0506962 2.1264890 
Suidae            0.2225448 0.2151069 0.2913043 0.2870550 0.2761255 0.2360764 0.0000000 0.1760713 0.1239802 0.2779572 0.2801544 0.2867240 0.2310455 0.2269932 0.2998282 0.4028988 0.4355686 0.4165111 0.4842325 0.5026221 0.5107425 0.5358856 0.5412299 0.5227611 0.5314017 0.5131614 0.5220701 0.5331402 0.5385943 0.5133204 0.5337344 0.5201680 0.6288041 0.5283984 0.6538791 0.7398028 0.6109081 0.5479710 0.5712885 0.5479009 0.5703589 0.6066722 0.5580868 0.5552811 0.5621578 0.5641742 0.6277727 1.3227007 1.0366117 1.0143583 2.0770140 
Hippopotamidae    0.2586321 0.2804593 0.3489959 0.3388545 0.3175368 0.2840381 0.1760713 0.0000000 0.1528227 0.3067781 0.3262837 0.3271499 0.2556367 0.2674202 0.3592981 0.4690153 0.4407978 0.4463173 0.5184273 0.5443390 0.5754945 0.5799500 0.5919283 0.5743951 0.5621226 0.5419228 0.5604237 0.5659992 0.5896012 0.5227833 0.5917996 0.5302851 0.6691831 0.5747236 0.6871482 0.7756352 0.6310965 0.5857754 0.6436280 0.5835076 0.6010258 0.6679893 0.6306170 0.6120484 0.6400440 0.6127204 0.7120787 1.4569851 1.0841995 1.0958448 2.1358065 
Hyperoodontidae   0.2365336 0.2559981 0.3199374 0.3074489 0.2962264 0.2552548 0.1239802 0.1528227 0.0000000 0.3090315 0.2964724 0.3001584 0.2339311 0.2326074 0.3344652 0.4263291 0.4325190 0.4390306 0.4924762 0.4895160 0.5083101 0.5186164 0.5498638 0.5164506 0.5056690 0.5046704 0.5014575 0.5137910 0.5239292 0.4826287 0.5725150 0.5196882 0.6592784 0.5568383 0.6952385 0.7676554 0.6046231 0.5925610 0.6006220 0.5616610 0.5628405 0.5943526 0.5747108 0.5713449 0.6033617 0.5721121 0.6968213 1.3598128 1.0740114 1.0803820 2.1382474 
Vespertilionidae  0.2536304 0.3019452 0.3386014 0.3638699 0.3375226 0.3297751 0.2779572 0.3067781 0.3090315 0.0000000 0.2322319 0.2511609 0.2693468 0.2787828 0.4049950 0.4330438 0.4506771 0.4703108 0.5489616 0.5775816 0.5885090 0.6097128 0.6173121 0.5844119 0.5739809 0.5601512 0.5678098 0.5688133 0.5536778 0.5588618 0.5691804 0.5475885 0.6500405 0.6040127 0.6717292 0.6975201 0.6703585 0.6090155 0.6408487 0.5839303 0.6002877 0.6104265 0.5941269 0.5815397 0.5903219 0.5759502 0.6503537 1.3393884 1.0805689 1.0822490 2.1285198 
Furipteridae      0.2692932 0.3013280 0.3425933 0.3291817 0.3513878 0.3193230 0.2801544 0.3262837 0.2964724 0.2322319 0.0000000 0.2688301 0.2879286 0.2808581 0.3993724 0.4497834 0.4486998 0.4890346 0.5149954 0.5613801 0.5713054 0.5958822 0.5948617 0.5907438 0.5830409 0.5638026 0.5600117 0.5709698 0.5689721 0.5283702 0.5828370 0.5399750 0.6427072 0.6013405 0.6829750 0.7686626 0.6311961 0.6216561 0.6106863 0.5580938 0.6035707 0.6383435 0.5941919 0.5997851 0.5954099 0.5986468 0.6627236 1.3680322 1.1126694 1.0889589 2.1996063 
Rhinolophidae     0.2885564 0.3185152 0.4140688 0.3902344 0.3597756 0.3304585 0.2867240 0.3271499 0.3001584 0.2511609 0.2688301 0.0000000 0.2955676 0.3200016 0.3905085 0.5193691 0.5077708 0.5382462 0.6400032 0.6694895 0.6913278 0.7308769 0.7297677 0.6897046 0.6941306 0.6532352 0.6761810 0.6774773 0.6674282 0.5852512 0.6395752 0.6253796 0.7206131 0.6570410 0.7734454 0.8388748 0.7045176 0.6781018 0.6384403 0.5795831 0.6343175 0.6576051 0.5991458 0.6005190 0.6237198 0.6084907 0.7398541 1.3796853 1.1207272 1.1075620 2.3124476 
Viverridae        0.2363102 0.2451707 0.3080581 0.3106900 0.2835044 0.2572139 0.2310455 0.2556367 0.2339311 0.2693468 0.2879286 0.2955676 0.0000000 0.1636130 0.3302415 0.4455148 0.4724830 0.4453208 0.5239028 0.5542868 0.5573688 0.5732974 0.5970244 0.5656946 0.5592337 0.5593979 0.5672050 0.5726427 0.6100097 0.5488487 0.5832636 0.5261215 0.6514582 0.5512060 0.6420469 0.7172628 0.6243600 0.5740807 0.6218564 0.5460814 0.5821613 0.6184731 0.5696842 0.5864653 0.5945521 0.5670092 0.6455626 1.3493481 1.0289426 1.0086590 2.0660032 
Procyonidae       0.2244350 0.2375961 0.3053539 0.2998699 0.2886262 0.2563681 0.2269932 0.2674202 0.2326074 0.2787828 0.2808581 0.3200016 0.1636130 0.0000000 0.3370275 0.4245639 0.4502489 0.4384903 0.5047762 0.5212629 0.5309479 0.5604878 0.5679047 0.5460501 0.5439540 0.5200658 0.5271311 0.5389836 0.5601819 0.5116944 0.5449923 0.5083394 0.6391170 0.5544326 0.6503931 0.7239450 0.6247434 0.5910380 0.5888572 0.5524578 0.5689554 0.5935293 0.5840847 0.5714521 0.5885870 0.5588162 0.6807266 1.3919586 1.1113228 1.0893992 2.0784703 
Myrmecophagidae   0.3064990 0.3163245 0.3747954 0.4023623 0.3708730 0.3289788 0.2998282 0.3592981 0.3344652 0.4049950 0.3993724 0.3905085 0.3302415 0.3370275 0.0000000 0.5049320 0.5050414 0.5086983 0.6260030 0.6312606 0.6278713 0.6431634 0.6472795 0.6451581 0.6460298 0.6051529 0.6312948 0.6516870 0.6741675 0.6022389 0.6480125 0.6147262 0.6982796 0.6681906 0.7239872 0.8181389 0.6850330 0.6426815 0.6534600 0.6191449 0.6484325 0.6821645 0.6392605 0.6301328 0.6486479 0.6309229 0.7623637 1.4737781 1.1688230 1.1061930 2.1653787 
Caluromyidae      0.3707649 0.3995983 0.4672004 0.4595048 0.4516057 0.4236095 0.4028988 0.4690153 0.4263291 0.4330438 0.4497834 0.5193691 0.4455148 0.4245639 0.5049320 0.0000000 0.2066484 0.1872395 0.4963291 0.5060947 0.5152621 0.5434686 0.5425010 0.5077926 0.5099200 0.4948732 0.4930539 0.5319536 0.5369433 0.4708472 0.5021262 0.4335870 0.6045119 0.5632587 0.6038970 0.6457497 0.5319926 0.5284865 0.5625497 0.5263888 0.4977472 0.5526267 0.5203900 0.4817422 0.4921857 0.5110034 0.5932455 1.2707203 1.0006677 1.0313987 2.0406264 
Thylacomyidae     0.3851194 0.4151692 0.4692824 0.4667763 0.4794384 0.4449869 0.4355686 0.4407978 0.4325190 0.4506771 0.4486998 0.5077708 0.4724830 0.4502489 0.5050414 0.2066484 0.0000000 0.1649584 0.4932198 0.5094003 0.5103435 0.5119035 0.5240712 0.4989379 0.5051505 0.4857075 0.5043235 0.5093453 0.5185739 0.4464873 0.4975033 0.4391121 0.5726782 0.5217674 0.6432758 0.6719497 0.5573508 0.5379143 0.5784325 0.5199221 0.5189399 0.5778135 0.5339806 0.5053139 0.5333442 0.5444310 0.6051872 1.2517548 1.0304417 1.0489113 2.0186730 
Phalangeridae     0.3974100 0.4020264 0.4848847 0.4804893 0.4599362 0.4360511 0.4165111 0.4463173 0.4390306 0.4703108 0.4890346 0.5382462 0.4453208 0.4384903 0.5086983 0.1872395 0.1649584 0.0000000 0.5186128 0.5307507 0.5172419 0.5397957 0.5494321 0.5369609 0.5312232 0.5173508 0.5219755 0.5556739 0.5542861 0.4687771 0.5180404 0.4503736 0.6135558 0.5494515 0.6590312 0.7393147 0.6151829 0.5506786 0.5715034 0.5497966 0.5233875 0.5933171 0.5562327 0.5273441 0.5516193 0.5498239 0.6148881 1.2416807 1.0094087 1.0193334 1.9922370 
Tityridae         0.5128401 0.5305080 0.5422390 0.5295905 0.5830600 0.5030853 0.4842325 0.5184273 0.4924762 0.5489616 0.5149954 0.6400032 0.5239028 0.5047762 0.6260030 0.4963291 0.4932198 0.5186128 0.0000000 0.0630703 0.0820436 0.0917179 0.0866840 0.0722616 0.0717119 0.0658975 0.0696429 0.0781048 0.1131708 0.2315014 0.2789524 0.2246777 0.4070537 0.3655372 0.4752062 0.5079351 0.3914038 0.3436068 0.4721899 0.4529937 0.4349836 0.4577450 0.4417388 0.4195789 0.4456339 0.4317214 0.4749647 1.1067577 0.8908178 0.8789818 1.9075855 
Ptilonorhynchidae 0.5184458 0.5320612 0.5600047 0.5533752 0.6180690 0.5236142 0.5026221 0.5443390 0.4895160 0.5775816 0.5613801 0.6694895 0.5542868 0.5212629 0.6312606 0.5060947 0.5094003 0.5307507 0.0630703 0.0000000 0.0660494 0.0712917 0.0666354 0.0578389 0.0545090 0.0515784 0.0578961 0.0581420 0.1051865 0.2183207 0.2865912 0.2361065 0.3981962 0.3713893 0.4658697 0.5091282 0.3918902 0.3638430 0.4937222 0.4587312 0.4461181 0.4676579 0.4660034 0.4459565 0.4662516 0.4550486 0.4917557 1.1534063 0.9157884 0.8884914 1.9907536 
Callaeatidae      0.5171139 0.5304997 0.5624028 0.5518473 0.6319349 0.5412564 0.5107425 0.5754945 0.5083101 0.5885090 0.5713054 0.6913278 0.5573688 0.5309479 0.6278713 0.5152621 0.5103435 0.5172419 0.0820436 0.0660494 0.0000000 0.0739584 0.0719279 0.0630752 0.0651968 0.0555927 0.0619524 0.0688545 0.1213645 0.2368417 0.3006798 0.2465799 0.3895783 0.3908632 0.4531629 0.5379682 0.4225929 0.3753598 0.5180886 0.4757992 0.4810272 0.4876185 0.4778033 0.4608346 0.4778207 0.4591112 0.5024568 1.1664795 0.9473555 0.9184021 1.9776928 
Monarchidae       0.5571151 0.5605740 0.5927786 0.5874805 0.6472163 0.5656224 0.5358856 0.5799500 0.5186164 0.6097128 0.5958822 0.7308769 0.5732974 0.5604878 0.6431634 0.5434686 0.5119035 0.5397957 0.0917179 0.0712917 0.0739584 0.0000000 0.0442934 0.0751813 0.0746590 0.0687742 0.0725419 0.0810924 0.1316905 0.2648666 0.3202930 0.2646173 0.4411177 0.4155895 0.4905694 0.5698460 0.4208332 0.4141020 0.5211116 0.4761497 0.4488210 0.4784441 0.4689097 0.4540926 0.4805624 0.4578176 0.5038515 1.1631420 0.9742051 0.9442226 2.0154327 
Malaconotidae     0.5624214 0.5694377 0.5978179 0.5839192 0.6512622 0.5820586 0.5412299 0.5919283 0.5498638 0.6173121 0.5948617 0.7297677 0.5970244 0.5679047 0.6472795 0.5425010 0.5240712 0.5494321 0.0866840 0.0666354 0.0719279 0.0442934 0.0000000 0.0625232 0.0606250 0.0588904 0.0678679 0.0735282 0.1215027 0.2529396 0.3134368 0.2525538 0.4223152 0.3979332 0.4921691 0.5421979 0.4235163 0.3892886 0.5101293 0.4725317 0.4492705 0.4743553 0.4764194 0.4561760 0.4766299 0.4526501 0.4815382 1.1394381 0.9500372 0.9137694 1.9898437 
Certhiidae        0.5410048 0.5635367 0.5688376 0.5785483 0.6406530 0.5608738 0.5227611 0.5743951 0.5164506 0.5844119 0.5907438 0.6897046 0.5656946 0.5460501 0.6451581 0.5077926 0.4989379 0.5369609 0.0722616 0.0578389 0.0630752 0.0751813 0.0625232 0.0000000 0.0376257 0.0311299 0.0410439 0.0463140 0.1076854 0.2286021 0.2827469 0.2202253 0.4023463 0.3771708 0.4636124 0.5252952 0.3996620 0.3764031 0.4938719 0.4464620 0.4346094 0.4680676 0.4552209 0.4393651 0.4665943 0.4376556 0.4800920 1.1134306 0.9297573 0.8900035 1.9728857 
Cinclidae         0.5592018 0.5757593 0.5720603 0.5699784 0.6310581 0.5591048 0.5314017 0.5621226 0.5056690 0.5739809 0.5830409 0.6941306 0.5592337 0.5439540 0.6460298 0.5099200 0.5051505 0.5312232 0.0717119 0.0545090 0.0651968 0.0746590 0.0606250 0.0376257 0.0000000 0.0314895 0.0402036 0.0415542 0.1118069 0.2396151 0.3090345 0.2366940 0.4255378 0.3938413 0.4838646 0.5335788 0.3955818 0.3747416 0.5161989 0.4715203 0.4496817 0.4814128 0.4735711 0.4529196 0.4851602 0.4511383 0.5023033 1.1456501 0.9199100 0.8924514 1.9740043 
Ploceidae         0.5229057 0.5369914 0.5575325 0.5453851 0.6132584 0.5242725 0.5131614 0.5419228 0.5046704 0.5601512 0.5638026 0.6532352 0.5593979 0.5200658 0.6051529 0.4948732 0.4857075 0.5173508 0.0658975 0.0515784 0.0555927 0.0687742 0.0588904 0.0311299 0.0314895 0.0000000 0.0225572 0.0389051 0.1081289 0.2303283 0.2799082 0.2269954 0.4078741 0.3775628 0.4492867 0.5174776 0.3897056 0.3700021 0.4863569 0.4353517 0.4305624 0.4551504 0.4428616 0.4292129 0.4557995 0.4327697 0.4744342 1.1360698 0.9228562 0.8876946 1.9088686 
Thraupidae        0.5405933 0.5547799 0.5549529 0.5508249 0.6129149 0.5398154 0.5220701 0.5604237 0.5014575 0.5678098 0.5600117 0.6761810 0.5672050 0.5271311 0.6312948 0.4930539 0.5043235 0.5219755 0.0696429 0.0578961 0.0619524 0.0725419 0.0678679 0.0410439 0.0402036 0.0225572 0.0000000 0.0451234 0.1149915 0.2366085 0.2800798 0.2325741 0.4205751 0.3945784 0.4608958 0.5344823 0.4005591 0.3821028 0.5071845 0.4700175 0.4496395 0.4809503 0.4693250 0.4546589 0.4713061 0.4510770 0.4751605 1.1639434 0.9423557 0.9137141 1.9221117 
Alaudidae         0.5454123 0.5507593 0.5759092 0.5668309 0.6415493 0.5493996 0.5331402 0.5659992 0.5137910 0.5688133 0.5709698 0.6774773 0.5726427 0.5389836 0.6516870 0.5319536 0.5093453 0.5556739 0.0781048 0.0581420 0.0688545 0.0810924 0.0735282 0.0463140 0.0415542 0.0389051 0.0451234 0.0000000 0.1125745 0.2403804 0.2859152 0.2326583 0.4131326 0.3954262 0.4760999 0.5169198 0.4087378 0.3882562 0.5094062 0.4600483 0.4513446 0.4692208 0.4562236 0.4435967 0.4769699 0.4472997 0.4858953 1.1777652 0.9525502 0.9156469 1.9469748 
Coraciiformes     0.5575544 0.5523810 0.6015739 0.5595831 0.6305475 0.5686891 0.5385943 0.5896012 0.5239292 0.5536778 0.5689721 0.6674282 0.6100097 0.5601819 0.6741675 0.5369433 0.5185739 0.5542861 0.1131708 0.1051865 0.1213645 0.1316905 0.1215027 0.1076854 0.1118069 0.1081289 0.1149915 0.1125745 0.0000000 0.2447779 0.2940312 0.2398804 0.3948180 0.4047206 0.4888454 0.5150868 0.3998797 0.3819200 0.5013377 0.4516186 0.4616450 0.4761879 0.4756997 0.4605071 0.4791234 0.4515262 0.5225098 1.1378217 0.9486673 0.9049139 2.0162075 
Crocodylidae      0.4820583 0.4957267 0.5607286 0.5475836 0.5721498 0.5094388 0.5133204 0.5227833 0.4826287 0.5588618 0.5283702 0.5852512 0.5488487 0.5116944 0.6022389 0.4708472 0.4464873 0.4687771 0.2315014 0.2183207 0.2368417 0.2648666 0.2529396 0.2286021 0.2396151 0.2303283 0.2366085 0.2403804 0.2447779 0.0000000 0.2606164 0.1966266 0.3691926 0.3532281 0.4589379 0.4909029 0.3631745 0.3366191 0.4089669 0.3796781 0.3891679 0.4163229 0.4056575 0.3586506 0.3775400 0.3582877 0.4461031 1.0164919 0.7631677 0.7700591 1.9065307 
Carettochelyidae  0.5422055 0.5632554 0.5575228 0.5806301 0.6148580 0.5780168 0.5337344 0.5917996 0.5725150 0.5691804 0.5828370 0.6395752 0.5832636 0.5449923 0.6480125 0.5021262 0.4975033 0.5180404 0.2789524 0.2865912 0.3006798 0.3202930 0.3134368 0.2827469 0.3090345 0.2799082 0.2800798 0.2859152 0.2940312 0.2606164 0.0000000 0.1844374 0.3875401 0.3562513 0.4895597 0.5129572 0.3617148 0.3443771 0.4847120 0.4496769 0.4753849 0.4789476 0.4659344 0.4628385 0.4423917 0.4383074 0.5154579 1.1079487 0.8741022 0.8470899 1.9071045 
Kinosternidae     0.5009736 0.5217710 0.5851096 0.5467299 0.5627401 0.5228026 0.5201680 0.5302851 0.5196882 0.5475885 0.5399750 0.6253796 0.5261215 0.5083394 0.6147262 0.4335870 0.4391121 0.4503736 0.2246777 0.2361065 0.2465799 0.2646173 0.2525538 0.2202253 0.2366940 0.2269954 0.2325741 0.2326583 0.2398804 0.1966266 0.1844374 0.0000000 0.3733723 0.3533774 0.4647727 0.4662519 0.3408798 0.3182518 0.4236577 0.3901621 0.4151182 0.4527161 0.4404233 0.3891871 0.3900357 0.3850215 0.4609480 1.1360089 0.8487536 0.8400947 1.8521648 
Anomalepididae    0.6154408 0.6373007 0.6771199 0.6539258 0.6977741 0.6312066 0.6288041 0.6691831 0.6592784 0.6500405 0.6427072 0.7206131 0.6514582 0.6391170 0.6982796 0.6045119 0.5726782 0.6135558 0.4070537 0.3981962 0.3895783 0.4411177 0.4223152 0.4023463 0.4255378 0.4078741 0.4205751 0.4131326 0.3948180 0.3691926 0.3875401 0.3733723 0.0000000 0.2597548 0.3822275 0.4239753 0.3515219 0.3292797 0.5201244 0.4959187 0.5407123 0.4984181 0.4885847 0.4969630 0.4990916 0.4980992 0.5838935 1.2236788 0.9985749 0.9631033 2.0235855 
Loxocemidae       0.5483227 0.5528544 0.6203184 0.5899956 0.6678423 0.5596882 0.5283984 0.5747236 0.5568383 0.6040127 0.6013405 0.6570410 0.5512060 0.5544326 0.6681906 0.5632587 0.5217674 0.5494515 0.3655372 0.3713893 0.3908632 0.4155895 0.3979332 0.3771708 0.3938413 0.3775628 0.3945784 0.3954262 0.4047206 0.3532281 0.3562513 0.3533774 0.2597548 0.0000000 0.2322678 0.4085701 0.3268308 0.2884859 0.4322676 0.4283005 0.4510700 0.4146905 0.4203226 0.4166581 0.4305912 0.4193172 0.4874282 1.1583729 0.9298885 0.9202817 2.0539232 
Natricidae        0.6876092 0.6387852 0.7777689 0.7411867 0.8059651 0.6872957 0.6538791 0.6871482 0.6952385 0.6717292 0.6829750 0.7734454 0.6420469 0.6503931 0.7239872 0.6038970 0.6432758 0.6590312 0.4752062 0.4658697 0.4531629 0.4905694 0.4921691 0.4636124 0.4838646 0.4492867 0.4608958 0.4760999 0.4888454 0.4589379 0.4895597 0.4647727 0.3822275 0.2322678 0.0000000 0.5069596 0.4462068 0.4265218 0.5900515 0.5513782 0.5985174 0.5639065 0.5627160 0.5552425 0.5558633 0.5525227 0.6261131 1.2647515 1.0344927 1.0413540 2.0260878 
Xenosauridae      0.7250724 0.7215212 0.7377784 0.7506758 0.7979762 0.7340041 0.7398028 0.7756352 0.7676554 0.6975201 0.7686626 0.8388748 0.7172628 0.7239450 0.8181389 0.6457497 0.6719497 0.7393147 0.5079351 0.5091282 0.5379682 0.5698460 0.5421979 0.5252952 0.5335788 0.5174776 0.5344823 0.5169198 0.5150868 0.4909029 0.5129572 0.4662519 0.4239753 0.4085701 0.5069596 0.0000000 0.4733397 0.4176987 0.6404855 0.5744543 0.5991572 0.5622318 0.5486534 0.5409771 0.5708878 0.5522490 0.6598083 1.3402898 1.0420761 1.0098682 2.2714486 
Teiidae           0.6157449 0.6623403 0.6589287 0.6549432 0.6632525 0.6438732 0.6109081 0.6310965 0.6046231 0.6703585 0.6311961 0.7045176 0.6243600 0.6247434 0.6850330 0.5319926 0.5573508 0.6151829 0.3914038 0.3918902 0.4225929 0.4208332 0.4235163 0.3996620 0.3955818 0.3897056 0.4005591 0.4087378 0.3998797 0.3631745 0.3617148 0.3408798 0.3515219 0.3268308 0.4462068 0.4733397 0.0000000 0.3219568 0.5278888 0.5046023 0.5129745 0.5173502 0.5158234 0.4797308 0.5009629 0.4900829 0.5948775 1.2952004 1.0738003 1.0429637 2.0690235 
Eublepharidae     0.5293005 0.5810581 0.6304354 0.6063253 0.6124141 0.5732977 0.5479710 0.5857754 0.5925610 0.6090155 0.6216561 0.6781018 0.5740807 0.5910380 0.6426815 0.5284865 0.5379143 0.5506786 0.3436068 0.3638430 0.3753598 0.4141020 0.3892886 0.3764031 0.3747416 0.3700021 0.3821028 0.3882562 0.3819200 0.3366191 0.3443771 0.3182518 0.3292797 0.2884859 0.4265218 0.4176987 0.3219568 0.0000000 0.4504826 0.4234347 0.4481386 0.4397951 0.4481469 0.4121131 0.4202732 0.4122255 0.4920260 1.2388786 0.9678740 0.9578977 2.0196864 
Dicamptodontidae  0.6020195 0.6115236 0.6281806 0.6370089 0.5941397 0.5796855 0.5712885 0.6436280 0.6006220 0.6408487 0.6106863 0.6384403 0.6218564 0.5888572 0.6534600 0.5625497 0.5784325 0.5715034 0.4721899 0.4937222 0.5180886 0.5211116 0.5101293 0.4938719 0.5161989 0.4863569 0.5071845 0.5094062 0.5013377 0.4089669 0.4847120 0.4236577 0.5201244 0.4322676 0.5900515 0.6404855 0.5278888 0.4504826 0.0000000 0.2459947 0.2320845 0.2210386 0.2173934 0.2114283 0.1962120 0.2113105 0.3249486 1.0332463 0.8640389 0.8734355 1.9455137 
Alytidae          0.5273247 0.5206101 0.6013845 0.5836099 0.5898653 0.5270824 0.5479009 0.5835076 0.5616610 0.5839303 0.5580938 0.5795831 0.5460814 0.5524578 0.6191449 0.5263888 0.5199221 0.5497966 0.4529937 0.4587312 0.4757992 0.4761497 0.4725317 0.4464620 0.4715203 0.4353517 0.4700175 0.4600483 0.4516186 0.3796781 0.4496769 0.3901621 0.4959187 0.4283005 0.5513782 0.5744543 0.5046023 0.4234347 0.2459947 0.0000000 0.2152527 0.2153155 0.2082108 0.1825292 0.1813129 0.1896403 0.3182597 1.0896177 0.8523540 0.8342256 1.9139839 
Heleophrynidae    0.5326247 0.5555062 0.5809932 0.6070485 0.5767028 0.5445597 0.5703589 0.6010258 0.5628405 0.6002877 0.6035707 0.6343175 0.5821613 0.5689554 0.6484325 0.4977472 0.5189399 0.5233875 0.4349836 0.4461181 0.4810272 0.4488210 0.4492705 0.4346094 0.4496817 0.4305624 0.4496395 0.4513446 0.4616450 0.3891679 0.4753849 0.4151182 0.5407123 0.4510700 0.5985174 0.5991572 0.5129745 0.4481386 0.2320845 0.2152527 0.0000000 0.1553780 0.1427766 0.1219218 0.1245546 0.1257119 0.3160259 1.1434140 0.8885710 0.8756824 2.0561221 
Leptodactylidae   0.5945127 0.5990060 0.5995774 0.6504896 0.6044449 0.5833770 0.6066722 0.6679893 0.5943526 0.6104265 0.6383435 0.6576051 0.6184731 0.5935293 0.6821645 0.5526267 0.5778135 0.5933171 0.4577450 0.4676579 0.4876185 0.4784441 0.4743553 0.4680676 0.4814128 0.4551504 0.4809503 0.4692208 0.4761879 0.4163229 0.4789476 0.4527161 0.4984181 0.4146905 0.5639065 0.5622318 0.5173502 0.4397951 0.2210386 0.2153155 0.1553780 0.0000000 0.0619454 0.1219172 0.1232342 0.1313639 0.3380211 1.0974979 0.8929440 0.8696337 1.9560962 
Strabomantidae    0.5402558 0.5760043 0.5821450 0.6035275 0.5797934 0.5478368 0.5580868 0.6306170 0.5747108 0.5941269 0.5941919 0.5991458 0.5696842 0.5840847 0.6392605 0.5203900 0.5339806 0.5562327 0.4417388 0.4660034 0.4778033 0.4689097 0.4764194 0.4552209 0.4735711 0.4428616 0.4693250 0.4562236 0.4756997 0.4056575 0.4659344 0.4404233 0.4885847 0.4203226 0.5627160 0.5486534 0.5158234 0.4481469 0.2173934 0.2082108 0.1427766 0.0619454 0.0000000 0.1093640 0.1091945 0.1187428 0.3101920 1.0684122 0.9057976 0.8754013 1.8985670 
Micrixalidae      0.5420935 0.5662756 0.6027068 0.6072762 0.5801278 0.5523264 0.5552811 0.6120484 0.5713449 0.5815397 0.5997851 0.6005190 0.5864653 0.5714521 0.6301328 0.4817422 0.5053139 0.5273441 0.4195789 0.4459565 0.4608346 0.4540926 0.4561760 0.4393651 0.4529196 0.4292129 0.4546589 0.4435967 0.4605071 0.3586506 0.4628385 0.3891871 0.4969630 0.4166581 0.5552425 0.5409771 0.4797308 0.4121131 0.2114283 0.1825292 0.1219218 0.1219172 0.1093640 0.0000000 0.0710905 0.0713998 0.2866715 1.0590949 0.8606518 0.8668474 1.9352672 
Hemisotidae       0.5860916 0.5781117 0.6180223 0.6343849 0.6182382 0.5572210 0.5621578 0.6400440 0.6033617 0.5903219 0.5954099 0.6237198 0.5945521 0.5885870 0.6486479 0.4921857 0.5333442 0.5516193 0.4456339 0.4662516 0.4778207 0.4805624 0.4766299 0.4665943 0.4851602 0.4557995 0.4713061 0.4769699 0.4791234 0.3775400 0.4423917 0.3900357 0.4990916 0.4305912 0.5558633 0.5708878 0.5009629 0.4202732 0.1962120 0.1813129 0.1245546 0.1232342 0.1091945 0.0710905 0.0000000 0.0799053 0.2887965 1.1013480 0.8871707 0.8749947 1.9370324 
Asterophryidae    0.5534720 0.5694531 0.5553250 0.5895777 0.5855736 0.5575970 0.5641742 0.6127204 0.5721121 0.5759502 0.5986468 0.6084907 0.5670092 0.5588162 0.6309229 0.5110034 0.5444310 0.5498239 0.4317214 0.4550486 0.4591112 0.4578176 0.4526501 0.4376556 0.4511383 0.4327697 0.4510770 0.4472997 0.4515262 0.3582877 0.4383074 0.3850215 0.4980992 0.4193172 0.5525227 0.5522490 0.4900829 0.4122255 0.2113105 0.1896403 0.1257119 0.1313639 0.1187428 0.0713998 0.0799053 0.0000000 0.2919152 1.0570348 0.8753366 0.8714596 1.8792671 
Caeciliidae2      0.6238821 0.6699641 0.6895466 0.6435825 0.6572183 0.6312880 0.6277727 0.7120787 0.6968213 0.6503537 0.6627236 0.7398541 0.6455626 0.6807266 0.7623637 0.5932455 0.6051872 0.6148881 0.4749647 0.4917557 0.5024568 0.5038515 0.4815382 0.4800920 0.5023033 0.4744342 0.4751605 0.4858953 0.5225098 0.4461031 0.5154579 0.4609480 0.5838935 0.4874282 0.6261131 0.6598083 0.5948775 0.4920260 0.3249486 0.3182597 0.3160259 0.3380211 0.3101920 0.2866715 0.2887965 0.2919152 0.0000000 1.2224308 0.9565424 0.9805192 2.0453539 
Polypteriformes   1.3350706 1.3131534 1.4391003 1.4224691 1.4274854 1.3331808 1.3227007 1.4569851 1.3598128 1.3393884 1.3680322 1.3796853 1.3493481 1.3919586 1.4737781 1.2707203 1.2517548 1.2416807 1.1067577 1.1534063 1.1664795 1.1631420 1.1394381 1.1134306 1.1456501 1.1360698 1.1639434 1.1777652 1.1378217 1.0164919 1.1079487 1.1360089 1.2236788 1.1583729 1.2647515 1.3402898 1.2952004 1.2388786 1.0332463 1.0896177 1.1434140 1.0974979 1.0684122 1.0590949 1.1013480 1.0570348 1.2224308 0.0000000 0.9529135 0.9074731 2.3306838 
Channichthyidae   1.0408571 1.0435278 1.1087785 1.0868027 1.1238872 1.0774899 1.0366117 1.0841995 1.0740114 1.0805689 1.1126694 1.1207272 1.0289426 1.1113228 1.1688230 1.0006677 1.0304417 1.0094087 0.8908178 0.9157884 0.9473555 0.9742051 0.9500372 0.9297573 0.9199100 0.9228562 0.9423557 0.9525502 0.9486673 0.7631677 0.8741022 0.8487536 0.9985749 0.9298885 1.0344927 1.0420761 1.0738003 0.9678740 0.8640389 0.8523540 0.8885710 0.8929440 0.9057976 0.8606518 0.8871707 0.8753366 0.9565424 0.9529135 0.0000000 0.0778965 2.3415014 
Pseudaphritidae   1.0095092 1.0147458 1.1013879 1.0635825 1.0718290 1.0506962 1.0143583 1.0958448 1.0803820 1.0822490 1.0889589 1.1075620 1.0086590 1.0893992 1.1061930 1.0313987 1.0489113 1.0193334 0.8789818 0.8884914 0.9184021 0.9442226 0.9137694 0.8900035 0.8924514 0.8876946 0.9137141 0.9156469 0.9049139 0.7700591 0.8470899 0.8400947 0.9631033 0.9202817 1.0413540 1.0098682 1.0429637 0.9578977 0.8734355 0.8342256 0.8756824 0.8696337 0.8754013 0.8668474 0.8749947 0.8714596 0.9805192 0.9074731 0.0778965 0.0000000 2.2374292 
Carcharhinidae    2.0353022 2.0355179 2.1628861 2.1321515 2.1918857 2.1264890 2.0770140 2.1358065 2.1382474 2.1285198 2.1996063 2.3124476 2.0660032 2.0784703 2.1653787 2.0406264 2.0186730 1.9922370 1.9075855 1.9907536 1.9776928 2.0154327 1.9898437 1.9728857 1.9740043 1.9088686 1.9221117 1.9469748 2.0162075 1.9065307 1.9071045 1.8521648 2.0235855 2.0539232 2.0260878 2.2714486 2.0690235 2.0196864 1.9455137 1.9139839 2.0561221 1.9560962 1.8985670 1.9352672 1.9370324 1.8792671 2.0453539 2.3306838 2.3415014 2.2374292 0.0000000 
