51
Pitheciidae       0.0000000 0.4314907 0.3849701 0.3899113 0.3929847 0.3317517 0.5683477 0.4656485 0.4863712 0.5990415 0.5422236 0.5787500 0.5229625 0.5047063 0.5952653 1.1676353 1.0739167 1.0458223 1.3634588 1.3849969 1.3767400 1.3738059 1.4482674 1.3282861 1.3226684 1.3255010 1.3554399 1.3326856 1.3957706 1.3091352 1.3698442 1.3693259 1.6605130 1.6653068 1.5140430 1.8162039 1.5142130 1.7257130 1.8017302 1.6663403 1.7941523 2.0160856 1.9041497 1.9409175 1.8898409 1.9190362 1.8036713 2.4122958 1.7173585 1.7154570 2.6870741 
Scandentia        0.4314907 0.0000000 0.4187217 0.4141910 0.4426702 0.3763916 0.5720129 0.4630520 0.4634735 0.5866295 0.5910449 0.5824287 0.5485523 0.5128423 0.6241111 1.2821042 1.1460533 1.1506372 1.5845257 1.6083407 1.6169818 1.6170070 1.6288388 1.5322694 1.5354643 1.5492886 1.5732101 1.5472845 1.6522945 1.4766865 1.5738828 1.5710760 1.8025816 1.8143372 1.7146261 1.8517978 1.7302987 1.8532039 1.8953159 1.8939508 1.9942671 2.2080711 2.0265672 2.0859448 2.1143433 2.1340070 1.9773201 2.5612466 1.9720664 1.9569454 2.7253667 
Erethizontidae    0.3849701 0.4187217 0.0000000 0.1026220 0.3337942 0.2724106 0.5388352 0.4273753 0.4440830 0.5601134 0.5203181 0.5339345 0.5089504 0.4650685 0.5888480 1.2085940 1.0600211 1.0649987 1.4091832 1.4412383 1.4716740 1.4665544 1.5390928 1.4355727 1.4025208 1.4188098 1.4435113 1.3862333 1.4616899 1.3423811 1.4494025 1.4355863 1.6643871 1.7175273 1.6048333 1.7797801 1.5641113 1.6868011 1.7638123 1.6897192 1.8968754 2.1048690 1.9829980 1.9089472 1.9596758 2.0001900 1.9136297 2.4510756 1.7747795 1.7950622 2.6744297 
Capromyidae       0.3899113 0.4141910 0.1026220 0.0000000 0.3476589 0.2917753 0.5528253 0.4301013 0.4520426 0.5770605 0.5337885 0.5390711 0.5128129 0.4797329 0.5713689 1.1936025 1.0813880 1.0686921 1.4444955 1.4685925 1.4870588 1.4961511 1.5755112 1.4608111 1.4417922 1.4389586 1.4714681 1.4224443 1.5096678 1.3867681 1.4671996 1.4701190 1.6574952 1.7378975 1.6092050 1.8082220 1.5740777 1.7175612 1.7425653 1.6448045 1.9032164 2.0671535 1.9245639 1.8888720 1.9497337 1.9456467 1.8574558 2.4653798 1.8110744 1.8248808 2.6628649 
Muridae           0.3929847 0.4426702 0.3337942 0.3476589 0.0000000 0.2751769 0.5740016 0.4332708 0.4447625 0.5682599 0.5641883 0.5829421 0.5285882 0.4876125 0.6026437 1.1829217 1.0762748 1.0673841 1.5065350 1.4906331 1.4846112 1.5170764 1.5600607 1.4361229 1.4447934 1.4357347 1.4583954 1.4353193 1.5344460 1.4108575 1.4894418 1.4610127 1.7311180 1.7911200 1.6324783 1.8740532 1.5133901 1.7166308 1.7758336 1.7306085 1.9772773 2.1561454 2.0198500 1.9608849 1.9841514 2.0762426 1.9195923 2.4694179 1.8938614 1.8846070 2.6488375 
Castoridae        0.3317517 0.3763916 0.2724106 0.2917753 0.2751769 0.0000000 0.4977835 0.3884194 0.4051633 0.5221320 0.4908286 0.5136654 0.4760527 0.4436089 0.5315484 1.1433136 1.0073794 1.0062298 1.4380199 1.4454627 1.4432681 1.4698550 1.5071818 1.4073469 1.4035729 1.4066190 1.4223910 1.4081361 1.4804354 1.3362835 1.4121225 1.4166072 1.6809793 1.6875480 1.5554943 1.8065023 1.5206853 1.6765654 1.7427080 1.6851861 1.8447434 2.0622175 1.8815101 1.9353342 1.9042449 1.9671412 1.9217724 2.3550573 1.7942513 1.7961776 2.6222690 
Suidae            0.5683477 0.5720129 0.5388352 0.5528253 0.5740016 0.4977835 0.0000000 0.3515225 0.3921971 0.6035854 0.5855643 0.6127753 0.5771306 0.5278125 0.7428776 1.2180214 1.1459175 1.1853634 1.5293301 1.5993781 1.6066046 1.5952952 1.6117694 1.5822873 1.5416139 1.5513990 1.5596054 1.5181604 1.5923235 1.5004416 1.5753844 1.5600089 1.8050176 1.8678864 1.7068861 1.9214946 1.6996486 1.7945351 1.9315588 1.7586395 2.0219527 2.1400393 1.9507401 2.0170718 1.9908071 2.0978021 1.9943131 2.5177292 1.9207096 1.9203449 2.6566303 
Hippopotamidae    0.4656485 0.4630520 0.4273753 0.4301013 0.4332708 0.3884194 0.3515225 0.0000000 0.2233688 0.5040442 0.5031794 0.4868972 0.4592757 0.4091632 0.6272944 1.1903970 1.0886848 1.1097121 1.4614337 1.4913087 1.5138973 1.5558165 1.5360314 1.4696101 1.4527621 1.4821770 1.4884534 1.4444740 1.5020926 1.3868501 1.4605842 1.4537778 1.7449345 1.7977619 1.6473037 1.9159503 1.5696488 1.6496091 1.8616579 1.7700772 2.0158668 2.1113837 1.9525778 1.9230770 1.9363080 2.0192681 1.9411087 2.5289355 1.8732779 1.8752227 2.7129082 
Hyperoodontidae   0.4863712 0.4634735 0.4440830 0.4520426 0.4447625 0.4051633 0.3921971 0.2233688 0.0000000 0.5227930 0.5253734 0.5186156 0.4791335 0.4352642 0.6257367 1.2021825 1.1144954 1.1274295 1.4847422 1.5248428 1.5534677 1.5452129 1.5693600 1.4876112 1.4768468 1.4881502 1.4834946 1.4546026 1.5499276 1.4035183 1.4496179 1.4497489 1.7374290 1.7892149 1.6146839 1.8455077 1.5843334 1.7210020 1.7954129 1.7710763 1.9463959 2.1256979 1.9749134 1.9728297 1.9497365 2.0005862 1.8904147 2.4600998 1.8840230 1.8455696 2.6289489 
Vespertilionidae  0.5990415 0.5866295 0.5601134 0.5770605 0.5682599 0.5221320 0.6035854 0.5040442 0.5227930 0.0000000 0.3817515 0.4242374 0.5707298 0.5632920 0.7476649 1.3901712 1.2863778 1.3384712 1.5882824 1.6418251 1.6385877 1.6370928 1.6664672 1.5781260 1.5795720 1.6034091 1.5894226 1.5512705 1.6663082 1.5179914 1.6020835 1.5903619 1.8961271 1.8780149 1.7832227 2.0674682 1.8009730 1.8988403 2.0835214 1.9416479 2.1024144 2.2390610 2.1736954 2.1820041 2.1016005 2.2281105 2.0670541 2.6054106 2.0600570 2.0670344 3.0349432 
Furipteridae      0.5422236 0.5910449 0.5203181 0.5337885 0.5641883 0.4908286 0.5855643 0.5031794 0.5253734 0.3817515 0.0000000 0.4271143 0.5498759 0.5304955 0.7244794 1.3138173 1.2652782 1.3047770 1.5801177 1.6101932 1.6030161 1.6342701 1.6617658 1.5991200 1.5676953 1.6122860 1.5956333 1.5719415 1.6477918 1.4611188 1.5461415 1.5782386 1.8006393 1.8709688 1.7509606 1.9535054 1.6694629 1.8608424 2.0200965 1.9139529 2.1284534 2.1683258 2.1549225 2.1215845 2.0957330 2.2674769 2.0716069 2.6818294 2.0474832 2.0403462 3.0075903 
Rhinolophidae     0.5787500 0.5824287 0.5339345 0.5390711 0.5829421 0.5136654 0.6127753 0.4868972 0.5186156 0.4242374 0.4271143 0.0000000 0.5353968 0.5284615 0.7166133 1.4208798 1.2489993 1.3322499 1.5747147 1.6198084 1.6207032 1.6128175 1.6379333 1.5769044 1.5407143 1.5876177 1.5925267 1.5697051 1.6013060 1.4760844 1.5552691 1.5968468 1.7870947 1.8415785 1.7364862 1.9986435 1.7152880 1.8938987 1.9618408 1.8310246 1.9463703 2.1921321 2.1708985 2.1221585 2.0235411 2.0993835 2.0044085 2.6247009 1.9610836 1.9962308 2.9427466 
Viverridae        0.5229625 0.5485523 0.5089504 0.5128129 0.5285882 0.4760527 0.5771306 0.4592757 0.4791335 0.5707298 0.5498759 0.5353968 0.0000000 0.2922844 0.6878969 1.2795678 1.1343602 1.1316263 1.4571805 1.5235055 1.5272376 1.5607234 1.5728878 1.4970038 1.5093140 1.4868528 1.4893598 1.5008588 1.5684416 1.4396382 1.4945927 1.4760835 1.7602081 1.8628884 1.7092904 1.8616768 1.6220102 1.7280041 1.8253200 1.7403786 1.8963860 2.1251192 1.9630630 1.9588927 1.9320998 1.9842302 1.9179765 2.4749947 1.8162473 1.8178488 2.7179915 
Procyonidae       0.5047063 0.5128423 0.4650685 0.4797329 0.4876125 0.4436089 0.5278125 0.4091632 0.4352642 0.5632920 0.5304955 0.5284615 0.2922844 0.0000000 0.6631167 1.2855189 1.1624622 1.1679978 1.4986197 1.5439493 1.5270782 1.5279390 1.5713832 1.5097038 1.5069456 1.4881011 1.5000826 1.4789991 1.5460245 1.4419635 1.4829295 1.5385920 1.7260924 1.8261953 1.6942784 1.9262806 1.6081847 1.7444666 1.8435196 1.7055881 1.9805484 2.1111813 1.9660275 2.0248221 1.9671780 2.0518231 1.9087068 2.4612284 1.8012352 1.8113232 2.7560082 
Myrmecophagidae   0.5952653 0.6241111 0.5888480 0.5713689 0.6026437 0.5315484 0.7428776 0.6272944 0.6257367 0.7476649 0.7244794 0.7166133 0.6878969 0.6631167 0.0000000 1.3422815 1.2314164 1.1861115 1.5931626 1.5862780 1.6224187 1.6148972 1.6350515 1.5722482 1.5378176 1.5453866 1.5881483 1.5079891 1.6182893 1.5085396 1.6143901 1.6443417 1.8318674 1.7881909 1.7250738 1.9929412 1.6799658 1.9239221 1.9243764 1.9220873 2.0722018 2.1900457 2.0405469 2.0379030 2.0447230 2.1053043 2.0565429 2.5613952 1.8796184 1.8604936 2.5968351 
Caluromyidae      1.1676353 1.2821042 1.2085940 1.1936025 1.1829217 1.1433136 1.2180214 1.1903970 1.2021825 1.3901712 1.3138173 1.4208798 1.2795678 1.2855189 1.3422815 0.0000000 0.5828811 0.5798306 1.7253366 1.7096518 1.7216209 1.7430058 1.8243758 1.7705854 1.7251820 1.7328788 1.7592931 1.7376731 1.8087047 1.6963378 1.7432780 1.7829889 2.0431087 2.0956915 1.9899157 2.1109655 1.8579388 2.0760415 2.0104111 2.0368155 2.2095328 2.2083189 2.1698687 2.1414206 2.0438199 2.2278862 2.0378485 2.5087805 1.9576643 1.9767593 2.9412771 
Thylacomyidae     1.0739167 1.1460533 1.0600211 1.0813880 1.0762748 1.0073794 1.1459175 1.0886848 1.1144954 1.2863778 1.2652782 1.2489993 1.1343602 1.1624622 1.2314164 0.5828811 0.0000000 0.3698468 1.7014706 1.6752959 1.7075467 1.7296839 1.7617472 1.7184984 1.6899077 1.6852351 1.7066508 1.6895511 1.7487346 1.6537105 1.6584946 1.6585272 2.0894008 2.1156677 1.9363995 2.2213874 1.9222821 1.9367513 1.9594628 2.0369894 2.0513498 2.2346420 2.2251790 2.0231647 1.9578156 2.1033462 2.0346560 2.5204330 1.9230530 1.9638091 2.9015236 
Phalangeridae     1.0458223 1.1506372 1.0649987 1.0686921 1.0673841 1.0062298 1.1853634 1.1097121 1.1274295 1.3384712 1.3047770 1.3322499 1.1316263 1.1679978 1.1861115 0.5798306 0.3698468 0.0000000 1.6360567 1.6638583 1.6944220 1.7067468 1.7212104 1.7129587 1.7227660 1.6707046 1.6729389 1.6461088 1.7232198 1.5854297 1.6657414 1.6198727 1.9321096 1.9279904 1.7962279 2.1320302 1.7771865 1.8174829 2.0621819 1.9947520 2.1120385 2.3264403 2.2724805 2.0572064 1.9880553 2.1929980 2.0215928 2.5475643 1.8824910 1.9123138 2.7724751 
Tityridae         1.3634588 1.5845257 1.4091832 1.4444955 1.5065350 1.4380199 1.5293301 1.4614337 1.4847422 1.5882824 1.5801177 1.5747147 1.4571805 1.4986197 1.5931626 1.7253366 1.7014706 1.6360567 0.0000000 0.2040196 0.2252336 0.2474751 0.2457122 0.2080852 0.2046720 0.2084370 0.2038019 0.1965318 0.2543215 0.4921920 0.5785490 0.5889033 1.0211826 1.0796426 1.0051444 1.1594931 0.9386069 1.0614739 1.1639719 1.2380569 1.3276638 1.4438368 1.3835328 1.4081250 1.3656640 1.4802677 1.2910245 1.8641468 1.3113509 1.3220833 2.1894095 
Ptilonorhynchidae 1.3849969 1.6083407 1.4412383 1.4685925 1.4906331 1.4454627 1.5993781 1.4913087 1.5248428 1.6418251 1.6101932 1.6198084 1.5235055 1.5439493 1.5862780 1.7096518 1.6752959 1.6638583 0.2040196 0.0000000 0.1856600 0.2106235 0.2053081 0.1805496 0.1679036 0.1687119 0.1578033 0.1593370 0.2740021 0.5087231 0.5947766 0.5913711 1.0074740 1.0937945 1.0056759 1.1565786 0.9295413 1.0669166 1.2008378 1.2504999 1.3241636 1.5124319 1.4608245 1.4404329 1.4241670 1.5504302 1.3246005 1.9102866 1.3123877 1.3276608 2.2348744 
Callaeatidae      1.3767400 1.6169818 1.4716740 1.4870588 1.4846112 1.4432681 1.6066046 1.5138973 1.5534677 1.6385877 1.6030161 1.6207032 1.5272376 1.5270782 1.6224187 1.7216209 1.7075467 1.6944220 0.2252336 0.1856600 0.0000000 0.1787977 0.1892298 0.1612690 0.1441197 0.1515416 0.1447963 0.1481925 0.2983656 0.5327780 0.6135696 0.6167079 1.0486251 1.1003931 1.0122563 1.2002315 0.9497332 1.0922628 1.2322644 1.2755933 1.3358521 1.5023299 1.4445303 1.4529142 1.4538508 1.5410924 1.3564736 1.9201337 1.3422760 1.3631977 2.3229573 
Monarchidae       1.3738059 1.6170070 1.4665544 1.4961511 1.5170764 1.4698550 1.5952952 1.5558165 1.5452129 1.6370928 1.6342701 1.6128175 1.5607234 1.5279390 1.6148972 1.7430058 1.7296839 1.7067468 0.2474751 0.2106235 0.1787977 0.0000000 0.1425271 0.1829414 0.1624420 0.1666103 0.1614815 0.1587869 0.3157884 0.5100778 0.6283405 0.6482395 1.0698272 1.1744295 1.0577793 1.2272520 0.9603562 1.1252498 1.2711537 1.3251922 1.3811542 1.5311945 1.4827862 1.5113935 1.4941359 1.6069892 1.3926778 1.9316574 1.3351222 1.3586628 2.2264357 
Malaconotidae     1.4482674 1.6288388 1.5390928 1.5755112 1.5600607 1.5071818 1.6117694 1.5360314 1.5693600 1.6664672 1.6617658 1.6379333 1.5728878 1.5713832 1.6350515 1.8243758 1.7617472 1.7212104 0.2457122 0.2053081 0.1892298 0.1425271 0.0000000 0.1787356 0.1671729 0.1674221 0.1588151 0.1608329 0.3078941 0.5292495 0.6214105 0.6282233 1.0789684 1.1699558 1.0684552 1.2658877 0.9787909 1.1200040 1.2854833 1.3422993 1.4146123 1.5242162 1.4620646 1.5134116 1.4179096 1.5708481 1.4041731 1.9514091 1.3822303 1.3965261 2.2623426 
Certhiidae        1.3282861 1.5322694 1.4355727 1.4608111 1.4361229 1.4073469 1.5822873 1.4696101 1.4876112 1.5781260 1.5991200 1.5769044 1.4970038 1.5097038 1.5722482 1.7705854 1.7184984 1.7129587 0.2080852 0.1805496 0.1612690 0.1829414 0.1787356 0.0000000 0.1121411 0.1249881 0.1142844 0.1139145 0.2942865 0.4962898 0.5885212 0.6005629 1.0283518 1.0922217 0.9918790 1.2007710 0.9185457 1.0610205 1.2462735 1.2936797 1.3352411 1.5170773 1.4509767 1.4783121 1.4575036 1.5335548 1.3572224 1.9076324 1.3445862 1.3597414 2.3213447 
Cinclidae         1.3226684 1.5354643 1.4025208 1.4417922 1.4447934 1.4035729 1.5416139 1.4527621 1.4768468 1.5795720 1.5676953 1.5407143 1.5093140 1.5069456 1.5378176 1.7251820 1.6899077 1.7227660 0.2046720 0.1679036 0.1441197 0.1624420 0.1671729 0.1121411 0.0000000 0.1053863 0.0978559 0.1027226 0.2795270 0.4921214 0.5786155 0.5800296 1.0489511 1.0874087 1.0109276 1.1787597 0.9368079 1.0906447 1.2038119 1.2528923 1.3174464 1.4884497 1.4343953 1.4236745 1.4107916 1.4958569 1.2876788 1.9302682 1.3135828 1.3308896 2.2705501 
Ploceidae         1.3255010 1.5492886 1.4188098 1.4389586 1.4357347 1.4066190 1.5513990 1.4821770 1.4881502 1.6034091 1.6122860 1.5876177 1.4868528 1.4881011 1.5453866 1.7328788 1.6852351 1.6707046 0.2084370 0.1687119 0.1515416 0.1666103 0.1674221 0.1249881 0.1053863 0.0000000 0.0745219 0.1068095 0.2801165 0.4922786 0.5913965 0.5786589 0.9982992 1.0764338 0.9899789 1.2103225 0.9451807 1.0723984 1.2062535 1.2869703 1.3764772 1.5214276 1.4498290 1.4664828 1.4714892 1.5752841 1.3205010 1.9158611 1.3675039 1.3735640 2.2199987 
Thraupidae        1.3554399 1.5732101 1.4435113 1.4714681 1.4583954 1.4223910 1.5596054 1.4884534 1.4834946 1.5894226 1.5956333 1.5925267 1.4893598 1.5000826 1.5881483 1.7592931 1.7066508 1.6729389 0.2038019 0.1578033 0.1447963 0.1614815 0.1588151 0.1142844 0.0978559 0.0745219 0.0000000 0.0969436 0.2742875 0.4898051 0.5934346 0.5792971 1.0227592 1.0953914 1.0116576 1.1999151 0.9537023 1.0843496 1.2450548 1.3022267 1.3644014 1.4928865 1.4349306 1.4692637 1.4535401 1.5396248 1.3374926 1.9385358 1.3487944 1.3574877 2.2726661 
Alaudidae         1.3326856 1.5472845 1.3862333 1.4224443 1.4353193 1.4081361 1.5181604 1.4444740 1.4546026 1.5512705 1.5719415 1.5697051 1.5008588 1.4789991 1.5079891 1.7376731 1.6895511 1.6461088 0.1965318 0.1593370 0.1481925 0.1587869 0.1608329 0.1139145 0.1027226 0.1068095 0.0969436 0.0000000 0.2713895 0.4919780 0.5899523 0.5859337 1.0435046 1.0795970 0.9959782 1.1574984 0.9516002 1.0826173 1.2253420 1.2698561 1.3478197 1.5032120 1.4448144 1.4283324 1.4443055 1.5506003 1.3103433 1.9160183 1.3315741 1.3434058 2.2607009 
Coraciiformes     1.3957706 1.6522945 1.4616899 1.5096678 1.5344460 1.4804354 1.5923235 1.5020926 1.5499276 1.6663082 1.6477918 1.6013060 1.5684416 1.5460245 1.6182893 1.8087047 1.7487346 1.7232198 0.2543215 0.2740021 0.2983656 0.3157884 0.3078941 0.2942865 0.2795270 0.2801165 0.2742875 0.2713895 0.0000000 0.5327398 0.6093585 0.6127366 1.0831064 1.0857067 1.0429887 1.2195072 0.9797591 1.0731105 1.2362610 1.2816103 1.3446256 1.4392159 1.4324113 1.4182539 1.3952519 1.5064875 1.3091331 1.8662367 1.3682434 1.3842799 2.3041558 
Crocodylidae      1.3091352 1.4766865 1.3423811 1.3867681 1.4108575 1.3362835 1.5004416 1.3868501 1.4035183 1.5179914 1.4611188 1.4760844 1.4396382 1.4419635 1.5085396 1.6963378 1.6537105 1.5854297 0.4921920 0.5087231 0.5327780 0.5100778 0.5292495 0.4962898 0.4921214 0.4922786 0.4898051 0.4919780 0.5327398 0.0000000 0.5052491 0.5116699 0.9433187 1.0082049 0.9401125 1.1235711 0.9039488 0.9738416 1.1736438 1.2063363 1.2780597 1.4342396 1.3728584 1.3698894 1.3774424 1.4697365 1.2037281 1.7333467 1.2697866 1.2799560 2.1701465 
Carettochelyidae  1.3698442 1.5738828 1.4494025 1.4671996 1.4894418 1.4121225 1.5753844 1.4605842 1.4496179 1.6020835 1.5461415 1.5552691 1.4945927 1.4829295 1.6143901 1.7432780 1.6584946 1.6657414 0.5785490 0.5947766 0.6135696 0.6283405 0.6214105 0.5885212 0.5786155 0.5913965 0.5934346 0.5899523 0.6093585 0.5052491 0.0000000 0.3847844 0.9724003 1.0381647 0.9670887 1.1617031 0.8765981 1.0522408 1.1829174 1.1982088 1.3032545 1.5221307 1.4908608 1.4179595 1.4160136 1.4968724 1.2519801 1.7762197 1.2630103 1.2902197 2.2046138 
Kinosternidae     1.3693259 1.5710760 1.4355863 1.4701190 1.4610127 1.4166072 1.5600089 1.4537778 1.4497489 1.5903619 1.5782386 1.5968468 1.4760835 1.5385920 1.6443417 1.7829889 1.6585272 1.6198727 0.5889033 0.5913711 0.6167079 0.6482395 0.6282233 0.6005629 0.5800296 0.5786589 0.5792971 0.5859337 0.6127366 0.5116699 0.3847844 0.0000000 0.9618054 1.0369634 0.9662605 1.1937845 0.9151522 0.9844282 1.2691100 1.2275038 1.3749605 1.5341766 1.5212650 1.4794539 1.4257019 1.5197492 1.3511189 1.7991130 1.2997048 1.3361258 2.1256541 
Anomalepididae    1.6605130 1.8025816 1.6643871 1.6574952 1.7311180 1.6809793 1.8050176 1.7449345 1.7374290 1.8961271 1.8006393 1.7870947 1.7602081 1.7260924 1.8318674 2.0431087 2.0894008 1.9321096 1.0211826 1.0074740 1.0486251 1.0698272 1.0789684 1.0283518 1.0489511 0.9982992 1.0227592 1.0435046 1.0831064 0.9433187 0.9724003 0.9618054 0.0000000 0.5940355 0.5359741 0.8111859 0.6301959 0.8795790 1.4135205 1.3933148 1.5974939 1.7029470 1.6399522 1.7090344 1.6606453 1.7409259 1.5465983 2.0691368 1.5474310 1.5538406 2.5289713 
Loxocemidae       1.6653068 1.8143372 1.7175273 1.7378975 1.7911200 1.6875480 1.8678864 1.7977619 1.7892149 1.8780149 1.8709688 1.8415785 1.8628884 1.8261953 1.7881909 2.0956915 2.1156677 1.9279904 1.0796426 1.0937945 1.1003931 1.1744295 1.1699558 1.0922217 1.0874087 1.0764338 1.0953914 1.0795970 1.0857067 1.0082049 1.0381647 1.0369634 0.5940355 0.0000000 0.3926513 0.8578516 0.6883957 0.9166292 1.5425390 1.5455031 1.6650482 1.7516472 1.6495688 1.8256495 1.7464688 1.7991820 1.5545583 2.1111987 1.5752430 1.6192287 2.6275614 
Natricidae        1.5140430 1.7146261 1.6048333 1.6092050 1.6324783 1.5554943 1.7068861 1.6473037 1.6146839 1.7832227 1.7509606 1.7364862 1.7092904 1.6942784 1.7250738 1.9899157 1.9363995 1.7962279 1.0051444 1.0056759 1.0122563 1.0577793 1.0684552 0.9918790 1.0109276 0.9899789 1.0116576 0.9959782 1.0429887 0.9401125 0.9670887 0.9662605 0.5359741 0.3926513 0.0000000 0.7677005 0.6613049 0.8302412 1.4654988 1.4958515 1.5693431 1.7078308 1.6780850 1.7138675 1.6611558 1.7662277 1.5389856 2.1173663 1.5212012 1.5440120 2.4723622 
Xenosauridae      1.8162039 1.8517978 1.7797801 1.8082220 1.8740532 1.8065023 1.9214946 1.9159503 1.8455077 2.0674682 1.9535054 1.9986435 1.8616768 1.9262806 1.9929412 2.1109655 2.2213874 2.1320302 1.1594931 1.1565786 1.2002315 1.2272520 1.2658877 1.2007710 1.1787597 1.2103225 1.1999151 1.1574984 1.2195072 1.1235711 1.1617031 1.1937845 0.8111859 0.8578516 0.7677005 0.0000000 0.8571174 1.0301523 1.6239583 1.6341447 1.7623250 1.8316064 1.7664816 1.9409131 1.8724425 1.9107811 1.5897918 2.2619549 1.6312228 1.6669111 2.6803947 
Teiidae           1.5142130 1.7302987 1.5641113 1.5740777 1.5133901 1.5206853 1.6996486 1.5696488 1.5843334 1.8009730 1.6694629 1.7152880 1.6220102 1.6081847 1.6799658 1.8579388 1.9222821 1.7771865 0.9386069 0.9295413 0.9497332 0.9603562 0.9787909 0.9185457 0.9368079 0.9451807 0.9537023 0.9516002 0.9797591 0.9039488 0.8765981 0.9151522 0.6301959 0.6883957 0.6613049 0.8571174 0.0000000 0.8274134 1.4066736 1.4268120 1.5502134 1.7070195 1.5760293 1.6664474 1.6886346 1.6928576 1.4759573 2.1145517 1.5040120 1.5214712 2.4788780 
Eublepharidae     1.7257130 1.8532039 1.6868011 1.7175612 1.7166308 1.6765654 1.7945351 1.6496091 1.7210020 1.8988403 1.8608424 1.8938987 1.7280041 1.7444666 1.9239221 2.0760415 1.9367513 1.8174829 1.0614739 1.0669166 1.0922628 1.1252498 1.1200040 1.0610205 1.0906447 1.0723984 1.0843496 1.0826173 1.0731105 0.9738416 1.0522408 0.9844282 0.8795790 0.9166292 0.8302412 1.0301523 0.8274134 0.0000000 1.4803469 1.5059289 1.5725560 1.7413809 1.6878529 1.6732054 1.7596403 1.7612755 1.6249872 2.1386515 1.5240011 1.5335094 2.5033845 
Dicamptodontidae  1.8017302 1.8953159 1.7638123 1.7425653 1.7758336 1.7427080 1.9315588 1.8616579 1.7954129 2.0835214 2.0200965 1.9618408 1.8253200 1.8435196 1.9243764 2.0104111 1.9594628 2.0621819 1.1639719 1.2008378 1.2322644 1.2711537 1.2854833 1.2462735 1.2038119 1.2062535 1.2450548 1.2253420 1.2362610 1.1736438 1.1829174 1.2691100 1.4135205 1.5425390 1.4654988 1.6239583 1.4066736 1.4803469 0.0000000 0.7105503 0.7551427 0.9293148 0.8965132 0.8542139 0.8742001 0.9208340 0.8768204 1.8658484 1.3962491 1.4000800 2.5387660 
Alytidae          1.6663403 1.8939508 1.6897192 1.6448045 1.7306085 1.6851861 1.7586395 1.7700772 1.7710763 1.9416479 1.9139529 1.8310246 1.7403786 1.7055881 1.9220873 2.0368155 2.0369894 1.9947520 1.2380569 1.2504999 1.2755933 1.3251922 1.3422993 1.2936797 1.2528923 1.2869703 1.3022267 1.2698561 1.2816103 1.2063363 1.1982088 1.2275038 1.3933148 1.5455031 1.4958515 1.6341447 1.4268120 1.5059289 0.7105503 0.0000000 0.7657086 0.8853990 0.8579674 0.8777073 0.8600546 0.9092669 0.9927199 1.8923835 1.4059655 1.4109693 2.4385712 
Heleophrynidae    1.7941523 1.9942671 1.8968754 1.9032164 1.9772773 1.8447434 2.0219527 2.0158668 1.9463959 2.1024144 2.1284534 1.9463703 1.8963860 1.9805484 2.0722018 2.2095328 2.0513498 2.1120385 1.3276638 1.3241636 1.3358521 1.3811542 1.4146123 1.3352411 1.3174464 1.3764772 1.3644014 1.3478197 1.3446256 1.2780597 1.3032545 1.3749605 1.5974939 1.6650482 1.5693431 1.7623250 1.5502134 1.5725560 0.7551427 0.7657086 0.0000000 0.7087879 0.7036418 0.6214786 0.6474393 0.6490975 0.9881188 1.9771347 1.5103159 1.5245723 2.5477956 
Leptodactylidae   2.0160856 2.2080711 2.1048690 2.0671535 2.1561454 2.0622175 2.1400393 2.1113837 2.1256979 2.2390610 2.1683258 2.1921321 2.1251192 2.1111813 2.1900457 2.2083189 2.2346420 2.3264403 1.4438368 1.5124319 1.5023299 1.5311945 1.5242162 1.5170773 1.4884497 1.5214276 1.4928865 1.5032120 1.4392159 1.4342396 1.5221307 1.5341766 1.7029470 1.7516472 1.7078308 1.8316064 1.7070195 1.7413809 0.9293148 0.8853990 0.7087879 0.0000000 0.2971228 0.7537160 0.7941014 0.8106208 1.1535871 2.1210973 1.6921288 1.7240617 3.0000838 
Strabomantidae    1.9041497 2.0265672 1.9829980 1.9245639 2.0198500 1.8815101 1.9507401 1.9525778 1.9749134 2.1736954 2.1549225 2.1708985 1.9630630 1.9660275 2.0405469 2.1698687 2.2251790 2.2724805 1.3835328 1.4608245 1.4445303 1.4827862 1.4620646 1.4509767 1.4343953 1.4498290 1.4349306 1.4448144 1.4324113 1.3728584 1.4908608 1.5212650 1.6399522 1.6495688 1.6780850 1.7664816 1.5760293 1.6878529 0.8965132 0.8579674 0.7036418 0.2971228 0.0000000 0.7283153 0.7619246 0.7477174 1.1208469 2.0310177 1.6279842 1.6741564 2.8398643 
Micrixalidae      1.9409175 2.0859448 1.9089472 1.8888720 1.9608849 1.9353342 2.0170718 1.9230770 1.9728297 2.1820041 2.1215845 2.1221585 1.9588927 2.0248221 2.0379030 2.1414206 2.0231647 2.0572064 1.4081250 1.4404329 1.4529142 1.5113935 1.5134116 1.4783121 1.4236745 1.4664828 1.4692637 1.4283324 1.4182539 1.3698894 1.4179595 1.4794539 1.7090344 1.8256495 1.7138675 1.9409131 1.6664474 1.6732054 0.8542139 0.8777073 0.6214786 0.7537160 0.7283153 0.0000000 0.5101759 0.5429145 1.0984244 2.0758434 1.5915166 1.6017154 2.8743572 
Hemisotidae       1.8898409 2.1143433 1.9596758 1.9497337 1.9841514 1.9042449 1.9908071 1.9363080 1.9497365 2.1016005 2.0957330 2.0235411 1.9320998 1.9671780 2.0447230 2.0438199 1.9578156 1.9880553 1.3656640 1.4241670 1.4538508 1.4941359 1.4179096 1.4575036 1.4107916 1.4714892 1.4535401 1.4443055 1.3952519 1.3774424 1.4160136 1.4257019 1.6606453 1.7464688 1.6611558 1.8724425 1.6886346 1.7596403 0.8742001 0.8600546 0.6474393 0.7941014 0.7619246 0.5101759 0.0000000 0.5792315 1.1255015 2.0461714 1.6017014 1.6211152 2.7114381 
Asterophryidae    1.9190362 2.1340070 2.0001900 1.9456467 2.0762426 1.9671412 2.0978021 2.0192681 2.0005862 2.2281105 2.2674769 2.0993835 1.9842302 2.0518231 2.1053043 2.2278862 2.1033462 2.1929980 1.4802677 1.5504302 1.5410924 1.6069892 1.5708481 1.5335548 1.4958569 1.5752841 1.5396248 1.5506003 1.5064875 1.4697365 1.4968724 1.5197492 1.7409259 1.7991820 1.7662277 1.9107811 1.6928576 1.7612755 0.9208340 0.9092669 0.6490975 0.8106208 0.7477174 0.5429145 0.5792315 0.0000000 1.1265633 2.1048034 1.6277505 1.6536977 2.6936337 
Caeciliidae2      1.8036713 1.9773201 1.9136297 1.8574558 1.9195923 1.9217724 1.9943131 1.9411087 1.8904147 2.0670541 2.0716069 2.0044085 1.9179765 1.9087068 2.0565429 2.0378485 2.0346560 2.0215928 1.2910245 1.3246005 1.3564736 1.3926778 1.4041731 1.3572224 1.2876788 1.3205010 1.3374926 1.3103433 1.3091331 1.2037281 1.2519801 1.3511189 1.5465983 1.5545583 1.5389856 1.5897918 1.4759573 1.6249872 0.8768204 0.9927199 0.9881188 1.1535871 1.1208469 1.0984244 1.1255015 1.1265633 0.0000000 1.9682141 1.4976455 1.5370779 2.5924709 
Polypteriformes   2.4122958 2.5612466 2.4510756 2.4653798 2.4694179 2.3550573 2.5177292 2.5289355 2.4600998 2.6054106 2.6818294 2.6247009 2.4749947 2.4612284 2.5613952 2.5087805 2.5204330 2.5475643 1.8641468 1.9102866 1.9201337 1.9316574 1.9514091 1.9076324 1.9302682 1.9158611 1.9385358 1.9160183 1.8662367 1.7333467 1.7762197 1.7991130 2.0691368 2.1111987 2.1173663 2.2619549 2.1145517 2.1386515 1.8658484 1.8923835 1.9771347 2.1210973 2.0310177 2.0758434 2.0461714 2.1048034 1.9682141 0.0000000 1.1301867 1.1325131 2.1381549 
Channichthyidae   1.7173585 1.9720664 1.7747795 1.8110744 1.8938614 1.7942513 1.9207096 1.8732779 1.8840230 2.0600570 2.0474832 1.9610836 1.8162473 1.8012352 1.8796184 1.9576643 1.9230530 1.8824910 1.3113509 1.3123877 1.3422760 1.3351222 1.3822303 1.3445862 1.3135828 1.3675039 1.3487944 1.3315741 1.3682434 1.2697866 1.2630103 1.2997048 1.5474310 1.5752430 1.5212012 1.6312228 1.5040120 1.5240011 1.3962491 1.4059655 1.5103159 1.6921288 1.6279842 1.5915166 1.6017014 1.6277505 1.4976455 1.1301867 0.0000000 0.0492389 1.7935147 
Pseudaphritidae   1.7154570 1.9569454 1.7950622 1.8248808 1.8846070 1.7961776 1.9203449 1.8752227 1.8455696 2.0670344 2.0403462 1.9962308 1.8178488 1.8113232 1.8604936 1.9767593 1.9638091 1.9123138 1.3220833 1.3276608 1.3631977 1.3586628 1.3965261 1.3597414 1.3308896 1.3735640 1.3574877 1.3434058 1.3842799 1.2799560 1.2902197 1.3361258 1.5538406 1.6192287 1.5440120 1.6669111 1.5214712 1.5335094 1.4000800 1.4109693 1.5245723 1.7240617 1.6741564 1.6017154 1.6211152 1.6536977 1.5370779 1.1325131 0.0492389 0.0000000 1.7604194 
Carcharhinidae    2.6870741 2.7253667 2.6744297 2.6628649 2.6488375 2.6222690 2.6566303 2.7129082 2.6289489 3.0349432 3.0075903 2.9427466 2.7179915 2.7560082 2.5968351 2.9412771 2.9015236 2.7724751 2.1894095 2.2348744 2.3229573 2.2264357 2.2623426 2.3213447 2.2705501 2.2199987 2.2726661 2.2607009 2.3041558 2.1701465 2.2046138 2.1256541 2.5289713 2.6275614 2.4723622 2.6803947 2.4788780 2.5033845 2.5387660 2.4385712 2.5477956 3.0000838 2.8398643 2.8743572 2.7114381 2.6936337 2.5924709 2.1381549 1.7935147 1.7604194 0.0000000 
