51
Pitheciidae       0.0000000 0.1470120 0.1712602 0.1570360 0.1588103 0.1615227 0.1903561 0.1756223 0.1646156 0.1859210 0.1817734 0.1595838 0.1907851 0.1852313 0.1822210 0.3125248 0.2883865 0.3107140 0.8973889 0.8390291 0.8520780 0.8204013 0.8742942 0.8483834 0.8561984 0.8432348 0.8565213 0.8787984 0.8268275 0.7711180 0.9382686 0.9806929 1.0297293 0.9081640 0.9330890 1.3019853 1.2233470 1.0011289 1.3713916 1.0319519 1.1967050 1.2378699 1.2179292 1.1263648 1.1244653 1.0714623 1.5071492 1.2749076 1.2232166 1.2039643 1.6520226 
Scandentia        0.1470120 0.0000000 0.1990632 0.1883500 0.1870680 0.1884068 0.2258971 0.2027394 0.2017674 0.2082493 0.2085573 0.1881810 0.2191158 0.2016661 0.2187720 0.3467375 0.3219533 0.3451821 0.9659623 0.9090454 0.9229116 0.8891173 0.9429426 0.9099290 0.9024319 0.9023961 0.9051172 0.9399668 0.8862428 0.8254204 0.9513838 1.0533540 1.0513229 0.9395975 0.9553700 1.3206357 1.2515487 1.0134872 1.4200373 1.0599509 1.2722732 1.2433701 1.2280436 1.1612789 1.1354781 1.0792826 1.4994194 1.2751523 1.2850647 1.2578656 1.6916731 
Erethizontidae    0.1712602 0.1990632 0.0000000 0.0885282 0.1711880 0.1824645 0.2346132 0.2129277 0.2179649 0.2299460 0.2169489 0.2122682 0.2247660 0.2228522 0.2128587 0.3295612 0.3151400 0.3270518 0.9384785 0.9216012 0.9344795 0.9080842 0.9593065 0.9281433 0.9275493 0.9105164 0.9163848 0.9529372 0.9178043 0.8611184 1.0090257 1.0388797 1.0915152 0.9543149 0.9823239 1.3520234 1.2245524 1.0144861 1.3819848 1.0851980 1.2569226 1.2526785 1.2439861 1.1630041 1.1631807 1.1570988 1.5102141 1.2712267 1.3019562 1.2439480 1.6588805 
Capromyidae       0.1570360 0.1883500 0.0885282 0.0000000 0.1643122 0.1764000 0.2203563 0.2063995 0.2054405 0.2113727 0.2074372 0.2019172 0.2176880 0.2127215 0.2104963 0.3214521 0.3050711 0.3204473 0.9556941 0.9240792 0.9289728 0.9119714 0.9583974 0.9113297 0.9183579 0.9008683 0.9156342 0.9462783 0.9034188 0.8415460 0.9713137 1.0122191 1.0668094 0.9492031 0.9645167 1.3410895 1.2032641 1.0171956 1.3807677 1.0513493 1.1987895 1.2255957 1.2234948 1.1264068 1.1226888 1.1032827 1.4869115 1.2732855 1.2916147 1.2751482 1.6301134 
Muridae           0.1588103 0.1870680 0.1711880 0.1643122 0.0000000 0.1705077 0.2135249 0.1993111 0.1940126 0.2123474 0.1995803 0.1849938 0.2048882 0.1983620 0.2031521 0.3141697 0.3004613 0.3160487 0.9490178 0.8885993 0.9142902 0.8986976 0.9437393 0.9021076 0.9093791 0.8986684 0.9005652 0.9390264 0.8925671 0.8688031 1.0184374 1.0610113 1.0797294 0.9921522 1.0018971 1.3835774 1.2860455 1.0104740 1.4198721 1.1064576 1.2917366 1.2930493 1.2698270 1.1896921 1.1646594 1.1197453 1.5317666 1.2761830 1.3116061 1.2833763 1.6603950 
Castoridae        0.1615227 0.1884068 0.1824645 0.1764000 0.1705077 0.0000000 0.2341590 0.2112573 0.2089025 0.2184368 0.2117225 0.2009155 0.2248444 0.2155233 0.2060542 0.3183866 0.3031316 0.3186838 0.9278505 0.9181867 0.9255500 0.9014419 0.9435591 0.9153212 0.9030005 0.9145944 0.9079799 0.9463032 0.9041012 0.8349027 0.9636071 1.0123444 1.0943123 0.9467008 0.9727710 1.4106733 1.2813369 1.0374309 1.3742909 1.0284117 1.1920057 1.1908676 1.2232911 1.1020573 1.0888131 1.0439128 1.4680127 1.2536805 1.2822767 1.2584077 1.5633268 
Suidae            0.1903561 0.2258971 0.2346132 0.2203563 0.2135249 0.2341590 0.0000000 0.1310397 0.1372136 0.1946268 0.1948829 0.1796833 0.1957450 0.1849433 0.2449698 0.3446810 0.3201093 0.3350758 0.9751886 0.9028033 0.9457463 0.9129832 0.9664243 0.9187185 0.9133125 0.9163652 0.9145976 0.9536726 0.8864441 0.8394299 0.9839404 0.9940176 1.0812896 0.9334714 0.9574639 1.4124577 1.2628912 1.0498689 1.4144711 1.0129593 1.2221113 1.2983615 1.2321072 1.1184972 1.1077520 1.0738632 1.5428732 1.2515173 1.2478927 1.2280202 1.6831997 
Hippopotamidae    0.1756223 0.2027394 0.2129277 0.2063995 0.1993111 0.2112573 0.1310397 0.0000000 0.0860786 0.1716099 0.1728285 0.1598193 0.1764144 0.1674708 0.2174988 0.3384911 0.3078747 0.3266852 0.9422570 0.8865866 0.9169944 0.8834775 0.9571489 0.8848446 0.8976089 0.8775234 0.8774696 0.9307590 0.8702866 0.8878239 0.9754889 0.9894119 1.0758702 0.9762470 0.9600337 1.3930498 1.2392146 1.0528653 1.3553945 0.9952865 1.2467430 1.2780334 1.2385383 1.1728790 1.1154743 1.0925844 1.5565776 1.2413414 1.2433904 1.2154162 1.6083723 
Hyperoodontidae   0.1646156 0.2017674 0.2179649 0.2054405 0.1940126 0.2089025 0.1372136 0.0860786 0.0000000 0.1676240 0.1604962 0.1557508 0.1733944 0.1666352 0.2142264 0.3303019 0.3029436 0.3180113 0.9089899 0.8804271 0.9081376 0.8793910 0.9405714 0.8834244 0.8949251 0.8832614 0.8804442 0.9264620 0.8591310 0.8446563 0.9995954 1.0035139 1.0572326 0.9683002 0.9599753 1.3933838 1.2338381 1.0706458 1.4083471 1.0279531 1.2188561 1.2999509 1.2477274 1.1662431 1.1000602 1.0907211 1.5234566 1.2689399 1.2690363 1.2422159 1.5765155 
Vespertilionidae  0.1859210 0.2082493 0.2299460 0.2113727 0.2123474 0.2184368 0.1946268 0.1716099 0.1676240 0.0000000 0.1300831 0.1239606 0.1890221 0.1791302 0.2288310 0.3382883 0.3253849 0.3437178 0.9401766 0.8812094 0.8991024 0.8794043 0.9389226 0.8791547 0.9023587 0.8908690 0.8879610 0.9171785 0.8698297 0.8492846 0.9730266 0.9945462 1.0563216 0.9711065 0.9671593 1.3957718 1.2486225 1.0441756 1.3893663 1.1018344 1.2039857 1.2592280 1.2582330 1.1368278 1.1011662 1.0754963 1.5816060 1.2812834 1.2741011 1.2779110 1.6413658 
Furipteridae      0.1817734 0.2085573 0.2169489 0.2074372 0.1995803 0.2117225 0.1948829 0.1728285 0.1604962 0.1300831 0.0000000 0.1219781 0.1838791 0.1750306 0.2257450 0.3492228 0.3268596 0.3475131 0.9547425 0.9133775 0.9254353 0.8883457 0.9565278 0.8795372 0.8995278 0.9029548 0.8999600 0.9344840 0.8847177 0.8688075 0.9781046 1.0299043 1.0367660 0.9429073 0.9799948 1.3318902 1.2678039 1.0402586 1.4181298 1.0764621 1.2024423 1.2383719 1.2097545 1.1207718 1.1076513 1.0742698 1.5493859 1.2953096 1.3015865 1.2740259 1.5648239 
Rhinolophidae     0.1595838 0.1881810 0.2122682 0.2019172 0.1849938 0.2009155 0.1796833 0.1598193 0.1557508 0.1239606 0.1219781 0.0000000 0.1648995 0.1582801 0.2106222 0.3278788 0.2992010 0.3216577 0.9135594 0.8394077 0.8809445 0.8489189 0.9037019 0.8535450 0.8672286 0.8559013 0.8574190 0.9042544 0.8473684 0.8317793 0.9710723 0.9880759 1.0431705 0.9520131 0.9403211 1.3774111 1.2652968 1.0428243 1.3451780 1.0539993 1.2050406 1.2188998 1.2206383 1.1176544 1.0845629 1.0496430 1.5053011 1.2291173 1.2609833 1.2542403 1.5285115 
Viverridae        0.1907851 0.2191158 0.2247660 0.2176880 0.2048882 0.2248444 0.1957450 0.1764144 0.1733944 0.1890221 0.1838791 0.1648995 0.0000000 0.0918976 0.2261721 0.3429528 0.3183692 0.3489592 0.9459560 0.9111423 0.9257798 0.8896136 0.9276306 0.8868081 0.9040754 0.8909894 0.8940330 0.9453245 0.8819911 0.8400903 0.9916381 1.0196395 1.1236853 0.9984591 1.0300270 1.3773040 1.2607746 1.0803198 1.3986600 1.1139936 1.2826868 1.2810376 1.2618529 1.1711003 1.1343914 1.1095577 1.5711812 1.2453111 1.2292831 1.2467957 1.6734198 
Procyonidae       0.1852313 0.2016661 0.2228522 0.2127215 0.1983620 0.2155233 0.1849433 0.1674708 0.1666352 0.1791302 0.1750306 0.1582801 0.0918976 0.0000000 0.2263034 0.3338719 0.3129625 0.3284361 0.9557030 0.8886190 0.9225213 0.8860480 0.9272673 0.8890744 0.8993783 0.8949827 0.8904602 0.9283007 0.8700167 0.8435404 0.9881484 1.0316544 1.0870064 0.9516914 0.9748282 1.3496213 1.2795698 1.0759432 1.3686129 1.0556142 1.2785601 1.2445957 1.2078188 1.1636699 1.1100228 1.0892831 1.5265394 1.2678946 1.2322025 1.2618470 1.6431815 
Myrmecophagidae   0.1822210 0.2187720 0.2128587 0.2104963 0.2031521 0.2060542 0.2449698 0.2174988 0.2142264 0.2288310 0.2257450 0.2106222 0.2261721 0.2263034 0.0000000 0.3375276 0.3124771 0.3341296 0.9434229 0.9186412 0.9178603 0.8918022 0.9452614 0.8969500 0.9101222 0.9132774 0.8903259 0.9469271 0.8806688 0.8648259 0.9965483 1.0314136 1.1001586 0.9621537 0.9913322 1.3613420 1.2565538 1.0831484 1.4144393 1.0965258 1.2944994 1.2764513 1.2908575 1.1790079 1.1629298 1.1139563 1.5731452 1.3011317 1.3167662 1.3004312 1.6681798 
Caluromyidae      0.3125248 0.3467375 0.3295612 0.3214521 0.3141697 0.3183866 0.3446810 0.3384911 0.3303019 0.3382883 0.3492228 0.3278788 0.3429528 0.3338719 0.3375276 0.0000000 0.0884633 0.0971969 0.9019245 0.8459240 0.8751319 0.8557183 0.9064885 0.8653984 0.8506913 0.8482828 0.8540716 0.8911614 0.8485402 0.7905161 0.9194418 0.9790591 1.0412916 0.9185345 0.9293050 1.2872723 1.2224330 0.9387639 1.3297412 1.0099859 1.1833644 1.1689297 1.1621686 1.0630571 1.0507484 1.0385553 1.4311220 1.1856650 1.3190531 1.2742717 1.6195657 
Thylacomyidae     0.2883865 0.3219533 0.3151400 0.3050711 0.3004613 0.3031316 0.3201093 0.3078747 0.3029436 0.3253849 0.3268596 0.2992010 0.3183692 0.3129625 0.3124771 0.0884633 0.0000000 0.0710571 0.8885044 0.8406417 0.8720967 0.8403303 0.8830352 0.8579538 0.8329734 0.8452021 0.8452075 0.8795338 0.8280325 0.7825949 0.9139305 0.9587216 0.9985143 0.8733985 0.8895135 1.2537123 1.1827528 0.9386655 1.3003255 1.0229488 1.1965586 1.1339690 1.1406738 1.0644352 1.0640445 1.0493500 1.4441447 1.2076259 1.3049997 1.2416588 1.5901010 
Phalangeridae     0.3107140 0.3451821 0.3270518 0.3204473 0.3160487 0.3186838 0.3350758 0.3266852 0.3180113 0.3437178 0.3475131 0.3216577 0.3489592 0.3284361 0.3341296 0.0971969 0.0710571 0.0000000 0.9177053 0.8603460 0.9040778 0.8711045 0.9214033 0.8936353 0.8751381 0.8862295 0.8792160 0.9090582 0.8609550 0.7937501 0.9387836 0.9240126 1.0521678 0.8949037 0.9288914 1.2913512 1.2620059 0.9713127 1.2806383 1.0318789 1.1654223 1.1387902 1.1400497 1.0721379 1.0708430 1.0500405 1.4554382 1.2156260 1.3138620 1.2760842 1.6208162 
Tityridae         0.8973889 0.9659623 0.9384785 0.9556941 0.9490178 0.9278505 0.9751886 0.9422570 0.9089899 0.9401766 0.9547425 0.9135594 0.9459560 0.9557030 0.9434229 0.9019245 0.8885044 0.9177053 0.0000000 0.2326340 0.2281612 0.2093476 0.2320216 0.2223444 0.2469904 0.2279954 0.2229764 0.2272127 0.3007265 0.5382847 0.7866668 0.8320562 1.0469091 0.8890136 0.9504165 1.3593530 1.1573474 0.9730711 1.4303063 1.2133697 1.4269283 1.2675394 1.2761485 1.2206537 1.1630542 1.1425899 1.6689969 1.3313808 1.3790766 1.3162492 1.6914131 
Ptilonorhynchidae 0.8390291 0.9090454 0.9216012 0.9240792 0.8885993 0.9181867 0.9028033 0.8865866 0.8804271 0.8812094 0.9133775 0.8394077 0.9111423 0.8886190 0.9186412 0.8459240 0.8406417 0.8603460 0.2326340 0.0000000 0.1326523 0.1158895 0.1340981 0.1297780 0.1447532 0.1333531 0.1263892 0.1458878 0.2572637 0.5401792 0.7632100 0.8029131 0.9960990 0.8556828 0.8673165 1.3082200 1.1521229 0.9276648 1.4251857 1.1813962 1.3758634 1.2669955 1.2968758 1.1965889 1.1900098 1.1403609 1.6975270 1.2689247 1.3832688 1.3659618 1.6942850 
Callaeatidae      0.8520780 0.9229116 0.9344795 0.9289728 0.9142902 0.9255500 0.9457463 0.9169944 0.9081376 0.8991024 0.9254353 0.8809445 0.9257798 0.9225213 0.9178603 0.8751319 0.8720967 0.9040778 0.2281612 0.1326523 0.0000000 0.0744429 0.0959163 0.0915362 0.1127127 0.0984604 0.0908772 0.1051414 0.2476732 0.5339397 0.7543771 0.8267909 0.9938424 0.8526180 0.8992427 1.2923036 1.1124107 0.9144117 1.4493591 1.2025336 1.3824452 1.2835856 1.3066169 1.2310595 1.1941123 1.1591765 1.7043851 1.2840842 1.3736859 1.3451549 1.6351277 
Monarchidae       0.8204013 0.8891173 0.9080842 0.9119714 0.8986976 0.9014419 0.9129832 0.8834775 0.8793910 0.8794043 0.8883457 0.8489189 0.8896136 0.8860480 0.8918022 0.8557183 0.8403303 0.8711045 0.2093476 0.1158895 0.0744429 0.0000000 0.0529145 0.0784137 0.1008006 0.0801695 0.0735574 0.0918442 0.2276942 0.5044022 0.7462314 0.8158584 0.9707920 0.8330966 0.8804938 1.2950280 1.1056287 0.9099498 1.4128195 1.1579381 1.3508086 1.2510617 1.2466003 1.1451906 1.1760247 1.1159873 1.6634977 1.2716878 1.3086683 1.2964349 1.6160864 
Malaconotidae     0.8742942 0.9429426 0.9593065 0.9583974 0.9437393 0.9435591 0.9664243 0.9571489 0.9405714 0.9389226 0.9565278 0.9037019 0.9276306 0.9272673 0.9452614 0.9064885 0.8830352 0.9214033 0.2320216 0.1340981 0.0959163 0.0529145 0.0000000 0.0973728 0.1195796 0.1042872 0.0966090 0.1094373 0.2556691 0.5442212 0.7693173 0.8342541 1.0404225 0.8807891 0.9252581 1.3323085 1.1320008 0.9386384 1.4736033 1.2212973 1.4241239 1.3118186 1.3335410 1.2196397 1.2196149 1.1823862 1.6824411 1.3275986 1.4081219 1.3878952 1.6984432 
Certhiidae        0.8483834 0.9099290 0.9281433 0.9113297 0.9021076 0.9153212 0.9187185 0.8848446 0.8834244 0.8791547 0.8795372 0.8535450 0.8868081 0.8890744 0.8969500 0.8653984 0.8579538 0.8936353 0.2223444 0.1297780 0.0915362 0.0784137 0.0973728 0.0000000 0.0870690 0.0717359 0.0652034 0.0926595 0.2365901 0.5379303 0.7793472 0.8410383 0.9753606 0.8404072 0.8903656 1.3253376 1.0811456 0.9142366 1.4417407 1.2048105 1.4308847 1.2844022 1.2631186 1.2163170 1.2043802 1.1534589 1.6900199 1.3284466 1.4148368 1.4149595 1.6748306 
Cinclidae         0.8561984 0.9024319 0.9275493 0.9183579 0.9093791 0.9030005 0.9133125 0.8976089 0.8949251 0.9023587 0.8995278 0.8672286 0.9040754 0.8993783 0.9101222 0.8506913 0.8329734 0.8751381 0.2469904 0.1447532 0.1127127 0.1008006 0.1195796 0.0870690 0.0000000 0.0982041 0.0872726 0.1139830 0.2540740 0.5383845 0.7924361 0.8451693 1.0210027 0.8604511 0.8927837 1.3230084 1.0924308 0.9328655 1.4147376 1.1961820 1.3647916 1.2388577 1.2306375 1.1827232 1.1877864 1.1252657 1.6914427 1.3151378 1.3927146 1.3587695 1.6775849 
Ploceidae         0.8432348 0.9023961 0.9105164 0.9008683 0.8986684 0.9145944 0.9163652 0.8775234 0.8832614 0.8908690 0.9029548 0.8559013 0.8909894 0.8949827 0.9132774 0.8482828 0.8452021 0.8862295 0.2279954 0.1333531 0.0984604 0.0801695 0.1042872 0.0717359 0.0982041 0.0000000 0.0499297 0.0979092 0.2433236 0.5244631 0.7878446 0.8483145 0.9796447 0.8423188 0.8808586 1.3227147 1.1060242 0.9336085 1.4239160 1.1657793 1.4042078 1.2205186 1.2386223 1.1954436 1.2055728 1.1457314 1.6499198 1.3357351 1.4014019 1.3968966 1.6886824 
Thraupidae        0.8565213 0.9051172 0.9163848 0.9156342 0.9005652 0.9079799 0.9145976 0.8774696 0.8804442 0.8879610 0.8999600 0.8574190 0.8940330 0.8904602 0.8903259 0.8540716 0.8452075 0.8792160 0.2229764 0.1263892 0.0908772 0.0735574 0.0966090 0.0652034 0.0872726 0.0499297 0.0000000 0.0894545 0.2381839 0.5233645 0.7764632 0.8283441 0.9638621 0.8052839 0.8489947 1.2680944 1.0745231 0.9018186 1.4221102 1.1656371 1.3993918 1.2336869 1.2398767 1.1871555 1.1904673 1.1477456 1.6915218 1.3156314 1.4151082 1.3982360 1.6979117 
Alaudidae         0.8787984 0.9399668 0.9529372 0.9462783 0.9390264 0.9463032 0.9536726 0.9307590 0.9264620 0.9171785 0.9344840 0.9042544 0.9453245 0.9283007 0.9469271 0.8911614 0.8795338 0.9090582 0.2272127 0.1458878 0.1051414 0.0918442 0.1094373 0.0926595 0.1139830 0.0979092 0.0894545 0.0000000 0.2603366 0.5208119 0.7937469 0.8435099 0.9722248 0.8229361 0.8729747 1.2971989 1.1332325 0.9204144 1.4340159 1.2091122 1.3884880 1.3098025 1.2971999 1.2213185 1.2262340 1.1601163 1.7274898 1.3749068 1.4271148 1.4029068 1.7335042 
Coraciiformes     0.8268275 0.8862428 0.9178043 0.9034188 0.8925671 0.9041012 0.8864441 0.8702866 0.8591310 0.8698297 0.8847177 0.8473684 0.8819911 0.8700167 0.8806688 0.8485402 0.8280325 0.8609550 0.3007265 0.2572637 0.2476732 0.2276942 0.2556691 0.2365901 0.2540740 0.2433236 0.2381839 0.2603366 0.0000000 0.5317994 0.7294686 0.7961334 0.9598712 0.8582976 0.8588851 1.3388847 1.0938810 0.9359081 1.4337060 1.1764094 1.3085822 1.3090602 1.2982473 1.1621621 1.1539064 1.0983210 1.6377626 1.3434257 1.3367224 1.2892595 1.5798488 
Crocodylidae      0.7711180 0.8254204 0.8611184 0.8415460 0.8688031 0.8349027 0.8394299 0.8878239 0.8446563 0.8492846 0.8688075 0.8317793 0.8400903 0.8435404 0.8648259 0.7905161 0.7825949 0.7937501 0.5382847 0.5401792 0.5339397 0.5044022 0.5442212 0.5379303 0.5383845 0.5244631 0.5233645 0.5208119 0.5317994 0.0000000 0.6514017 0.7218066 0.8735821 0.7728107 0.8193877 1.1725146 1.0634757 0.8336186 1.4119558 1.1281999 1.2022734 1.1455257 1.1654602 1.0575876 1.0568977 0.9988969 1.5695376 1.2580395 1.2880456 1.2303517 1.5764597 
Carettochelyidae  0.9382686 0.9513838 1.0090257 0.9713137 1.0184374 0.9636071 0.9839404 0.9754889 0.9995954 0.9730266 0.9781046 0.9710723 0.9916381 0.9881484 0.9965483 0.9194418 0.9139305 0.9387836 0.7866668 0.7632100 0.7543771 0.7462314 0.7693173 0.7793472 0.7924361 0.7878446 0.7764632 0.7937469 0.7294686 0.6514017 0.0000000 0.6806792 1.0305962 0.8842464 0.9264570 1.3102794 1.1527269 0.9880626 1.6500992 1.2712738 1.4013196 1.3720366 1.5017390 1.2605867 1.2383479 1.2383812 1.6226900 1.4375707 1.4536255 1.4246856 1.6882176 
Kinosternidae     0.9806929 1.0533540 1.0388797 1.0122191 1.0610113 1.0123444 0.9940176 0.9894119 1.0035139 0.9945462 1.0299043 0.9880759 1.0196395 1.0316544 1.0314136 0.9790591 0.9587216 0.9240126 0.8320562 0.8029131 0.8267909 0.8158584 0.8342541 0.8410383 0.8451693 0.8483145 0.8283441 0.8435099 0.7961334 0.7218066 0.6806792 0.0000000 1.0757586 1.0263082 1.0155136 1.4231929 1.3093555 1.1067243 1.7205193 1.3258096 1.5632485 1.4778966 1.5184012 1.4336538 1.3419400 1.3866437 1.7107209 1.5000699 1.6753962 1.6744547 1.8230275 
Anomalepididae    1.0297293 1.0513229 1.0915152 1.0668094 1.0797294 1.0943123 1.0812896 1.0758702 1.0572326 1.0563216 1.0367660 1.0431705 1.1236853 1.0870064 1.1001586 1.0412916 0.9985143 1.0521678 1.0469091 0.9960990 0.9938424 0.9707920 1.0404225 0.9753606 1.0210027 0.9796447 0.9638621 0.9722248 0.9598712 0.8735821 1.0305962 1.0757586 0.0000000 0.5132366 0.5028412 0.8854091 0.8568461 0.7365801 1.7213919 1.2681898 1.4160261 1.4004945 1.3243619 1.3190291 1.2418303 1.2241993 1.7415149 1.4931728 1.5633856 1.5132196 1.6851539 
Loxocemidae       0.9081640 0.9395975 0.9543149 0.9492031 0.9921522 0.9467008 0.9334714 0.9762470 0.9683002 0.9711065 0.9429073 0.9520131 0.9984591 0.9516914 0.9621537 0.9185345 0.8733985 0.8949037 0.8890136 0.8556828 0.8526180 0.8330966 0.8807891 0.8404072 0.8604511 0.8423188 0.8052839 0.8229361 0.8582976 0.7728107 0.8842464 1.0263082 0.5132366 0.0000000 0.2618598 0.8114468 0.7677688 0.6801166 1.5334305 1.2460753 1.3716742 1.3366612 1.2614467 1.2613205 1.2932471 1.2555010 1.6589702 1.3320786 1.4941379 1.4769403 1.7913724 
Natricidae        0.9330890 0.9553700 0.9823239 0.9645167 1.0018971 0.9727710 0.9574639 0.9600337 0.9599753 0.9671593 0.9799948 0.9403211 1.0300270 0.9748282 0.9913322 0.9293050 0.8895135 0.9288914 0.9504165 0.8673165 0.8992427 0.8804938 0.9252581 0.8903656 0.8927837 0.8808586 0.8489947 0.8729747 0.8588851 0.8193877 0.9264570 1.0155136 0.5028412 0.2618598 0.0000000 0.8142979 0.8594921 0.7143052 1.4669591 1.1890681 1.4255474 1.3929502 1.4036821 1.3591647 1.3190216 1.3147617 1.6784996 1.4343924 1.4927692 1.5172378 1.8478217 
Xenosauridae      1.3019853 1.3206357 1.3520234 1.3410895 1.3835774 1.4106733 1.4124577 1.3930498 1.3933838 1.3957718 1.3318902 1.3774111 1.3773040 1.3496213 1.3613420 1.2872723 1.2537123 1.2913512 1.3593530 1.3082200 1.2923036 1.2950280 1.3323085 1.3253376 1.3230084 1.3227147 1.2680944 1.2971989 1.3388847 1.1725146 1.3102794 1.4231929 0.8854091 0.8114468 0.8142979 0.0000000 1.2067112 0.9865888 2.0417550 1.6192223 1.8264704 1.6862313 1.6869095 1.6311094 1.6980681 1.6225164 2.3943293 1.8198286 1.8440388 1.9381313 2.2085572 
Teiidae           1.2233470 1.2515487 1.2245524 1.2032641 1.2860455 1.2813369 1.2628912 1.2392146 1.2338381 1.2486225 1.2678039 1.2652968 1.2607746 1.2795698 1.2565538 1.2224330 1.1827528 1.2620059 1.1573474 1.1521229 1.1124107 1.1056287 1.1320008 1.0811456 1.0924308 1.1060242 1.0745231 1.1332325 1.0938810 1.0634757 1.1527269 1.3093555 0.8568461 0.7677688 0.8594921 1.2067112 0.0000000 0.9324642 1.9149020 1.5090010 1.6694041 1.5463730 1.6234841 1.5240957 1.5267392 1.5254683 1.9878373 1.5570682 1.7465855 1.8059868 2.0477043 
Eublepharidae     1.0011289 1.0134872 1.0144861 1.0171956 1.0104740 1.0374309 1.0498689 1.0528653 1.0706458 1.0441756 1.0402586 1.0428243 1.0803198 1.0759432 1.0831484 0.9387639 0.9386655 0.9713127 0.9730711 0.9276648 0.9144117 0.9099498 0.9386384 0.9142366 0.9328655 0.9336085 0.9018186 0.9204144 0.9359081 0.8336186 0.9880626 1.1067243 0.7365801 0.6801166 0.7143052 0.9865888 0.9324642 0.0000000 1.5820047 1.2798067 1.4187082 1.3326750 1.3538630 1.2520358 1.2054308 1.2057771 1.7713969 1.4133292 1.4884969 1.5322040 1.7929898 
Dicamptodontidae  1.3713916 1.4200373 1.3819848 1.3807677 1.4198721 1.3742909 1.4144711 1.3553945 1.4083471 1.3893663 1.4181298 1.3451780 1.3986600 1.3686129 1.4144393 1.3297412 1.3003255 1.2806383 1.4303063 1.4251857 1.4493591 1.4128195 1.4736033 1.4417407 1.4147376 1.4239160 1.4221102 1.4340159 1.4337060 1.4119558 1.6500992 1.7205193 1.7213919 1.5334305 1.4669591 2.0417550 1.9149020 1.5820047 0.0000000 1.1209729 1.2087024 1.3009811 1.3388150 1.0945564 1.0776254 1.0443626 1.6807643 1.7565601 1.7887075 1.6645793 2.1281255 
Alytidae          1.0319519 1.0599509 1.0851980 1.0513493 1.1064576 1.0284117 1.0129593 0.9952865 1.0279531 1.1018344 1.0764621 1.0539993 1.1139936 1.0556142 1.0965258 1.0099859 1.0229488 1.0318789 1.2133697 1.1813962 1.2025336 1.1579381 1.2212973 1.2048105 1.1961820 1.1657793 1.1656371 1.2091122 1.1764094 1.1281999 1.2712738 1.3258096 1.2681898 1.2460753 1.1890681 1.6192223 1.5090010 1.2798067 1.1209729 0.0000000 0.8270293 0.8183741 0.8338121 0.7169328 0.7024968 0.6985909 1.4539298 1.3897130 1.3623949 1.3686981 1.7558406 
Heleophrynidae    1.1967050 1.2722732 1.2569226 1.1987895 1.2917366 1.1920057 1.2221113 1.2467430 1.2188561 1.2039857 1.2024423 1.2050406 1.2826868 1.2785601 1.2944994 1.1833644 1.1965586 1.1654223 1.4269283 1.3758634 1.3824452 1.3508086 1.4241239 1.4308847 1.3647916 1.4042078 1.3993918 1.3884880 1.3085822 1.2022734 1.4013196 1.5632485 1.4160261 1.3716742 1.4255474 1.8264704 1.6694041 1.4187082 1.2087024 0.8270293 0.0000000 0.6657203 0.6567539 0.5015848 0.5191721 0.4724807 1.4992961 1.4360283 1.5296888 1.5024336 1.8160877 
Leptodactylidae   1.2378699 1.2433701 1.2526785 1.2255957 1.2930493 1.1908676 1.2983615 1.2780334 1.2999509 1.2592280 1.2383719 1.2188998 1.2810376 1.2445957 1.2764513 1.1689297 1.1339690 1.1387902 1.2675394 1.2669955 1.2835856 1.2510617 1.3118186 1.2844022 1.2388577 1.2205186 1.2336869 1.3098025 1.3090602 1.1455257 1.3720366 1.4778966 1.4004945 1.3366612 1.3929502 1.6862313 1.5463730 1.3326750 1.3009811 0.8183741 0.6657203 0.0000000 0.2554610 0.4628237 0.4818740 0.4601950 1.5364825 1.3917853 1.5514729 1.5440525 1.7951788 
Strabomantidae    1.2179292 1.2280436 1.2439861 1.2234948 1.2698270 1.2232911 1.2321072 1.2385383 1.2477274 1.2582330 1.2097545 1.2206383 1.2618529 1.2078188 1.2908575 1.1621686 1.1406738 1.1400497 1.2761485 1.2968758 1.3066169 1.2466003 1.3335410 1.2631186 1.2306375 1.2386223 1.2398767 1.2971999 1.2982473 1.1654602 1.5017390 1.5184012 1.3243619 1.2614467 1.4036821 1.6869095 1.6234841 1.3538630 1.3388150 0.8338121 0.6567539 0.2554610 0.0000000 0.4717978 0.4702695 0.4486754 1.4743232 1.3526426 1.5691095 1.5552682 1.8100302 
Micrixalidae      1.1263648 1.1612789 1.1630041 1.1264068 1.1896921 1.1020573 1.1184972 1.1728790 1.1662431 1.1368278 1.1207718 1.1176544 1.1711003 1.1636699 1.1790079 1.0630571 1.0644352 1.0721379 1.2206537 1.1965889 1.2310595 1.1451906 1.2196397 1.2163170 1.1827232 1.1954436 1.1871555 1.2213185 1.1621621 1.0575876 1.2605867 1.4336538 1.3190291 1.2613205 1.3591647 1.6311094 1.5240957 1.2520358 1.0945564 0.7169328 0.5015848 0.4628237 0.4717978 0.0000000 0.2656780 0.2288664 1.3866511 1.2920239 1.6219620 1.5681558 1.8127121 
Hemisotidae       1.1244653 1.1354781 1.1631807 1.1226888 1.1646594 1.0888131 1.1077520 1.1154743 1.1000602 1.1011662 1.1076513 1.0845629 1.1343914 1.1100228 1.1629298 1.0507484 1.0640445 1.0708430 1.1630542 1.1900098 1.1941123 1.1760247 1.2196149 1.2043802 1.1877864 1.2055728 1.1904673 1.2262340 1.1539064 1.0568977 1.2383479 1.3419400 1.2418303 1.2932471 1.3190216 1.6980681 1.5267392 1.2054308 1.0776254 0.7024968 0.5191721 0.4818740 0.4702695 0.2656780 0.0000000 0.2269229 1.3289521 1.2647432 1.5616866 1.4875550 1.8405527 
Asterophryidae    1.0714623 1.0792826 1.1570988 1.1032827 1.1197453 1.0439128 1.0738632 1.0925844 1.0907211 1.0754963 1.0742698 1.0496430 1.1095577 1.0892831 1.1139563 1.0385553 1.0493500 1.0500405 1.1425899 1.1403609 1.1591765 1.1159873 1.1823862 1.1534589 1.1252657 1.1457314 1.1477456 1.1601163 1.0983210 0.9988969 1.2383812 1.3866437 1.2241993 1.2555010 1.3147617 1.6225164 1.5254683 1.2057771 1.0443626 0.6985909 0.4724807 0.4601950 0.4486754 0.2288664 0.2269229 0.0000000 1.3725529 1.2442240 1.4729132 1.4054398 1.7675233 
Caeciliidae2      1.5071492 1.4994194 1.5102141 1.4869115 1.5317666 1.4680127 1.5428732 1.5565776 1.5234566 1.5816060 1.5493859 1.5053011 1.5711812 1.5265394 1.5731452 1.4311220 1.4441447 1.4554382 1.6689969 1.6975270 1.7043851 1.6634977 1.6824411 1.6900199 1.6914427 1.6499198 1.6915218 1.7274898 1.6377626 1.5695376 1.6226900 1.7107209 1.7415149 1.6589702 1.6784996 2.3943293 1.9878373 1.7713969 1.6807643 1.4539298 1.4992961 1.5364825 1.4743232 1.3866511 1.3289521 1.3725529 0.0000000 1.9264481 1.8443274 1.7993192 2.0421927 
Polypteriformes   1.2749076 1.2751523 1.2712267 1.2732855 1.2761830 1.2536805 1.2515173 1.2413414 1.2689399 1.2812834 1.2953096 1.2291173 1.2453111 1.2678946 1.3011317 1.1856650 1.2076259 1.2156260 1.3313808 1.2689247 1.2840842 1.2716878 1.3275986 1.3284466 1.3151378 1.3357351 1.3156314 1.3749068 1.3434257 1.2580395 1.4375707 1.5000699 1.4931728 1.3320786 1.4343924 1.8198286 1.5570682 1.4133292 1.7565601 1.3897130 1.4360283 1.3917853 1.3526426 1.2920239 1.2647432 1.2442240 1.9264481 0.0000000 1.1779169 1.1677375 1.7363157 
Channichthyidae   1.2232166 1.2850647 1.3019562 1.2916147 1.3116061 1.2822767 1.2478927 1.2433904 1.2690363 1.2741011 1.3015865 1.2609833 1.2292831 1.2322025 1.3167662 1.3190531 1.3049997 1.3138620 1.3790766 1.3832688 1.3736859 1.3086683 1.4081219 1.4148368 1.3927146 1.4014019 1.4151082 1.4271148 1.3367224 1.2880456 1.4536255 1.6753962 1.5633856 1.4941379 1.4927692 1.8440388 1.7465855 1.4884969 1.7887075 1.3623949 1.5296888 1.5514729 1.5691095 1.6219620 1.5616866 1.4729132 1.8443274 1.1779169 0.0000000 0.1409408 1.5501646 
Pseudaphritidae   1.2039643 1.2578656 1.2439480 1.2751482 1.2833763 1.2584077 1.2280202 1.2154162 1.2422159 1.2779110 1.2740259 1.2542403 1.2467957 1.2618470 1.3004312 1.2742717 1.2416588 1.2760842 1.3162492 1.3659618 1.3451549 1.2964349 1.3878952 1.4149595 1.3587695 1.3968966 1.3982360 1.4029068 1.2892595 1.2303517 1.4246856 1.6744547 1.5132196 1.4769403 1.5172378 1.9381313 1.8059868 1.5322040 1.6645793 1.3686981 1.5024336 1.5440525 1.5552682 1.5681558 1.4875550 1.4054398 1.7993192 1.1677375 0.1409408 0.0000000 1.4955827 
Carcharhinidae    1.6520226 1.6916731 1.6588805 1.6301134 1.6603950 1.5633268 1.6831997 1.6083723 1.5765155 1.6413658 1.5648239 1.5285115 1.6734198 1.6431815 1.6681798 1.6195657 1.5901010 1.6208162 1.6914131 1.6942850 1.6351277 1.6160864 1.6984432 1.6748306 1.6775849 1.6886824 1.6979117 1.7335042 1.5798488 1.5764597 1.6882176 1.8230275 1.6851539 1.7913724 1.8478217 2.2085572 2.0477043 1.7929898 2.1281255 1.7558406 1.8160877 1.7951788 1.8100302 1.8127121 1.8405527 1.7675233 2.0421927 1.7363157 1.5501646 1.4955827 0.0000000 
