51
Pitheciidae       0.0000000 0.1781245 0.1591707 0.1595098 0.2190737 0.2230758 0.2402262 0.2399962 0.2363914 0.2185769 0.2322587 0.2155375 0.1936788 0.2008963 0.4072174 0.8712022 0.8287739 0.8769886 2.2695707 2.1556793 2.3419465 2.2752379 2.2040561 2.1295715 2.3225734 2.2532225 2.2081060 2.3772725 2.4490114 1.3634770 2.0131326 1.9040486 1.3634770 1.7077191 1.3642009 1.7202344 1.3097479 1.4655827 1.2439142 1.6971611 1.4010959 1.5021552 1.4409167 1.5352669 1.4272197 1.3727998 1.8158846 3.7597659 2.8219718 2.7734424 1.4796400 
Scandentia        0.1781245 0.0000000 0.2135732 0.2175665 0.2781469 0.3033075 0.3182061 0.3032167 0.2992806 0.2940794 0.2931434 0.2907243 0.2699769 0.2743815 0.4617133 0.9752134 0.9300095 0.9014766 2.3889271 2.1978382 2.4115695 2.3684553 2.2222932 2.1223669 2.3143693 2.1569359 2.1461160 2.4510844 2.3703321 1.5456280 2.2132172 1.9346306 1.4926015 1.7181290 1.5465107 1.8865525 1.3370151 1.4969505 1.4084741 1.8888998 1.5116073 1.5403803 1.5280544 1.5356537 1.4315945 1.3919932 1.8059247 3.7428712 3.1032273 3.1765132 1.7126229 
Erethizontidae    0.1591707 0.2135732 0.0000000 0.0548093 0.2066189 0.2140607 0.2637150 0.2662511 0.2699769 0.2377667 0.2399962 0.2532938 0.2402262 0.2290667 0.3993863 0.9084767 0.8062299 0.8062299 2.4619814 2.2967977 2.5414270 2.4431090 2.2752379 2.1430036 2.5308713 2.3703321 2.3608874 2.6074134 2.5279954 1.4762890 1.9953500 2.0870938 1.3645744 1.7707077 1.5021552 1.7738508 1.3371011 1.5196746 1.2154916 1.6921192 1.4594852 1.5422698 1.5210258 1.5182826 1.3919932 1.3732606 1.7718711 3.5320666 2.7535539 2.6933587 1.5923796 
Capromyidae       0.1595098 0.2175665 0.0548093 0.0000000 0.2070876 0.2251360 0.2853220 0.2631707 0.2706303 0.2455085 0.2441894 0.2465194 0.2372162 0.2366686 0.3766508 0.9126746 0.8359244 0.8222610 2.5717816 2.3672242 2.6573356 2.5533447 2.4092864 2.2532225 2.6429531 2.4238140 2.3713596 2.7050448 2.7395343 1.5001514 2.0665895 2.1213826 1.4034903 1.8715424 1.5137763 1.7954684 1.3465873 1.5396075 1.2567766 1.7387611 1.5116073 1.6082835 1.5858921 1.5356537 1.4222485 1.4212225 1.8460488 3.4469556 2.8768306 2.7979278 1.5457720 
Muridae           0.2190737 0.2781469 0.2066189 0.2070876 0.0000000 0.2688420 0.3543309 0.3539519 0.3498358 0.3056734 0.3223002 0.3024486 0.3158057 0.2819268 0.4867663 1.0725680 0.9234326 0.9496438 2.3498592 2.1962428 2.2453499 2.3860036 2.2452144 2.0436810 2.3675963 2.2401941 2.1864154 2.4922608 2.4490114 1.4836513 1.8173192 2.1315812 1.4529926 1.8605334 1.6021203 2.0313337 1.4403104 1.5742236 1.3185811 1.8277447 1.6349499 1.6446291 1.6118163 1.6921192 1.5001514 1.4544324 1.8202298 3.9222610 3.0131474 2.8716480 1.6719768 
Castoridae        0.2230758 0.3033075 0.2140607 0.2251360 0.2688420 0.0000000 0.3412666 0.3651514 0.3286466 0.3126895 0.3294965 0.3312111 0.2781469 0.2940794 0.4661685 1.0469652 0.9272700 0.9455640 2.6601118 2.3959859 2.4895311 2.4456425 2.3150338 2.1166118 2.4032128 2.3860036 2.3796781 2.5249228 2.6342337 1.6014950 2.0901826 2.1339285 1.5021552 1.8841788 1.5448458 1.7173488 1.4907793 1.5544974 1.3823032 1.8453504 1.4849782 1.5727677 1.5256515 1.5891865 1.4515869 1.3657449 1.7509117 3.6902198 2.9822483 3.1394681 1.6035485 
Suidae            0.2402262 0.3182061 0.2637150 0.2853220 0.3543309 0.3412666 0.0000000 0.2545874 0.2225671 0.2748022 0.3095677 0.2712873 0.2771901 0.2778561 0.4790067 0.8961898 0.8476932 0.8558423 2.3042071 2.3317506 2.3724543 2.0088760 2.0855093 1.9852697 2.2040561 2.1008973 2.0662668 2.3583613 2.3823966 1.5323873 1.9000695 1.8858197 1.5281001 1.7925561 1.5015209 1.6824734 1.4304634 1.6035485 1.2039533 1.6487446 1.4010959 1.5490703 1.5187983 1.4448039 1.3913275 1.3278260 1.8805517 3.6008434 2.9225288 2.8391221 1.5620929 
Hippopotamidae    0.2399962 0.3032167 0.2662511 0.2631707 0.3539519 0.3651514 0.2545874 0.0000000 0.1848269 0.2612865 0.2829846 0.2753056 0.2699769 0.2557674 0.5244516 0.9660909 0.8780658 0.9609429 2.4166026 2.4907504 2.6533479 2.2218111 2.1275735 2.2624001 2.3874216 2.3234591 2.2081060 2.4032128 2.4756571 1.4687291 1.8447483 1.9670072 1.3913275 1.8753770 1.5953897 1.8805517 1.5021552 1.6286617 1.3187920 1.7718711 1.4475555 1.5457720 1.5129692 1.4326705 1.4069492 1.3571950 2.0436810 3.7597659 2.7427369 2.8951504 1.6056251 
Hyperoodontidae   0.2363914 0.2992806 0.2699769 0.2706303 0.3498358 0.3286466 0.2225671 0.1848269 0.0000000 0.2600857 0.2663792 0.2588650 0.2441894 0.2594620 0.4991183 0.9588405 0.8310474 0.8970533 2.3823966 2.3632332 2.3319446 2.0882734 2.0570041 2.1574720 2.3321268 2.2040561 2.1664660 2.2971136 2.3020530 1.4426032 1.8836683 1.9670072 1.4361361 1.8988263 1.5325870 1.7530676 1.3645744 1.4969505 1.2852110 1.6573358 1.3458583 1.4254732 1.4243730 1.4254732 1.3460348 1.2644180 1.9363041 3.4202132 2.7509687 2.6622021 1.4515869 
Vespertilionidae  0.2185769 0.2940794 0.2377667 0.2455085 0.3056734 0.3126895 0.2748022 0.2612865 0.2600857 0.0000000 0.2008963 0.1881963 0.2402262 0.2230758 0.4642331 0.9489729 0.8335211 0.8484948 2.4804466 2.1497632 2.3999562 2.2040561 2.1804540 2.1798598 2.3505567 2.3412766 2.2507516 2.3761708 2.4619814 1.4671780 1.9473213 1.9340198 1.3012560 1.8304672 1.6745989 1.9569312 1.4946095 1.6807115 1.3278369 1.6726946 1.3940805 1.4624817 1.4101781 1.4434773 1.4282768 1.3009782 1.8027938 3.3968787 2.9327546 2.8991789 1.5763523 
Furipteridae      0.2322587 0.2931434 0.2399962 0.2441894 0.3223002 0.3294965 0.3095677 0.2829846 0.2663792 0.2008963 0.0000000 0.2027036 0.2424737 0.2430427 0.4622777 1.0028648 0.9398670 0.8986066 2.4803477 2.7395343 2.7715751 2.6851764 2.6581718 2.4510844 2.7133408 2.5826560 2.5898119 2.7751528 2.3905261 1.6367323 2.0142290 2.0557034 1.4926708 2.0557034 1.7493840 1.9869074 1.5084761 1.9136682 1.4409167 1.8118353 1.5923796 1.6290837 1.5794319 1.5689670 1.5448458 1.4222485 1.7892154 3.8058652 3.0830660 2.8907154 1.6487446 
Rhinolophidae     0.2155375 0.2907243 0.2532938 0.2465194 0.3024486 0.3312111 0.2712873 0.2753056 0.2588650 0.1881963 0.2027036 0.0000000 0.2472465 0.2380625 0.4660098 0.9417200 0.8477227 0.8986066 2.2156092 2.1826531 2.3317506 2.1008973 2.1072501 2.0048285 2.3772725 2.1712210 2.0219058 2.3324596 2.2630848 1.5397583 2.0643267 1.8917614 1.3906760 1.9136682 1.6740022 1.9659637 1.4986362 1.6265924 1.2761452 1.6330559 1.4315945 1.4687291 1.4010959 1.4051794 1.4010959 1.3649561 1.7173488 4.0580749 3.4227449 3.3296828 1.5529889 
Viverridae        0.1936788 0.2699769 0.2402262 0.2372162 0.3158057 0.2781469 0.2771901 0.2699769 0.2441894 0.2402262 0.2424737 0.2472465 0.0000000 0.1688947 0.4728106 0.9223498 0.9784676 0.9293116 2.2770932 2.2453499 2.4525970 2.2624001 2.4032128 2.1621879 2.4424710 2.2993118 2.2465588 2.4725379 2.3616196 1.4084741 1.9664413 2.1175980 1.4101781 1.9052812 1.4926708 1.7925561 1.4434773 1.6181764 1.2415031 1.5758894 1.3649561 1.4315945 1.3840454 1.4559076 1.3370151 1.2560648 1.8027938 3.5504192 2.5533447 2.5983775 1.5230287 
Procyonidae       0.2008963 0.2743815 0.2290667 0.2366686 0.2819268 0.2940794 0.2778561 0.2557674 0.2594620 0.2230758 0.2430427 0.2380625 0.1688947 0.0000000 0.4393927 0.9639492 0.8692182 0.8987746 2.4936352 2.4140032 2.6857110 2.3889271 2.4366948 2.2312851 2.5505198 2.2804927 2.3675963 2.6073780 2.4851144 1.5543462 1.8741928 2.0689534 1.3551252 1.9776130 1.5516948 1.8453504 1.4609657 1.5821840 1.2644180 1.5821840 1.4544324 1.4544324 1.4147867 1.5254981 1.4051794 1.3089348 2.0178110 3.4789566 2.7175060 2.6709584 1.6446291 
Myrmecophagidae   0.4072174 0.4617133 0.3993863 0.3766508 0.4867663 0.4661685 0.4790067 0.5244516 0.4991183 0.4642331 0.4622777 0.4660098 0.4728106 0.4393927 0.0000000 1.1293078 1.1956482 1.1174437 2.5053625 2.6552603 2.9903376 2.8795642 2.5315379 2.3509381 2.7591141 2.4504099 2.5279954 2.6881857 2.5439686 1.9838210 2.4224683 2.2190447 1.7284766 2.4166026 1.8917379 2.0841906 1.6628627 2.1385619 1.5352669 1.8529206 1.7023585 1.9097180 1.8529206 1.8099195 1.6971611 1.5957575 2.1275735 4.5588573 2.5753535 2.4671412 1.7995376 
Caluromyidae      0.8712022 0.9752134 0.9084767 0.9126746 1.0725680 1.0469652 0.8961898 0.9660909 0.9588405 0.9489729 1.0028648 0.9417200 0.9223498 0.9639492 1.1293078 0.0000000 0.4514024 0.4487096 2.3772725 2.2982508 2.6573356 2.2711656 2.2770932 1.9875036 2.4525970 2.4092864 2.3517726 2.3319446 2.4936352 1.7410419 1.9976941 2.0088760 1.7831833 2.2602078 1.8517794 2.0492406 1.6923424 1.8648530 1.5675810 2.1041353 1.7925037 1.8202298 1.7591381 1.8059247 1.7068772 1.7114840 2.4895311 3.9012460 3.0572987 3.0757789 1.8356671 
Thylacomyidae     0.8287739 0.9300095 0.8062299 0.8359244 0.9234326 0.9272700 0.8476932 0.8780658 0.8310474 0.8335211 0.9398670 0.8477227 0.9784676 0.8692182 1.1956482 0.4514024 0.0000000 0.3452676 2.2190447 2.2358637 2.4564208 2.1516823 2.0570041 1.8735015 2.2865530 2.1665381 2.1461160 2.2788412 2.4756571 1.7243925 2.0813406 2.1430036 1.6329416 2.1237509 1.9216277 2.1008973 1.7654026 2.0688691 1.7587166 2.2315546 1.7893347 1.9565664 1.7822484 1.8214035 1.8333306 1.8118353 2.5505198 3.9118386 3.6417533 3.4415227 1.9475802 
Phalangeridae     0.8769886 0.9014766 0.8062299 0.8222610 0.9496438 0.9455640 0.8558423 0.9609429 0.8970533 0.8484948 0.8986066 0.8986066 0.9293116 0.8987746 1.1174437 0.4487096 0.3452676 0.0000000 2.7898524 2.9457441 3.0695609 2.7695296 2.6342337 2.1775266 3.0131474 2.8402902 2.8907154 3.0225931 3.0146638 1.9571750 2.1472414 2.4071403 1.6682041 2.1041353 1.9201019 2.2982432 1.7958962 1.9461712 1.6554640 2.3498592 1.9097180 2.1223669 1.8586636 1.9470516 1.9107183 1.8022019 2.5642423 3.8683751 3.2571602 3.2043127 1.9274781 
Tityridae         2.2695707 2.3889271 2.4619814 2.5717816 2.3498592 2.6601118 2.3042071 2.4166026 2.3823966 2.4804466 2.4803477 2.2156092 2.2770932 2.4936352 2.5053625 2.3772725 2.2190447 2.7898524 0.0000000 0.7939329 0.8712022 0.6959355 0.6986757 0.6767322 0.7994961 0.7425107 0.8000245 0.7586347 0.8425438 1.5502025 2.2555578 1.7995376 1.7987244 2.1275735 1.5997986 2.1919845 1.7667644 2.1472414 1.9252839 2.2423900 1.9664413 2.1295325 2.0234043 2.2752379 1.9352137 2.1516823 2.9544435 6.3679032 3.4290619 3.1534639 2.3772725 
Ptilonorhynchidae 2.1556793 2.1978382 2.2967977 2.3672242 2.1962428 2.3959859 2.3317506 2.4907504 2.3632332 2.1497632 2.7395343 2.1826531 2.2453499 2.4140032 2.6552603 2.2982508 2.2358637 2.9457441 0.7939329 0.0000000 0.8216225 0.6892624 0.6845234 0.8157681 0.7214131 0.7087293 0.7709072 0.8196960 1.2297533 1.6472657 2.1175980 2.0219058 1.8988263 2.1213826 1.7550078 2.3051900 2.0178110 2.2554172 2.2959181 2.5742479 2.4632639 2.6240614 2.5108496 2.6403754 2.4071403 2.5140550 2.8459706 9.0000000 4.3326486 4.0201146 2.3112786 
Callaeatidae      2.3419465 2.4115695 2.5414270 2.6573356 2.2453499 2.4895311 2.3724543 2.6533479 2.3319446 2.3999562 2.7715751 2.3317506 2.4525970 2.6857110 2.9903376 2.6573356 2.4564208 3.0695609 0.8712022 0.8216225 0.0000000 0.5540320 0.5313245 0.5665688 0.5261675 0.5400770 0.5991182 0.6347808 1.2231720 2.0973591 2.8951504 2.4803477 1.9136682 2.7082457 1.7995376 2.5717816 2.2002592 2.0870938 1.9267772 2.4985192 2.0292607 2.2653794 2.0870938 2.3042071 2.1665381 2.4510844 2.6581718 5.3358831 3.4717174 3.3431730 2.5717816 
Monarchidae       2.2752379 2.3684553 2.4431090 2.5533447 2.3860036 2.4456425 2.0088760 2.2218111 2.0882734 2.2040561 2.6851764 2.1008973 2.2624001 2.3889271 2.8795642 2.2711656 2.1516823 2.7695296 0.6959355 0.6892624 0.5540320 0.0000000 0.3056734 0.4949449 0.5723863 0.5078632 0.5277820 0.5477935 1.0390587 1.6129346 2.4115695 2.0375789 2.0057754 2.2527934 1.7114840 2.3230296 1.9953500 2.1864154 1.9086767 2.2982432 1.9661929 2.2341089 2.1132733 2.2057916 2.0131326 2.1278319 2.4760643 9.0000000 3.8114892 3.7196431 2.2752379 
Malaconotidae     2.2040561 2.2222932 2.2752379 2.4092864 2.2452144 2.3150338 2.0855093 2.1275735 2.0570041 2.1804540 2.6581718 2.1072501 2.4032128 2.4366948 2.5315379 2.2770932 2.0570041 2.6342337 0.6986757 0.6845234 0.5313245 0.3056734 0.0000000 0.5211150 0.5277451 0.4685805 0.5062734 0.5244362 1.1181655 1.6092284 2.3051900 1.7764626 1.7403298 2.3210201 1.5928895 2.1253559 1.9960977 2.2218111 1.9470516 2.2880221 1.9373038 2.2532225 2.1350860 2.2835318 1.9761568 2.2401941 2.4890379 6.0642080 4.1447683 3.7180955 2.0767300 
Certhiidae        2.1295715 2.1223669 2.1430036 2.2532225 2.0436810 2.1166118 1.9852697 2.2624001 2.1574720 2.1798598 2.4510844 2.0048285 2.1621879 2.2312851 2.3509381 1.9875036 1.8735015 2.1775266 0.6767322 0.8157681 0.5665688 0.4949449 0.5211150 0.0000000 0.5195128 0.4987324 0.5211673 0.5441042 1.1216195 1.7622980 2.4456425 1.8430376 1.9166592 2.3416953 1.5992303 2.1664660 1.8022019 2.0740161 2.0621588 2.5571689 2.2040561 2.3234591 2.1237509 2.3784397 2.2002592 2.3143693 2.5372071 6.7737275 3.7653020 3.5258357 2.5420740 
Cinclidae         2.3225734 2.3143693 2.5308713 2.6429531 2.3675963 2.4032128 2.2040561 2.3874216 2.3321268 2.3505567 2.7133408 2.3772725 2.4424710 2.5505198 2.7591141 2.4525970 2.2865530 3.0131474 0.7994961 0.7214131 0.5261675 0.5723863 0.5277451 0.5195128 0.0000000 0.4910089 0.4987324 0.5360213 1.1803464 1.7956713 2.4804466 1.8484326 1.9064613 2.7050448 1.8688185 2.5420740 2.1157553 2.4366556 2.1295715 2.5219175 2.1854740 2.3905261 2.3322982 2.4805326 2.2412010 2.4719418 2.5092605 6.7547548 4.1221111 3.6611170 2.3601991 
Ploceidae         2.2532225 2.1569359 2.3703321 2.4238140 2.2401941 2.3860036 2.1008973 2.3234591 2.2040561 2.3412766 2.5826560 2.1712210 2.2993118 2.2804927 2.4504099 2.4092864 2.1665381 2.8402902 0.7425107 0.7087293 0.5400770 0.5078632 0.4685805 0.4987324 0.4910089 0.0000000 0.3707929 0.4727674 1.0314916 1.6310703 2.5162134 1.7591381 1.9968779 2.3724543 1.6673530 2.3324596 1.9475802 2.3042071 1.9663146 2.2880221 1.9300106 2.1948087 2.1334216 2.3003243 1.9953500 2.2535681 2.4456425 9.0000000 3.7816356 3.5623806 2.3143693 
Thraupidae        2.2081060 2.1461160 2.3608874 2.3713596 2.1864154 2.3796781 2.0662668 2.2081060 2.1664660 2.2507516 2.5898119 2.0219058 2.2465588 2.3675963 2.5279954 2.3517726 2.1461160 2.8907154 0.8000245 0.7709072 0.5991182 0.5277820 0.5062734 0.5211673 0.4987324 0.3707929 0.0000000 0.4765431 1.1694189 1.5689670 2.3963146 1.8888998 2.1041353 2.7695296 1.8277447 2.1874629 1.9192931 2.2849944 2.1403175 2.5826560 2.1666046 2.2439556 2.0786567 2.3411854 2.0786567 2.3242488 2.6074923 7.9745243 3.8079896 3.5913897 2.1664660 
Alaudidae         2.3772725 2.4510844 2.6074134 2.7050448 2.4922608 2.5249228 2.3583613 2.4032128 2.2971136 2.3761708 2.7751528 2.3324596 2.4725379 2.6073780 2.6881857 2.3319446 2.2788412 3.0225931 0.7586347 0.8196960 0.6347808 0.5477935 0.5244362 0.5441042 0.5360213 0.4727674 0.4765431 0.0000000 1.1470162 1.6824734 2.6247151 1.8975309 2.0767300 2.5092605 1.8930745 2.4851144 2.1452867 2.5372071 2.2283034 3.0105249 2.3583613 2.7992282 2.5994629 2.6993767 2.5915045 2.8353426 3.2110951 9.0000000 3.8904873 3.8182440 2.3505567 
Coraciiformes     2.4490114 2.3703321 2.5279954 2.7395343 2.4490114 2.6342337 2.3823966 2.4756571 2.3020530 2.4619814 2.3905261 2.2630848 2.3616196 2.4851144 2.5439686 2.4936352 2.4756571 3.0146638 0.8425438 1.2297533 1.2231720 1.0390587 1.1181655 1.1216195 1.1803464 1.0314916 1.1694189 1.1470162 0.0000000 1.9960977 2.3238652 1.9223481 1.9052812 2.1041767 1.7132527 2.1213826 1.7181290 2.1175980 2.1612365 2.4805326 1.9473213 2.0795778 2.0342729 2.1213826 1.9470516 2.0740161 2.7361600 5.2925228 3.8335091 3.6417533 2.6709584 
Crocodylidae      1.3634770 1.5456280 1.4762890 1.5001514 1.4836513 1.6014950 1.5323873 1.4687291 1.4426032 1.4671780 1.6367323 1.5397583 1.4084741 1.5543462 1.9838210 1.7410419 1.7243925 1.9571750 1.5502025 1.6472657 2.0973591 1.6129346 1.6092284 1.7622980 1.7956713 1.6310703 1.5689670 1.6824734 1.9960977 0.0000000 1.6422161 1.4736093 1.2669005 1.4807025 1.1881920 1.4339370 1.3846522 1.3906760 1.5919506 1.8873913 1.4559076 1.5377903 1.5305205 1.5891865 1.4965973 1.4825920 2.1811105 3.9196003 3.3968787 3.1032273 1.9857929 
Carettochelyidae  2.0131326 2.2132172 1.9953500 2.0665895 1.8173192 2.0901826 1.9000695 1.8447483 1.8836683 1.9473213 2.0142290 2.0643267 1.9664413 1.8741928 2.4224683 1.9976941 2.0813406 2.1472414 2.2555578 2.1175980 2.8951504 2.4115695 2.3051900 2.4456425 2.4804466 2.5162134 2.3963146 2.6247151 2.3238652 1.6422161 0.0000000 1.4849782 1.6690039 1.9563084 1.6310703 1.9175741 1.7317184 1.6615960 1.9772244 2.2815750 1.9675051 1.9901780 1.9784464 2.1764902 1.9985470 2.0100061 2.8402902 4.8579574 3.4663376 3.2853669 2.3415811 
Kinosternidae     1.9040486 1.9346306 2.0870938 2.1213826 2.1315812 2.1339285 1.8858197 1.9670072 1.9670072 1.9340198 2.0557034 1.8917614 2.1175980 2.0689534 2.2190447 2.0088760 2.1430036 2.4071403 1.7995376 2.0219058 2.4803477 2.0375789 1.7764626 1.8430376 1.8484326 1.7591381 1.8888998 1.8975309 1.9223481 1.4736093 1.4849782 0.0000000 1.5890924 1.9976941 1.5957575 1.8851378 1.5330527 1.8453504 1.8648530 2.3940446 1.9664413 2.0941893 2.0513255 2.2020273 2.1008973 2.0591626 2.6353378 3.4353207 3.0381943 2.7002202 2.0925313 
Anomalepididae    1.3634770 1.4926015 1.3645744 1.4034903 1.4529926 1.5021552 1.5281001 1.3913275 1.4361361 1.3012560 1.4926708 1.3906760 1.4101781 1.3551252 1.7284766 1.7831833 1.6329416 1.6682041 1.7987244 1.8988263 1.9136682 2.0057754 1.7403298 1.9166592 1.9064613 1.9968779 2.1041353 2.0767300 1.9052812 1.2669005 1.6690039 1.5890924 0.0000000 0.7329815 0.5482669 1.0819314 0.6465338 0.8037472 1.3913275 1.7630224 1.5982319 1.6773165 1.6056251 1.5797382 1.4796400 1.4624817 2.1416807 3.2504808 2.3889271 2.2382794 1.5333258 
Loxocemidae       1.7077191 1.7181290 1.7707077 1.8715424 1.8605334 1.8841788 1.7925561 1.8753770 1.8988263 1.8304672 2.0557034 1.9136682 1.9052812 1.9776130 2.4166026 2.2602078 2.1237509 2.1041353 2.1275735 2.1213826 2.7082457 2.2527934 2.3210201 2.3416953 2.7050448 2.3724543 2.7695296 2.5092605 2.1041767 1.4807025 1.9563084 1.9976941 0.7329815 0.0000000 0.5176014 1.3463992 0.9725739 0.9853455 1.7692295 2.1374543 1.8146277 2.0292607 1.8873913 1.8724722 1.8550339 1.8230576 2.5808466 3.9003350 2.7133408 2.7260074 1.9040486 
Natricidae        1.3642009 1.5465107 1.5021552 1.5137763 1.6021203 1.5448458 1.5015209 1.5953897 1.5325870 1.6745989 1.7493840 1.6740022 1.4926708 1.5516948 1.8917379 1.8517794 1.9216277 1.9201019 1.5997986 1.7550078 1.7995376 1.7114840 1.5928895 1.5992303 1.8688185 1.6673530 1.8277447 1.8930745 1.7132527 1.1881920 1.6310703 1.5957575 0.5482669 0.5176014 0.0000000 0.9289883 0.6716637 0.7523536 1.2771364 1.5697294 1.5630283 1.5797382 1.4981958 1.5505299 1.3828713 1.3732606 1.9776130 3.6300192 2.5484952 2.5553285 1.5753841 
Xenosauridae      1.7202344 1.8865525 1.7738508 1.7954684 2.0313337 1.7173488 1.6824734 1.8805517 1.7530676 1.9569312 1.9869074 1.9659637 1.7925561 1.8453504 2.0841906 2.0492406 2.1008973 2.2982432 2.1919845 2.3051900 2.5717816 2.3230296 2.1253559 2.1664660 2.5420740 2.3324596 2.1874629 2.4851144 2.1213826 1.4339370 1.9175741 1.8851378 1.0819314 1.3463992 0.9289883 0.0000000 1.1458623 1.2574752 1.5502025 2.0561689 1.9024117 1.9000695 1.9107183 1.9300106 1.7894419 1.7607986 2.2675374 4.3367685 3.6585478 3.7289264 2.2490212 
Teiidae           1.3097479 1.3370151 1.3371011 1.3465873 1.4403104 1.4907793 1.4304634 1.5021552 1.3645744 1.4946095 1.5084761 1.4986362 1.4434773 1.4609657 1.6628627 1.6923424 1.7654026 1.7958962 1.7667644 2.0178110 2.2002592 1.9953500 1.9960977 1.8022019 2.1157553 1.9475802 1.9192931 2.1452867 1.7181290 1.3846522 1.7317184 1.5330527 0.6465338 0.9725739 0.6716637 1.1458623 0.0000000 0.8341357 1.3278260 1.8089363 1.5950515 1.6154470 1.5571498 1.4421819 1.3940805 1.3371889 1.7146544 3.8432077 2.5162134 2.5037173 1.4301506 
Eublepharidae     1.4655827 1.4969505 1.5196746 1.5396075 1.5742236 1.5544974 1.6035485 1.6286617 1.4969505 1.6807115 1.9136682 1.6265924 1.6181764 1.5821840 2.1385619 1.8648530 2.0688691 1.9461712 2.1472414 2.2554172 2.0870938 2.1864154 2.2218111 2.0740161 2.4366556 2.3042071 2.2849944 2.5372071 2.1175980 1.3906760 1.6615960 1.8453504 0.8037472 0.9853455 0.7523536 1.2574752 0.8341357 0.0000000 1.4409167 1.9052812 1.6971611 1.5377903 1.5448458 1.6472657 1.5858453 1.4849782 2.3121252 3.5062837 2.8370757 2.5904174 1.5223628 
Dicamptodontidae  1.2439142 1.4084741 1.2154916 1.2567766 1.3185811 1.3823032 1.2039533 1.3187920 1.2852110 1.3278369 1.4409167 1.2761452 1.2415031 1.2644180 1.5352669 1.5675810 1.7587166 1.6554640 1.9252839 2.2959181 1.9267772 1.9086767 1.9470516 2.0621588 2.1295715 1.9663146 2.1403175 2.2283034 2.1612365 1.5919506 1.9772244 1.8648530 1.3913275 1.7692295 1.2771364 1.5502025 1.3278260 1.4409167 0.0000000 0.5449047 0.5423936 0.5035096 0.5098648 0.5473378 0.4700192 0.4512899 1.1233090 3.6768803 2.6254184 2.6443938 1.1519971 
Alytidae          1.6971611 1.8888998 1.6921192 1.7387611 1.8277447 1.8453504 1.6487446 1.7718711 1.6573358 1.6726946 1.8118353 1.6330559 1.5758894 1.5821840 1.8529206 2.1041353 2.2315546 2.3498592 2.2423900 2.5742479 2.4985192 2.2982432 2.2880221 2.5571689 2.5219175 2.2880221 2.5826560 3.0105249 2.4805326 1.8873913 2.2815750 2.3940446 1.7630224 2.1374543 1.5697294 2.0561689 1.8089363 1.9052812 0.5449047 0.0000000 0.5627368 0.6058774 0.5983251 0.5709593 0.4867663 0.4931378 1.4076493 3.5131971 2.3959859 2.4997331 1.3812028 
Heleophrynidae    1.4010959 1.5116073 1.4594852 1.5116073 1.6349499 1.4849782 1.4010959 1.4475555 1.3458583 1.3940805 1.5923796 1.4315945 1.3649561 1.4544324 1.7023585 1.7925037 1.7893347 1.9097180 1.9664413 2.4632639 2.0292607 1.9661929 1.9373038 2.2040561 2.1854740 1.9300106 2.1666046 2.3583613 1.9473213 1.4559076 1.9675051 1.9664413 1.5982319 1.8146277 1.5630283 1.9024117 1.5950515 1.6971611 0.5423936 0.5627368 0.0000000 0.2732805 0.2854219 0.2933529 0.2160828 0.2363914 1.3279443 3.4202132 2.8300560 3.0117743 1.2144233 
Leptodactylidae   1.5021552 1.5403803 1.5422698 1.6082835 1.6446291 1.5727677 1.5490703 1.5457720 1.4254732 1.4624817 1.6290837 1.4687291 1.4315945 1.4544324 1.9097180 1.8202298 1.9565664 2.1223669 2.1295325 2.6240614 2.2653794 2.2341089 2.2532225 2.3234591 2.3905261 2.1948087 2.2439556 2.7992282 2.0795778 1.5377903 1.9901780 2.0941893 1.6773165 2.0292607 1.5797382 1.9000695 1.6154470 1.5377903 0.5035096 0.6058774 0.2732805 0.0000000 0.0871633 0.2909628 0.2241008 0.2484200 1.2278293 3.2802594 2.6644604 2.7566748 1.2251358 
Strabomantidae    1.4409167 1.5280544 1.5210258 1.5858921 1.6118163 1.5256515 1.5187983 1.5129692 1.4243730 1.4101781 1.5794319 1.4010959 1.3840454 1.4147867 1.8529206 1.7591381 1.7822484 1.8586636 2.0234043 2.5108496 2.0870938 2.1132733 2.1350860 2.1237509 2.3322982 2.1334216 2.0786567 2.5994629 2.0342729 1.5305205 1.9784464 2.0513255 1.6056251 1.8873913 1.4981958 1.9107183 1.5571498 1.5448458 0.5098648 0.5983251 0.2854219 0.0871633 0.0000000 0.3174014 0.2460849 0.2563802 1.2411250 3.6670413 2.5053625 2.5891586 1.1693434 
Micrixalidae      1.5352669 1.5356537 1.5182826 1.5356537 1.6921192 1.5891865 1.4448039 1.4326705 1.4254732 1.4434773 1.5689670 1.4051794 1.4559076 1.5254981 1.8099195 1.8059247 1.8214035 1.9470516 2.2752379 2.6403754 2.3042071 2.2057916 2.2835318 2.3784397 2.4805326 2.3003243 2.3411854 2.6993767 2.1213826 1.5891865 2.1764902 2.2020273 1.5797382 1.8724722 1.5505299 1.9300106 1.4421819 1.6472657 0.5473378 0.5709593 0.2933529 0.2909628 0.3174014 0.0000000 0.1566159 0.1722209 1.2875745 2.9158890 2.6165053 2.7734424 1.1821750 
Hemisotidae       1.4272197 1.4315945 1.3919932 1.4222485 1.5001514 1.4515869 1.3913275 1.4069492 1.3460348 1.4282768 1.5448458 1.4010959 1.3370151 1.4051794 1.6971611 1.7068772 1.8333306 1.9107183 1.9352137 2.4071403 2.1665381 2.0131326 1.9761568 2.2002592 2.2412010 1.9953500 2.0786567 2.5915045 1.9470516 1.4965973 1.9985470 2.1008973 1.4796400 1.8550339 1.3828713 1.7894419 1.3940805 1.5858453 0.4700192 0.4867663 0.2160828 0.2241008 0.2460849 0.1566159 0.0000000 0.1063593 1.2191389 3.0066461 2.9193802 3.0131474 1.0859554 
Asterophryidae    1.3727998 1.3919932 1.3732606 1.4212225 1.4544324 1.3657449 1.3278260 1.3571950 1.2644180 1.3009782 1.4222485 1.3649561 1.2560648 1.3089348 1.5957575 1.7114840 1.8118353 1.8022019 2.1516823 2.5140550 2.4510844 2.1278319 2.2401941 2.3143693 2.4719418 2.2535681 2.3242488 2.8353426 2.0740161 1.4825920 2.0100061 2.0591626 1.4624817 1.8230576 1.3732606 1.7607986 1.3371889 1.4849782 0.4512899 0.4931378 0.2363914 0.2484200 0.2563802 0.1722209 0.1063593 0.0000000 1.2418789 3.1409174 2.6644604 2.7040692 1.1342366 
Caeciliidae2      1.8158846 1.8059247 1.7718711 1.8460488 1.8202298 1.7509117 1.8805517 2.0436810 1.9363041 1.8027938 1.7892154 1.7173488 1.8027938 2.0178110 2.1275735 2.4895311 2.5505198 2.5642423 2.9544435 2.8459706 2.6581718 2.4760643 2.4890379 2.5372071 2.5092605 2.4456425 2.6074923 3.2110951 2.7361600 2.1811105 2.8402902 2.6353378 2.1416807 2.5808466 1.9776130 2.2675374 1.7146544 2.3121252 1.1233090 1.4076493 1.3279443 1.2278293 1.2411250 1.2875745 1.2191389 1.2418789 0.0000000 4.5949446 3.7137042 3.6244028 1.9352137 
Polypteriformes   3.7597659 3.7428712 3.5320666 3.4469556 3.9222610 3.6902198 3.6008434 3.7597659 3.4202132 3.3968787 3.8058652 4.0580749 3.5504192 3.4789566 4.5588573 3.9012460 3.9118386 3.8683751 6.3679032 9.0000000 5.3358831 9.0000000 6.0642080 6.7737275 6.7547548 9.0000000 7.9745243 9.0000000 5.2925228 3.9196003 4.8579574 3.4353207 3.2504808 3.9003350 3.6300192 4.3367685 3.8432077 3.5062837 3.6768803 3.5131971 3.4202132 3.2802594 3.6670413 2.9158890 3.0066461 3.1409174 4.5949446 0.0000000 4.3367685 4.0298160 3.1394681 
Channichthyidae   2.8219718 3.1032273 2.7535539 2.8768306 3.0131474 2.9822483 2.9225288 2.7427369 2.7509687 2.9327546 3.0830660 3.4227449 2.5533447 2.7175060 2.5753535 3.0572987 3.6417533 3.2571602 3.4290619 4.3326486 3.4717174 3.8114892 4.1447683 3.7653020 4.1221111 3.7816356 3.8079896 3.8904873 3.8335091 3.3968787 3.4663376 3.0381943 2.3889271 2.7133408 2.5484952 3.6585478 2.5162134 2.8370757 2.6254184 2.3959859 2.8300560 2.6644604 2.5053625 2.6165053 2.9193802 2.6644604 3.7137042 4.3367685 0.0000000 0.1540471 2.5249228 
Pseudaphritidae   2.7734424 3.1765132 2.6933587 2.7979278 2.8716480 3.1394681 2.8391221 2.8951504 2.6622021 2.8991789 2.8907154 3.3296828 2.5983775 2.6709584 2.4671412 3.0757789 3.4415227 3.2043127 3.1534639 4.0201146 3.3431730 3.7196431 3.7180955 3.5258357 3.6611170 3.5623806 3.5913897 3.8182440 3.6417533 3.1032273 3.2853669 2.7002202 2.2382794 2.7260074 2.5553285 3.7289264 2.5037173 2.5904174 2.6443938 2.4997331 3.0117743 2.7566748 2.5891586 2.7734424 3.0131474 2.7040692 3.6244028 4.0298160 0.1540471 0.0000000 2.4161076 
Carcharhinidae    1.4796400 1.7126229 1.5923796 1.5457720 1.6719768 1.6035485 1.5620929 1.6056251 1.4515869 1.5763523 1.6487446 1.5529889 1.5230287 1.6446291 1.7995376 1.8356671 1.9475802 1.9274781 2.3772725 2.3112786 2.5717816 2.2752379 2.0767300 2.5420740 2.3601991 2.3143693 2.1664660 2.3505567 2.6709584 1.9857929 2.3415811 2.0925313 1.5333258 1.9040486 1.5753841 2.2490212 1.4301506 1.5223628 1.1519971 1.3812028 1.2144233 1.2251358 1.1693434 1.1821750 1.0859554 1.1342366 1.9352137 3.1394681 2.5249228 2.4161076 0.0000000 
