51
Pitheciidae       0.0000000 0.7085937 0.6606161 0.6440935 0.7445228 0.6774772 0.7478862 0.6483451 0.7922579 0.7208750 0.6959620 0.7257414 0.7976388 0.7452983 0.8291545 1.0865255 1.1384546 1.1765012 1.4690683 1.4356011 1.5093820 1.4157201 1.4444997 1.5093642 1.4939474 1.4932698 1.4947841 1.4776931 1.4752718 1.2973289 1.2429628 1.2609802 1.2769077 1.2608749 1.3109030 1.4115399 1.2771895 1.1579340 1.5670114 1.6327344 1.3696258 1.4175135 1.4153105 1.3520028 1.3648520 1.3763532 1.9412756 2.0015987 2.2152709 2.1730584 3.5859183 
Scandentia        0.7085937 0.0000000 0.5338837 0.4927661 0.5764415 0.5335046 0.5775644 0.5253711 0.6194894 0.5382628 0.5373324 0.5728767 0.6224833 0.5687319 0.6486262 0.8403368 0.9333769 1.0255232 1.3373135 1.3260614 1.4196951 1.3611546 1.3515331 1.3639009 1.3527756 1.3700138 1.3784036 1.3692049 1.3289022 1.1310632 1.1447720 1.1662374 1.2094493 1.1338824 1.1598806 1.2343217 1.1721738 1.0858657 1.3411529 1.5107868 1.2176472 1.2428368 1.2289614 1.2175093 1.2479022 1.2309565 1.7008769 1.7640564 2.1199385 2.0354323 3.1615891 
Erethizontidae    0.6606161 0.5338837 0.0000000 0.1662950 0.4611949 0.4313215 0.5417185 0.4465397 0.5318125 0.4804540 0.4813507 0.4701486 0.5967970 0.5441295 0.6154573 0.8694238 0.9029792 0.9554492 1.3480049 1.3152324 1.3898526 1.3345308 1.3283085 1.3715196 1.3394723 1.3544870 1.3652358 1.3747313 1.2887337 1.1257343 1.1188943 1.1437291 1.1329079 1.1075036 1.1026020 1.1898800 1.1286209 1.0333116 1.3621619 1.5138850 1.1923043 1.2106333 1.2148589 1.2007885 1.2191334 1.2100979 1.7205078 1.8207595 2.2718308 2.1944280 3.6234884 
Capromyidae       0.6440935 0.4927661 0.1662950 0.0000000 0.4286627 0.3952381 0.5231361 0.4301050 0.5145875 0.4387827 0.4445216 0.4440026 0.5394834 0.4965493 0.5621027 0.8461970 0.8753229 0.9197272 1.3214418 1.2778460 1.3259816 1.3025511 1.2740743 1.3282127 1.3273032 1.3259547 1.3452173 1.3593037 1.2574603 1.0944156 1.0668032 1.0914225 1.0895723 1.0375630 1.0370744 1.1313804 1.0513112 0.9496965 1.3057495 1.4520271 1.1628763 1.1845621 1.1811401 1.1684753 1.1866063 1.1930401 1.6344561 1.7872275 2.1773869 2.0792866 3.8365481 
Muridae           0.7445228 0.5764415 0.4611949 0.4286627 0.0000000 0.4459994 0.5843410 0.5302763 0.6232417 0.5335776 0.5388460 0.5393397 0.6300525 0.5629240 0.6632088 0.9234555 0.9772352 1.0248901 1.3910320 1.3545570 1.4093942 1.3367405 1.3551551 1.3912928 1.3984899 1.3718881 1.3874769 1.4145911 1.3606594 1.1926894 1.1782344 1.2062249 1.2315175 1.1721071 1.1596495 1.2506746 1.2067171 1.1074143 1.4136841 1.6082434 1.3423110 1.3584162 1.3437285 1.3333425 1.3473724 1.3417543 1.8209786 1.7782915 2.1117180 2.0713819 3.3331621 
Castoridae        0.6774772 0.5335046 0.4313215 0.3952381 0.4459994 0.0000000 0.5475589 0.4521262 0.5559044 0.4791773 0.4789470 0.5199553 0.5804561 0.5374879 0.5917935 0.9011471 0.8753073 0.9809821 1.3156988 1.3056420 1.3759145 1.3312171 1.3133282 1.3744639 1.3711647 1.3393084 1.3424617 1.3551170 1.3119603 1.0632061 1.0780339 1.1013684 1.1298059 1.0904324 1.0834146 1.1866833 1.1192061 1.0252789 1.3461394 1.5324083 1.2208329 1.2446840 1.2484134 1.2235232 1.2604146 1.2425786 1.7510222 1.7126619 2.1399051 2.0813595 3.4739107 
Suidae            0.7478862 0.5775644 0.5417185 0.5231361 0.5843410 0.5475589 0.0000000 0.3030856 0.3695168 0.4357877 0.4260918 0.4346977 0.4989546 0.4522344 0.5765150 0.8470124 0.8748579 0.9317834 1.2857836 1.2534847 1.2977104 1.2745368 1.2686123 1.3419863 1.3168329 1.3174133 1.3005972 1.3379367 1.2860492 1.1176910 1.0854233 1.1034764 1.1792794 1.0934759 1.1413414 1.2266327 1.1576705 1.0529835 1.2819663 1.4936264 1.2143389 1.2560747 1.2488706 1.2156720 1.2306969 1.2599296 1.6471419 1.7493132 2.1703904 2.1414410 3.1757270 
Hippopotamidae    0.6483451 0.5253711 0.4465397 0.4301050 0.5302763 0.4521262 0.3030856 0.0000000 0.2531188 0.3615402 0.3494922 0.3678134 0.4292975 0.3885459 0.5438398 0.8290113 0.8600519 0.9086825 1.2365310 1.2015729 1.2405125 1.2192391 1.1987339 1.2665440 1.2519179 1.2599002 1.2302988 1.2821181 1.2218909 1.0292370 0.9942438 1.0098291 1.0443053 1.0114067 1.0407442 1.1438171 1.0474629 0.9463632 1.2713277 1.3826300 1.1572400 1.1763560 1.1827796 1.1443177 1.1625179 1.1809566 1.5992590 1.7348668 2.0558935 1.9828342 3.2576197 
Hyperoodontidae   0.7922579 0.6194894 0.5318125 0.5145875 0.6232417 0.5559044 0.3695168 0.2531188 0.0000000 0.4360404 0.4367188 0.4404800 0.5179165 0.5089369 0.6002342 0.9193044 0.9490848 0.9990256 1.3382127 1.2972467 1.3792456 1.3348777 1.3090891 1.3878236 1.3902543 1.3954520 1.3431342 1.4034797 1.3070591 1.1156248 1.0996908 1.1215257 1.1794898 1.1266925 1.1518439 1.2586523 1.1866348 1.0814558 1.3405208 1.5515078 1.2446817 1.3211854 1.3193124 1.2634993 1.2928672 1.3037003 1.7483299 1.9041610 2.2301241 2.2218374 3.4138589 
Vespertilionidae  0.7208750 0.5382628 0.4804540 0.4387827 0.5335776 0.4791773 0.4357877 0.3615402 0.4360404 0.0000000 0.2294006 0.2782232 0.4449909 0.4207463 0.5470937 0.8397741 0.8885494 0.8899485 1.2958137 1.2492931 1.3048502 1.2682184 1.2683884 1.3372227 1.3190731 1.3230513 1.3214003 1.3013263 1.2622041 1.1081345 1.0673640 1.0951837 1.1403512 1.0600443 1.1079876 1.2264989 1.1247777 1.0173375 1.3385153 1.4877396 1.2584317 1.2472876 1.2471882 1.2355372 1.2561556 1.2615206 1.7579009 1.6389041 2.1674261 2.1431067 3.3335990 
Furipteridae      0.6959620 0.5373324 0.4813507 0.4445216 0.5388460 0.4789470 0.4260918 0.3494922 0.4367188 0.2294006 0.0000000 0.2574042 0.4297485 0.4083277 0.5283079 0.8281085 0.8565496 0.9031965 1.2883123 1.2426164 1.2999511 1.2441209 1.2397977 1.3091014 1.2823671 1.2995618 1.2803179 1.3087407 1.2571052 1.0620721 1.0293643 1.0600607 1.1023589 1.0460128 1.0697137 1.1863713 1.0873626 0.9646949 1.2599279 1.4382527 1.1837534 1.1924604 1.2021243 1.1722694 1.1845309 1.1929664 1.7032104 1.7030899 2.1200508 2.0879947 3.1841713 
Rhinolophidae     0.7257414 0.5728767 0.4701486 0.4440026 0.5393397 0.5199553 0.4346977 0.3678134 0.4404800 0.2782232 0.2574042 0.0000000 0.4718022 0.4285676 0.5663103 0.8877636 0.9181107 0.9165582 1.3278128 1.2854744 1.3591245 1.2909622 1.2947059 1.3555235 1.3212421 1.3454022 1.3370021 1.3600467 1.2909432 1.0690289 1.0706055 1.1044869 1.1430740 1.0840755 1.1227434 1.1993461 1.1352441 1.0251189 1.3448771 1.4653044 1.2519814 1.2593319 1.2447858 1.2461296 1.2572677 1.2666362 1.7785083 1.7208323 2.2180461 2.1839873 3.2542403 
Viverridae        0.7976388 0.6224833 0.5967970 0.5394834 0.6300525 0.5804561 0.4989546 0.4292975 0.5179165 0.4449909 0.4297485 0.4718022 0.0000000 0.2863697 0.6270277 0.9352552 0.9477568 0.9894823 1.3428177 1.3146222 1.3656502 1.3155902 1.3149320 1.3845650 1.3652835 1.3570201 1.3449597 1.3879735 1.3322517 1.1361819 1.1283084 1.1225598 1.1378172 1.0871472 1.1045453 1.1982496 1.1753786 1.0345145 1.2853101 1.5233299 1.2460270 1.2533832 1.2630514 1.2275622 1.2438257 1.2574801 1.7403828 1.8804674 2.1111865 2.0908199 3.3950320 
Procyonidae       0.7452983 0.5687319 0.5441295 0.4965493 0.5629240 0.5374879 0.4522344 0.3885459 0.5089369 0.4207463 0.4083277 0.4285676 0.2863697 0.0000000 0.5737013 0.8674604 0.8788648 0.9594686 1.2128784 1.1865742 1.2591925 1.2066527 1.1998394 1.2822317 1.2638633 1.2545830 1.2424851 1.2756688 1.1623470 1.0225804 1.0074046 1.0412083 1.0753020 1.0567603 1.0851879 1.1411750 1.0991473 0.9729877 1.2192685 1.4825196 1.1791242 1.1869729 1.1866100 1.1618825 1.1574656 1.1997590 1.5725344 1.7468201 2.0373453 2.0132434 3.1611615 
Myrmecophagidae   0.8291545 0.6486262 0.6154573 0.5621027 0.6632088 0.5917935 0.5765150 0.5438398 0.6002342 0.5470937 0.5283079 0.5663103 0.6270277 0.5737013 0.0000000 0.9079997 0.9111507 1.0112034 1.3699621 1.3545888 1.3709653 1.3705952 1.3481855 1.3976303 1.3734455 1.3986699 1.3835323 1.3787882 1.3471542 1.1707709 1.1227418 1.1366182 1.2115795 1.1425646 1.1408653 1.2456029 1.1450912 1.0860139 1.3365169 1.4795113 1.2543545 1.2670243 1.2807552 1.2562291 1.2729956 1.2732071 1.7314728 1.7394952 2.3395451 2.2502818 3.2953347 
Caluromyidae      1.0865255 0.8403368 0.8694238 0.8461970 0.9234555 0.9011471 0.8470124 0.8290113 0.9193044 0.8397741 0.8281085 0.8877636 0.9352552 0.8674604 0.9079997 0.0000000 0.3450615 0.3934255 1.3650370 1.4074529 1.4051445 1.3900063 1.3830523 1.4370231 1.4077093 1.4201210 1.4065832 1.4462580 1.3281201 1.1799146 1.1138050 1.1254487 1.1223113 1.0642586 1.0494583 1.1602704 1.1146291 1.0200636 1.2824137 1.4082609 1.1378631 1.1623769 1.1737086 1.1556966 1.1860408 1.1793361 1.6688115 1.6695457 2.0273487 2.0011786 3.2448442 
Thylacomyidae     1.1384546 0.9333769 0.9029792 0.8753229 0.9772352 0.8753073 0.8748579 0.8600519 0.9490848 0.8885494 0.8565496 0.9181107 0.9477568 0.8788648 0.9111507 0.3450615 0.0000000 0.3502059 1.3942166 1.3976388 1.3861751 1.3642111 1.3662115 1.4342101 1.3820783 1.4271508 1.4245298 1.4386128 1.3130081 1.1765787 1.0896466 1.1303203 1.1166516 1.0876306 1.1086670 1.1856765 1.1153079 1.0476668 1.2590660 1.4032693 1.1856277 1.1734517 1.1756707 1.1727777 1.1716624 1.2060351 1.6217547 1.6580450 1.9864522 1.9628147 3.2992174 
Phalangeridae     1.1765012 1.0255232 0.9554492 0.9197272 1.0248901 0.9809821 0.9317834 0.9086825 0.9990256 0.8899485 0.9031965 0.9165582 0.9894823 0.9594686 1.0112034 0.3934255 0.3502059 0.0000000 1.4724439 1.4642376 1.5192063 1.4898583 1.4620469 1.5478347 1.5115594 1.4911999 1.4987626 1.5381959 1.3578193 1.2377617 1.1979101 1.2323252 1.2159052 1.1478193 1.1413556 1.2642175 1.1624481 1.1161367 1.4071045 1.5090268 1.2567854 1.2498688 1.2704306 1.2350505 1.2591047 1.2863996 1.6763766 1.7528789 2.1046841 2.0722833 3.6087098 
Tityridae         1.4690683 1.3373135 1.3480049 1.3214418 1.3910320 1.3156988 1.2857836 1.2365310 1.3382127 1.2958137 1.2883123 1.3278128 1.3428177 1.2128784 1.3699621 1.3650370 1.3942166 1.4724439 0.0000000 0.2376929 0.2372220 0.2200028 0.2047951 0.2532299 0.2434376 0.2278796 0.2237986 0.2261329 0.2989785 0.4847655 0.4724989 0.4614839 0.6794620 0.6860011 0.6292654 0.7518275 0.6499558 0.5827274 1.0093004 1.1645672 0.9125501 0.9548450 0.9410262 0.9081515 0.9214453 0.9583811 1.4198487 1.3537853 1.7312458 1.6428686 2.9126484 
Ptilonorhynchidae 1.4356011 1.3260614 1.3152324 1.2778460 1.3545570 1.3056420 1.2534847 1.2015729 1.2972467 1.2492931 1.2426164 1.2854744 1.3146222 1.1865742 1.3545888 1.4074529 1.3976388 1.4642376 0.2376929 0.0000000 0.1883757 0.1600918 0.1573753 0.2012973 0.1945453 0.1693716 0.1723242 0.1687652 0.3049307 0.4801937 0.4603723 0.4475923 0.6451733 0.6270706 0.5944446 0.7147023 0.6321716 0.5363400 1.0070929 1.1876765 0.8978272 0.9069153 0.9096952 0.8966798 0.8891761 0.9343290 1.4232256 1.4135172 1.6240736 1.5322486 2.9611491 
Callaeatidae      1.5093820 1.4196951 1.3898526 1.3259816 1.4093942 1.3759145 1.2977104 1.2405125 1.3792456 1.3048502 1.2999511 1.3591245 1.3656502 1.2591925 1.3709653 1.4051445 1.3861751 1.5192063 0.2372220 0.1883757 0.0000000 0.1381026 0.1309824 0.1725129 0.1705454 0.1514860 0.1497576 0.1485467 0.3110523 0.4963339 0.4800820 0.4775638 0.6823641 0.6690197 0.6417046 0.7653399 0.6637683 0.5832081 1.0255414 1.2007567 0.9265783 0.9274977 0.9408345 0.9204943 0.9171274 0.9527196 1.4924641 1.4278862 1.7255107 1.6339651 3.0464859 
Monarchidae       1.4157201 1.3611546 1.3345308 1.3025511 1.3367405 1.3312171 1.2745368 1.2192391 1.3348777 1.2682184 1.2441209 1.2909622 1.3155902 1.2066527 1.3705952 1.3900063 1.3642111 1.4898583 0.2200028 0.1600918 0.1381026 0.0000000 0.0714490 0.1517817 0.1491127 0.1322053 0.1314090 0.1278637 0.2927376 0.4662207 0.4562695 0.4457592 0.6696653 0.6549388 0.6246084 0.7260187 0.6534293 0.5674160 1.0173704 1.1410028 0.9034637 0.9162043 0.9211339 0.9028097 0.9021184 0.9203612 1.4952641 1.4687883 1.7583150 1.6695493 3.0037825 
Malaconotidae     1.4444997 1.3515331 1.3283085 1.2740743 1.3551551 1.3133282 1.2686123 1.1987339 1.3090891 1.2683884 1.2397977 1.2947059 1.3149320 1.1998394 1.3481855 1.3830523 1.3662115 1.4620469 0.2047951 0.1573753 0.1309824 0.0714490 0.0000000 0.1363171 0.1313343 0.1142302 0.1148945 0.1135243 0.2770729 0.4491983 0.4407759 0.4251382 0.6568438 0.6508205 0.6076488 0.7294823 0.6297455 0.5561286 1.0215849 1.1838573 0.9028821 0.9312571 0.9412360 0.9092588 0.9101954 0.9337592 1.4778552 1.4384606 1.7138743 1.6394101 2.9498202 
Certhiidae        1.5093642 1.3639009 1.3715196 1.3282127 1.3912928 1.3744639 1.3419863 1.2665440 1.3878236 1.3372227 1.3091014 1.3555235 1.3845650 1.2822317 1.3976303 1.4370231 1.4342101 1.5478347 0.2532299 0.2012973 0.1725129 0.1517817 0.1363171 0.0000000 0.1404004 0.1356589 0.1282939 0.1403891 0.3272105 0.4931540 0.4794262 0.4799283 0.6888592 0.6833421 0.6496181 0.7590763 0.6828138 0.5974812 1.0471132 1.2059355 0.9226939 0.9424223 0.9456156 0.9323996 0.9196508 0.9543928 1.4679734 1.4020069 1.7145081 1.6257580 2.9510871 
Cinclidae         1.4939474 1.3527756 1.3394723 1.3273032 1.3984899 1.3711647 1.3168329 1.2519179 1.3902543 1.3190731 1.2823671 1.3212421 1.3652835 1.2638633 1.3734455 1.4077093 1.3820783 1.5115594 0.2434376 0.1945453 0.1705454 0.1491127 0.1313343 0.1404004 0.0000000 0.1249579 0.1198368 0.1339833 0.3186479 0.4955875 0.4791817 0.4682790 0.6822019 0.6756257 0.6366294 0.7510789 0.6561762 0.5825831 1.0533016 1.1770160 0.9455618 0.9502522 0.9482546 0.9248785 0.9184729 0.9540120 1.5123225 1.4237393 1.7083696 1.6198681 3.0301583 
Ploceidae         1.4932698 1.3700138 1.3544870 1.3259547 1.3718881 1.3393084 1.3174133 1.2599002 1.3954520 1.3230513 1.2995618 1.3454022 1.3570201 1.2545830 1.3986699 1.4201210 1.4271508 1.4911999 0.2278796 0.1693716 0.1514860 0.1322053 0.1142302 0.1356589 0.1249579 0.0000000 0.0680163 0.1124326 0.2952859 0.4839012 0.4644389 0.4521620 0.6699166 0.6648627 0.6285972 0.7360144 0.6558574 0.5624773 1.0489376 1.1950116 0.8948038 0.9108411 0.9190788 0.8977706 0.8937680 0.9342000 1.4801426 1.4267440 1.7123065 1.6387192 2.9316509 
Thraupidae        1.4947841 1.3784036 1.3652358 1.3452173 1.3874769 1.3424617 1.3005972 1.2302988 1.3431342 1.3214003 1.2803179 1.3370021 1.3449597 1.2424851 1.3835323 1.4065832 1.4245298 1.4987626 0.2237986 0.1723242 0.1497576 0.1314090 0.1148945 0.1282939 0.1198368 0.0680163 0.0000000 0.1102132 0.3007424 0.4805111 0.4580623 0.4522157 0.6763946 0.6699888 0.6320116 0.7441345 0.6502367 0.5708783 1.0219372 1.1980885 0.9058771 0.9130152 0.9248636 0.9080421 0.9025706 0.9365031 1.4791521 1.4408149 1.6502587 1.5821415 2.9152311 
Alaudidae         1.4776931 1.3692049 1.3747313 1.3593037 1.4145911 1.3551170 1.3379367 1.2821181 1.4034797 1.3013263 1.3087407 1.3600467 1.3879735 1.2756688 1.3787882 1.4462580 1.4386128 1.5381959 0.2261329 0.1687652 0.1485467 0.1278637 0.1135243 0.1403891 0.1339833 0.1124326 0.1102132 0.0000000 0.3009321 0.4833137 0.4574279 0.4525284 0.6748338 0.6747670 0.6317732 0.7457281 0.6423824 0.5750959 1.0675932 1.1862515 0.9226763 0.9287951 0.9371625 0.9202569 0.9029287 0.9418514 1.4985435 1.4071066 1.7193721 1.6359960 2.9458866 
Coraciiformes     1.4752718 1.3289022 1.2887337 1.2574603 1.3606594 1.3119603 1.2860492 1.2218909 1.3070591 1.2622041 1.2571052 1.2909432 1.3322517 1.1623470 1.3471542 1.3281201 1.3130081 1.3578193 0.2989785 0.3049307 0.3110523 0.2927376 0.2770729 0.3272105 0.3186479 0.2952859 0.3007424 0.3009321 0.0000000 0.4800804 0.4840499 0.4680269 0.6516792 0.6475916 0.6209714 0.7017979 0.6191496 0.5608113 1.0449629 1.1743040 0.9309582 0.9552480 0.9620934 0.9403718 0.9380191 0.9547774 1.4029864 1.4760704 1.6898143 1.5871159 2.9745868 
Crocodylidae      1.2973289 1.1310632 1.1257343 1.0944156 1.1926894 1.0632061 1.1176910 1.0292370 1.1156248 1.1081345 1.0620721 1.0690289 1.1361819 1.0225804 1.1707709 1.1799146 1.1765787 1.2377617 0.4847655 0.4801937 0.4963339 0.4662207 0.4491983 0.4931540 0.4955875 0.4839012 0.4805111 0.4833137 0.4800804 0.0000000 0.2665140 0.2739649 0.4274670 0.4174865 0.4023400 0.5160766 0.4415014 0.3649674 0.8023826 0.9894601 0.6901948 0.7031414 0.6985382 0.6746624 0.7139459 0.7282470 1.1813512 1.2323405 1.5550201 1.5184660 2.8827834 
Carettochelyidae  1.2429628 1.1447720 1.1188943 1.0668032 1.1782344 1.0780339 1.0854233 0.9942438 1.0996908 1.0673640 1.0293643 1.0706055 1.1283084 1.0074046 1.1227418 1.1138050 1.0896466 1.1979101 0.4724989 0.4603723 0.4800820 0.4562695 0.4407759 0.4794262 0.4791817 0.4644389 0.4580623 0.4574279 0.4840499 0.2665140 0.0000000 0.1413958 0.4061535 0.3909821 0.3833029 0.4747570 0.4018730 0.3298410 0.7902855 0.9423787 0.6834930 0.6939402 0.6908110 0.6593707 0.6864218 0.7094840 1.1583782 1.1712635 1.4930122 1.4013790 2.9212242 
Kinosternidae     1.2609802 1.1662374 1.1437291 1.0914225 1.2062249 1.1013684 1.1034764 1.0098291 1.1215257 1.0951837 1.0600607 1.1044869 1.1225598 1.0412083 1.1366182 1.1254487 1.1303203 1.2323252 0.4614839 0.4475923 0.4775638 0.4457592 0.4251382 0.4799283 0.4682790 0.4521620 0.4522157 0.4525284 0.4680269 0.2739649 0.1413958 0.0000000 0.4077695 0.4038985 0.3982216 0.5035553 0.4163188 0.3494885 0.8255133 0.9671708 0.7006302 0.7121361 0.7129051 0.6908978 0.7232271 0.7328996 1.1608732 1.1888715 1.5080346 1.4281836 2.9514300 
Anomalepididae    1.2769077 1.2094493 1.1329079 1.0895723 1.2315175 1.1298059 1.1792794 1.0443053 1.1794898 1.1403512 1.1023589 1.1430740 1.1378172 1.0753020 1.2115795 1.1223113 1.1166516 1.2159052 0.6794620 0.6451733 0.6823641 0.6696653 0.6568438 0.6888592 0.6822019 0.6699166 0.6763946 0.6748338 0.6516792 0.4274670 0.4061535 0.4077695 0.0000000 0.2440216 0.2324709 0.3389830 0.3103702 0.2635793 0.8321696 0.9604346 0.7309036 0.7304176 0.7415590 0.7157758 0.7441387 0.7503924 1.1504809 1.1551629 1.4152547 1.3735075 2.8728582 
Loxocemidae       1.2608749 1.1338824 1.1075036 1.0375630 1.1721071 1.0904324 1.0934759 1.0114067 1.1266925 1.0600443 1.0460128 1.0840755 1.0871472 1.0567603 1.1425646 1.0642586 1.0876306 1.1478193 0.6860011 0.6270706 0.6690197 0.6549388 0.6508205 0.6833421 0.6756257 0.6648627 0.6699888 0.6747670 0.6475916 0.4174865 0.3909821 0.4038985 0.2440216 0.0000000 0.1270099 0.3231439 0.2808907 0.2532970 0.8151006 0.9863625 0.7235291 0.7299544 0.7382231 0.7103883 0.7409858 0.7570084 1.2335544 1.1748798 1.4587186 1.4434299 2.8372743 
Natricidae        1.3109030 1.1598806 1.1026020 1.0370744 1.1596495 1.0834146 1.1413414 1.0407442 1.1518439 1.1079876 1.0697137 1.1227434 1.1045453 1.0851879 1.1408653 1.0494583 1.1086670 1.1413556 0.6292654 0.5944446 0.6417046 0.6246084 0.6076488 0.6496181 0.6366294 0.6285972 0.6320116 0.6317732 0.6209714 0.4023400 0.3833029 0.3982216 0.2324709 0.1270099 0.0000000 0.3239632 0.2659406 0.2201886 0.7986508 0.9671433 0.7279522 0.7258578 0.7398674 0.7160195 0.7482952 0.7514457 1.2223757 1.1777423 1.4209584 1.4337084 2.7582717 
Xenosauridae      1.4115399 1.2343217 1.1898800 1.1313804 1.2506746 1.1866833 1.2266327 1.1438171 1.2586523 1.2264989 1.1863713 1.1993461 1.1982496 1.1411750 1.2456029 1.1602704 1.1856765 1.2642175 0.7518275 0.7147023 0.7653399 0.7260187 0.7294823 0.7590763 0.7510789 0.7360144 0.7441345 0.7457281 0.7017979 0.5160766 0.4747570 0.5035553 0.3389830 0.3231439 0.3239632 0.0000000 0.3752547 0.3414010 0.9612672 1.0987034 0.8107821 0.8179630 0.8194536 0.8031193 0.8242432 0.8214608 1.3166224 1.3573129 1.4984875 1.5108207 3.2841902 
Teiidae           1.2771895 1.1721738 1.1286209 1.0513112 1.2067171 1.1192061 1.1576705 1.0474629 1.1866348 1.1247777 1.0873626 1.1352441 1.1753786 1.0991473 1.1450912 1.1146291 1.1153079 1.1624481 0.6499558 0.6321716 0.6637683 0.6534293 0.6297455 0.6828138 0.6561762 0.6558574 0.6502367 0.6423824 0.6191496 0.4415014 0.4018730 0.4163188 0.3103702 0.2808907 0.2659406 0.3752547 0.0000000 0.2634022 0.8609888 0.9545263 0.7463227 0.7536526 0.7575261 0.7287567 0.7485136 0.7855320 1.2164214 1.2178087 1.4709141 1.4380058 2.7959815 
Eublepharidae     1.1579340 1.0858657 1.0333116 0.9496965 1.1074143 1.0252789 1.0529835 0.9463632 1.0814558 1.0173375 0.9646949 1.0251189 1.0345145 0.9729877 1.0860139 1.0200636 1.0476668 1.1161367 0.5827274 0.5363400 0.5832081 0.5674160 0.5561286 0.5974812 0.5825831 0.5624773 0.5708783 0.5750959 0.5608113 0.3649674 0.3298410 0.3494885 0.2635793 0.2532970 0.2201886 0.3414010 0.2634022 0.0000000 0.7863380 0.9439044 0.6709778 0.6823341 0.6808122 0.6746801 0.6927898 0.7113725 1.1749993 1.2149623 1.4238341 1.3910383 2.8695160 
Dicamptodontidae  1.5670114 1.3411529 1.3621619 1.3057495 1.4136841 1.3461394 1.2819663 1.2713277 1.3405208 1.3385153 1.2599279 1.3448771 1.2853101 1.2192685 1.3365169 1.2824137 1.2590660 1.4071045 1.0093004 1.0070929 1.0255414 1.0173704 1.0215849 1.0471132 1.0533016 1.0489376 1.0219372 1.0675932 1.0449629 0.8023826 0.7902855 0.8255133 0.8321696 0.8151006 0.7986508 0.9612672 0.8609888 0.7863380 0.0000000 0.6446719 0.3864873 0.3910438 0.3964496 0.3758010 0.3872646 0.3922830 0.9863434 1.2174509 1.5490655 1.4890358 2.7738925 
Alytidae          1.6327344 1.5107868 1.5138850 1.4520271 1.6082434 1.5324083 1.4936264 1.3826300 1.5515078 1.4877396 1.4382527 1.4653044 1.5233299 1.4825196 1.4795113 1.4082609 1.4032693 1.5090268 1.1645672 1.1876765 1.2007567 1.1410028 1.1838573 1.2059355 1.1770160 1.1950116 1.1980885 1.1862515 1.1743040 0.9894601 0.9423787 0.9671708 0.9604346 0.9863625 0.9671433 1.0987034 0.9545263 0.9439044 0.6446719 0.0000000 0.4531384 0.4510819 0.4390115 0.4297569 0.4294599 0.4604326 1.0880828 1.3698227 1.7224390 1.6520245 3.1644482 
Heleophrynidae    1.3696258 1.2176472 1.1923043 1.1628763 1.3423110 1.2208329 1.2143389 1.1572400 1.2446817 1.2584317 1.1837534 1.2519814 1.2460270 1.1791242 1.2543545 1.1378631 1.1856277 1.2567854 0.9125501 0.8978272 0.9265783 0.9034637 0.9028821 0.9226939 0.9455618 0.8948038 0.9058771 0.9226763 0.9309582 0.6901948 0.6834930 0.7006302 0.7309036 0.7235291 0.7279522 0.8107821 0.7463227 0.6709778 0.3864873 0.4531384 0.0000000 0.1237156 0.1252482 0.1043624 0.1182696 0.1315554 0.8068035 1.1148411 1.4162398 1.3731089 2.8849901 
Leptodactylidae   1.4175135 1.2428368 1.2106333 1.1845621 1.3584162 1.2446840 1.2560747 1.1763560 1.3211854 1.2472876 1.1924604 1.2593319 1.2533832 1.1869729 1.2670243 1.1623769 1.1734517 1.2498688 0.9548450 0.9069153 0.9274977 0.9162043 0.9312571 0.9424223 0.9502522 0.9108411 0.9130152 0.9287951 0.9552480 0.7031414 0.6939402 0.7121361 0.7304176 0.7299544 0.7258578 0.8179630 0.7536526 0.6823341 0.3910438 0.4510819 0.1237156 0.0000000 0.0312340 0.1030436 0.1110548 0.1243529 0.7999923 1.1267402 1.3786581 1.3345688 2.7863712 
Strabomantidae    1.4153105 1.2289614 1.2148589 1.1811401 1.3437285 1.2484134 1.2488706 1.1827796 1.3193124 1.2471882 1.2021243 1.2447858 1.2630514 1.1866100 1.2807552 1.1737086 1.1756707 1.2704306 0.9410262 0.9096952 0.9408345 0.9211339 0.9412360 0.9456156 0.9482546 0.9190788 0.9248636 0.9371625 0.9620934 0.6985382 0.6908110 0.7129051 0.7415590 0.7382231 0.7398674 0.8194536 0.7575261 0.6808122 0.3964496 0.4390115 0.1252482 0.0312340 0.0000000 0.1037112 0.1081813 0.1251344 0.8057394 1.1339493 1.3940934 1.3357612 2.8156333 
Micrixalidae      1.3520028 1.2175093 1.2007885 1.1684753 1.3333425 1.2235232 1.2156720 1.1443177 1.2634993 1.2355372 1.1722694 1.2461296 1.2275622 1.1618825 1.2562291 1.1556966 1.1727777 1.2350505 0.9081515 0.8966798 0.9204943 0.9028097 0.9092588 0.9323996 0.9248785 0.8977706 0.9080421 0.9202569 0.9403718 0.6746624 0.6593707 0.6908978 0.7157758 0.7103883 0.7160195 0.8031193 0.7287567 0.6746801 0.3758010 0.4297569 0.1043624 0.1030436 0.1037112 0.0000000 0.0721601 0.0896278 0.7748248 1.0991436 1.3986585 1.3412592 2.9043842 
Hemisotidae       1.3648520 1.2479022 1.2191334 1.1866063 1.3473724 1.2604146 1.2306969 1.1625179 1.2928672 1.2561556 1.1845309 1.2572677 1.2438257 1.1574656 1.2729956 1.1860408 1.1716624 1.2591047 0.9214453 0.8891761 0.9171274 0.9021184 0.9101954 0.9196508 0.9184729 0.8937680 0.9025706 0.9029287 0.9380191 0.7139459 0.6864218 0.7232271 0.7441387 0.7409858 0.7482952 0.8242432 0.7485136 0.6927898 0.3872646 0.4294599 0.1182696 0.1110548 0.1081813 0.0721601 0.0000000 0.1018156 0.7786433 1.1141054 1.3885888 1.3540833 2.8856607 
Asterophryidae    1.3763532 1.2309565 1.2100979 1.1930401 1.3417543 1.2425786 1.2599296 1.1809566 1.3037003 1.2615206 1.1929664 1.2666362 1.2574801 1.1997590 1.2732071 1.1793361 1.2060351 1.2863996 0.9583811 0.9343290 0.9527196 0.9203612 0.9337592 0.9543928 0.9540120 0.9342000 0.9365031 0.9418514 0.9547774 0.7282470 0.7094840 0.7328996 0.7503924 0.7570084 0.7514457 0.8214608 0.7855320 0.7113725 0.3922830 0.4604326 0.1315554 0.1243529 0.1251344 0.0896278 0.1018156 0.0000000 0.7884668 1.1416341 1.4240481 1.3753361 2.9375933 
Caeciliidae2      1.9412756 1.7008769 1.7205078 1.6344561 1.8209786 1.7510222 1.6471419 1.5992590 1.7483299 1.7579009 1.7032104 1.7785083 1.7403828 1.5725344 1.7314728 1.6688115 1.6217547 1.6763766 1.4198487 1.4232256 1.4924641 1.4952641 1.4778552 1.4679734 1.5123225 1.4801426 1.4791521 1.4985435 1.4029864 1.1813512 1.1583782 1.1608732 1.1504809 1.2335544 1.2223757 1.3166224 1.2164214 1.1749993 0.9863434 1.0880828 0.8068035 0.7999923 0.8057394 0.7748248 0.7786433 0.7884668 0.0000000 1.6390362 1.8489293 1.7840731 3.2591931 
Polypteriformes   2.0015987 1.7640564 1.8207595 1.7872275 1.7782915 1.7126619 1.7493132 1.7348668 1.9041610 1.6389041 1.7030899 1.7208323 1.8804674 1.7468201 1.7394952 1.6695457 1.6580450 1.7528789 1.3537853 1.4135172 1.4278862 1.4687883 1.4384606 1.4020069 1.4237393 1.4267440 1.4408149 1.4071066 1.4760704 1.2323405 1.1712635 1.1888715 1.1551629 1.1748798 1.1777423 1.3573129 1.2178087 1.2149623 1.2174509 1.3698227 1.1148411 1.1267402 1.1339493 1.0991436 1.1141054 1.1416341 1.6390362 0.0000000 1.3547378 1.3380923 2.8410292 
Channichthyidae   2.2152709 2.1199385 2.2718308 2.1773869 2.1117180 2.1399051 2.1703904 2.0558935 2.2301241 2.1674261 2.1200508 2.2180461 2.1111865 2.0373453 2.3395451 2.0273487 1.9864522 2.1046841 1.7312458 1.6240736 1.7255107 1.7583150 1.7138743 1.7145081 1.7083696 1.7123065 1.6502587 1.7193721 1.6898143 1.5550201 1.4930122 1.5080346 1.4152547 1.4587186 1.4209584 1.4984875 1.4709141 1.4238341 1.5490655 1.7224390 1.4162398 1.3786581 1.3940934 1.3986585 1.3885888 1.4240481 1.8489293 1.3547378 0.0000000 0.1440494 3.0855156 
Pseudaphritidae   2.1730584 2.0354323 2.1944280 2.0792866 2.0713819 2.0813595 2.1414410 1.9828342 2.2218374 2.1431067 2.0879947 2.1839873 2.0908199 2.0132434 2.2502818 2.0011786 1.9628147 2.0722833 1.6428686 1.5322486 1.6339651 1.6695493 1.6394101 1.6257580 1.6198681 1.6387192 1.5821415 1.6359960 1.5871159 1.5184660 1.4013790 1.4281836 1.3735075 1.4434299 1.4337084 1.5108207 1.4380058 1.3910383 1.4890358 1.6520245 1.3731089 1.3345688 1.3357612 1.3412592 1.3540833 1.3753361 1.7840731 1.3380923 0.1440494 0.0000000 2.9919495 
Carcharhinidae    3.5859183 3.1615891 3.6234884 3.8365481 3.3331621 3.4739107 3.1757270 3.2576197 3.4138589 3.3335990 3.1841713 3.2542403 3.3950320 3.1611615 3.2953347 3.2448442 3.2992174 3.6087098 2.9126484 2.9611491 3.0464859 3.0037825 2.9498202 2.9510871 3.0301583 2.9316509 2.9152311 2.9458866 2.9745868 2.8827834 2.9212242 2.9514300 2.8728582 2.8372743 2.7582717 3.2841902 2.7959815 2.8695160 2.7738925 3.1644482 2.8849901 2.7863712 2.8156333 2.9043842 2.8856607 2.9375933 3.2591931 2.8410292 3.0855156 2.9919495 0.0000000 
