51
Pitheciidae       0.0000000 0.5203219 0.4700676 0.4567738 0.5006085 0.5169320 0.4763431 0.5297211 0.5319422 0.3812999 0.3590679 0.3712799 0.4627903 0.5067198 0.4984529 0.8311722 0.7773292 0.7981834 2.3807389 2.4908960 2.3764237 2.3129306 2.4764259 2.3552000 2.3316121 2.3267270 2.3175866 2.5121086 2.4221906 2.3000262 2.1999544 1.8430157 1.9257237 1.7820127 1.8899513 1.7131333 2.0413370 1.6043479 1.9455860 1.8668918 1.6973289 2.2439652 1.8465099 1.9561209 1.7932947 1.7205471 1.8180644 5.1520493 5.0235744 5.9972374 2.2410425 
Scandentia        0.5203219 0.0000000 0.6394715 0.6888370 0.5529685 0.5589506 0.6034866 0.6364181 0.6932299 0.5284916 0.4826351 0.4709855 0.6013890 0.5923727 0.5931431 0.9179561 0.9318441 0.9085500 2.6305743 2.9322497 2.8214713 2.5997966 2.7726743 2.6609470 2.6898874 2.6044826 2.5689540 2.7475917 3.0026800 2.6443642 2.2880634 2.3128600 1.9620192 2.0887935 2.2603750 2.1356047 2.1437249 1.9755402 2.3275937 2.0689706 2.0692933 2.4509505 2.0829609 2.1551710 2.0049359 1.9484612 1.9190524 6.1913222 5.0150347 5.2808040 2.4452675 
Erethizontidae    0.4700676 0.6394715 0.0000000 0.1804507 0.6144011 0.4974706 0.5534854 0.5491629 0.5852156 0.4866428 0.4604510 0.4435308 0.5438183 0.6214208 0.5177274 0.8783300 0.9196252 0.9625024 2.3843868 2.2702535 2.3457490 2.2344026 2.2914768 2.0731140 2.1178893 2.1628318 2.1331058 2.2102169 2.5055525 2.3307800 2.1237718 1.9503167 2.0195862 1.8956122 1.9310136 1.6884990 2.0171722 1.8000744 2.1148956 1.9761615 1.9081978 2.2524468 1.9079483 2.0318786 1.9009622 1.9197370 1.7821421 5.8704801 6.0696298 6.5407161 2.2870999 
Capromyidae       0.4567738 0.6888370 0.1804507 0.0000000 0.5882768 0.4956299 0.5610413 0.5972232 0.6378510 0.4858460 0.4520919 0.4411993 0.5855601 0.6864506 0.5733331 0.9286279 1.0106930 1.0165307 2.3103906 2.3649041 2.2823248 2.2952093 2.3195346 2.1018873 2.1720735 2.2252630 2.2071501 2.1804902 2.5392330 2.5072320 1.9197517 1.7211171 2.0926065 2.0079638 2.0381866 1.8666797 2.0807103 1.7838271 2.3584637 1.9421081 1.8734910 2.1712658 1.8508669 1.9617708 1.8478513 1.8388663 1.7351960 5.8598998 5.6687111 6.0564054 2.4642780 
Muridae           0.5006085 0.5529685 0.6144011 0.5882768 0.0000000 0.5693139 0.5286300 0.5777516 0.6159616 0.4933994 0.4667966 0.4610680 0.5975840 0.5903280 0.5755755 0.9179991 1.0074909 0.9194230 2.4290926 2.6740643 2.5105802 2.3784761 2.5468242 2.5364134 2.4490153 2.4169903 2.4049198 2.5125963 2.5127921 2.3997676 2.3877084 2.0265860 2.1230659 1.9553767 2.1249170 2.0041808 2.4832273 1.6804306 2.3883551 2.0000541 1.8194552 1.9334355 1.7732963 2.1679259 1.9174797 1.8953945 1.8217558 5.6587544 5.8437415 5.8408420 2.3369512 
Castoridae        0.5169320 0.5589506 0.4974706 0.4956299 0.5693139 0.0000000 0.5107029 0.5263512 0.5630090 0.4612276 0.4079722 0.4012745 0.4864737 0.5324631 0.5190160 0.8623996 0.9565850 0.9829992 2.3407606 2.5094405 2.3208635 2.2110987 2.3182626 2.2921174 2.4260786 2.2808099 2.2814654 2.4163895 2.4894119 2.3309901 2.3803588 2.1517934 2.0834418 2.1342644 2.2271752 1.9594620 2.4143941 2.0192183 2.1923159 2.1940219 1.9312140 2.2439117 2.0726157 2.2464177 1.9950563 2.0411901 1.8765954 8.9999981 5.0277869 5.3137660 1.7797447 
Suidae            0.4763431 0.6034866 0.5534854 0.5610413 0.5286300 0.5107029 0.0000000 0.3664948 0.4047087 0.3924333 0.3640566 0.3494701 0.4437059 0.4704964 0.4703755 0.8811617 0.9170571 0.8352564 2.3961214 2.5490210 2.4712833 2.1243051 2.4214743 2.2538342 2.3682492 2.3357173 2.2874406 2.4214743 2.4963789 2.4908637 2.1310285 1.9722829 1.9566885 1.9082815 1.9718420 1.7378933 2.1067222 1.7685837 2.2596775 2.0482712 1.9841100 2.4052386 2.1360213 2.1533488 1.9985882 1.9756733 1.9675830 5.7992239 4.5272893 4.7599486 2.3125792 
Hippopotamidae    0.5297211 0.6364181 0.5491629 0.5972232 0.5777516 0.5263512 0.3664948 0.0000000 0.3940128 0.4425521 0.4387111 0.3860925 0.4999361 0.4910275 0.5437085 0.9720931 0.9353857 0.8980033 2.4678078 2.5911618 2.4154230 2.1589310 2.3646837 2.3151739 2.3312693 2.2696024 2.2624616 2.3741033 2.5960996 2.1098586 2.1290929 1.6297330 1.7866275 1.6663853 1.7845957 1.7856033 2.2633812 1.7153500 1.9776048 2.0992980 1.8695380 2.1329214 1.9527513 1.8789300 1.8451617 1.7957328 1.8320023 5.4561030 4.5462792 4.5322851 1.9516989 
Hyperoodontidae   0.5319422 0.6932299 0.5852156 0.6378510 0.6159616 0.5630090 0.4047087 0.3940128 0.0000000 0.4343212 0.4273863 0.3999646 0.4628706 0.5615800 0.5637812 0.9468011 1.0411524 1.0347420 2.4177349 2.6419101 2.5443978 2.2111103 2.4142508 2.2273829 2.3305839 2.2912826 2.2754922 2.4036307 2.6122108 2.4683396 2.1853186 1.7199285 1.8880050 2.0382951 2.0347094 2.0073622 2.2910959 1.7302564 1.8458583 1.9300029 1.6688839 2.1548221 1.8575145 1.9662425 1.7906687 1.6962108 1.7379581 5.3002873 4.2421558 4.4477087 1.9820149 
Vespertilionidae  0.3812999 0.5284916 0.4866428 0.4858460 0.4933994 0.4612276 0.3924333 0.4425521 0.4343212 0.0000000 0.1807688 0.1820119 0.3531503 0.3975517 0.4107117 0.7893399 0.7990030 0.8000768 2.4651139 2.5679429 2.4091810 2.3385216 2.5014511 2.3935247 2.3274102 2.3792468 2.3341364 2.4292155 2.6810938 2.1962269 2.1377714 1.8551332 2.0093769 1.8895083 1.9741668 1.8647327 2.1679662 1.5285361 1.9812209 2.0611949 1.8293547 2.2724868 1.9487689 2.0043920 1.7919747 1.7628598 1.8890174 6.7363016 5.3090528 6.0101121 2.1619860 
Furipteridae      0.3590679 0.4826351 0.4604510 0.4520919 0.4667966 0.4079722 0.3640566 0.4387111 0.4273863 0.1807688 0.0000000 0.1909916 0.3651046 0.4075428 0.4090211 0.7145002 0.7537075 0.7086403 2.4299857 2.5202336 2.3803976 2.3015887 2.4886968 2.3132952 2.4036362 2.3406740 2.3398443 2.4287904 2.5663229 2.1952583 1.8822070 1.8141200 1.9373792 1.8688816 1.9002900 1.7908638 2.0799874 1.5818985 1.8379299 1.9013805 1.6598584 1.9980734 1.6397320 1.8627115 1.6796826 1.6191928 1.7692275 6.2313244 4.7679326 5.3092636 2.2300986 
Rhinolophidae     0.3712799 0.4709855 0.4435308 0.4411993 0.4610680 0.4012745 0.3494701 0.3860925 0.3999646 0.1820119 0.1909916 0.0000000 0.3305578 0.3545022 0.3942745 0.7955580 0.7774258 0.7799439 2.3156515 2.4176176 2.2449987 2.1915002 2.3528332 2.2887867 2.2811078 2.2537093 2.1890279 2.3140680 2.4521192 2.1087805 2.0002721 1.8536089 1.8527673 1.7850192 1.8763990 1.7670715 2.1235885 1.5650766 1.8852802 1.7723249 1.6662489 2.0556058 1.8513641 1.8464550 1.7397286 1.7004625 1.7329458 5.9976327 4.6393542 5.1496303 2.0697500 
Viverridae        0.4627903 0.6013890 0.5438183 0.5855601 0.5975840 0.4864737 0.4437059 0.4999361 0.4628706 0.3531503 0.3651046 0.3305578 0.0000000 0.2889464 0.4285243 0.8451104 0.9192056 0.9201829 2.2322463 2.1950441 2.1209546 2.1310035 2.1737899 2.0642781 2.1544310 2.0665395 2.0435337 2.1434841 2.5478262 2.1689243 2.1723205 1.8907967 1.9055864 1.7261579 1.9086665 1.8516688 2.0619592 1.5866825 2.2758238 2.1114305 1.9537209 2.1787327 1.8814946 2.0317128 1.9338488 1.9332390 1.9737397 7.3225460 5.9731077 6.4221122 2.1051522 
Procyonidae       0.5067198 0.5923727 0.6214208 0.6864506 0.5903280 0.5324631 0.4704964 0.4910275 0.5615800 0.3975517 0.4075428 0.3545022 0.2889464 0.0000000 0.4895992 0.9473887 0.9225501 0.9854680 2.4075667 2.5787282 2.4034981 2.3417010 2.4587649 2.4170443 2.4226802 2.3617712 2.3429365 2.4727099 2.5947692 2.1800571 2.1913881 1.8434793 1.8683349 1.8245309 1.9446225 1.7643115 2.2057007 1.6311022 2.4028385 1.9614833 1.8689036 2.3493172 1.9147901 2.0587590 1.9397671 1.8334344 2.1083573 8.9999982 5.1431633 5.1397348 2.2713192 
Myrmecophagidae   0.4984529 0.5931431 0.5177274 0.5733331 0.5755755 0.5190160 0.4703755 0.5437085 0.5637812 0.4107117 0.4090211 0.3942745 0.4285243 0.4895992 0.0000000 0.8084146 0.8457561 0.8083816 2.4993589 2.4221475 2.4162547 2.4232708 2.5276636 2.4273472 2.3973568 2.3496415 2.3523977 2.4242387 2.5436904 2.3349778 2.0167394 1.9000793 1.9558318 1.9135037 1.9816892 2.0138668 2.0194071 1.7255012 2.1510086 1.9305316 1.8548217 2.4126726 2.1186359 2.0026605 1.8392395 1.8164402 1.9246055 6.2075456 5.6091613 5.9853853 2.1083791 
Caluromyidae      0.8311722 0.9179561 0.8783300 0.9286279 0.9179991 0.8623996 0.8811617 0.9720931 0.9468011 0.7893399 0.7145002 0.7955580 0.8451104 0.9473887 0.8084146 0.0000000 0.2997608 0.2275473 2.8893987 2.9188907 2.7518537 2.5990523 2.8006536 2.7612664 2.7343929 2.6540993 2.6681530 2.6994440 3.1235308 2.3027444 2.5512528 2.0536487 1.9811476 2.0153351 1.9531017 1.7291073 2.1481503 1.7711533 2.1367375 2.1565616 2.1647415 2.4471212 2.3117287 2.3486643 2.0400761 1.8924308 1.9363172 6.0446423 4.4288356 4.8980850 2.5699438 
Thylacomyidae     0.7773292 0.9318441 0.9196252 1.0106930 1.0074909 0.9565850 0.9170571 0.9353857 1.0411524 0.7990030 0.7537075 0.7774258 0.9192056 0.9225501 0.8457561 0.2997608 0.0000000 0.1834768 2.9163225 2.9915711 2.6202875 2.5276231 2.7271119 2.6572012 2.6186371 2.5797687 2.6190504 2.5240707 3.1295810 2.4494246 2.7391976 2.1240773 1.9418967 2.1084548 2.0704039 1.8035297 2.2318493 1.9433626 2.3794318 2.2416806 2.3535376 2.7117332 2.4992083 2.3323537 2.2310711 2.0458182 2.0326900 6.0102708 5.1558578 6.2190562 2.6604462 
Phalangeridae     0.7981834 0.9085500 0.9625024 1.0165307 0.9194230 0.9829992 0.8352564 0.8980033 1.0347420 0.8000768 0.7086403 0.7799439 0.9201829 0.9854680 0.8083816 0.2275473 0.1834768 0.0000000 2.8390387 2.7593998 2.7171851 2.5918346 2.7778607 2.6855341 2.7030177 2.6538718 2.6294521 2.6882470 3.0939480 2.3852033 2.6626453 2.0372249 1.9318959 1.9413944 2.0101343 1.8430300 2.3332613 1.8405096 2.2751038 2.3400036 2.3329162 2.4289775 2.3303024 2.3024995 2.1577392 2.0588725 2.0269471 5.4894611 4.5431987 5.0291859 2.8297646 
Tityridae         2.3807389 2.6305743 2.3843868 2.3103906 2.4290926 2.3407606 2.3961214 2.4678078 2.4177349 2.4651139 2.4299857 2.3156515 2.2322463 2.4075667 2.4993589 2.8893987 2.9163225 2.8390387 0.0000000 0.4132042 0.5232524 0.4612676 0.4219651 0.4792095 0.4637967 0.4162318 0.4207905 0.4376568 0.5700758 1.5648745 1.7744185 1.4866317 2.2721392 2.1401817 2.0466516 2.1725076 2.5249739 1.9616588 2.5908227 2.4958917 2.3202716 3.6307659 3.0561854 2.4669794 2.2468979 2.7895469 2.4078465 5.5872821 6.1558672 6.1580510 2.2506898 
Ptilonorhynchidae 2.4908960 2.9322497 2.2702535 2.3649041 2.6740643 2.5094405 2.5490210 2.5911618 2.6419101 2.5679429 2.5202336 2.4176176 2.1950441 2.5787282 2.4221475 2.9188907 2.9915711 2.7593998 0.4132042 0.0000000 0.3234442 0.3330551 0.2865408 0.3244170 0.2931810 0.2821433 0.2959707 0.2815511 0.5728172 1.6876062 2.0483172 1.6018141 2.2069181 1.9109900 2.1326342 1.9699407 2.2741171 2.0487151 2.8890832 2.5525692 2.1561420 3.2551692 2.7223846 2.4725982 2.3881793 2.7673342 2.5589599 6.9579021 5.1263448 4.8711588 2.4587545 
Callaeatidae      2.3764237 2.8214713 2.3457490 2.2823248 2.5105802 2.3208635 2.4712833 2.4154230 2.5443978 2.4091810 2.3803976 2.2449987 2.1209546 2.4034981 2.4162547 2.7518537 2.6202875 2.7171851 0.5232524 0.3234442 0.0000000 0.2550341 0.2421350 0.2562962 0.2765340 0.2364261 0.2227501 0.2633958 0.7070502 1.9085152 2.0521981 1.6105569 1.8714745 1.6702849 1.7785099 1.7885230 2.1630834 1.8570823 2.8729593 2.5980920 2.0176503 3.0543960 2.7104691 2.2889071 2.2626555 2.4844920 2.5037323 5.7358128 6.3495050 6.3554390 2.1262683 
Monarchidae       2.3129306 2.5997966 2.2344026 2.2952093 2.3784761 2.2110987 2.1243051 2.1589310 2.2111103 2.3385216 2.3015887 2.1915002 2.1310035 2.3417010 2.4232708 2.5990523 2.5276231 2.5918346 0.4612676 0.3330551 0.2550341 0.0000000 0.1574524 0.2457957 0.2537070 0.1971964 0.1925919 0.2274523 0.6786393 1.7020839 1.9654357 1.6946220 1.7999231 1.7608621 1.8554655 1.8126786 2.0109863 1.8337080 2.8352117 2.5972298 2.1783320 3.1774929 2.7740274 2.4426573 2.2001350 2.4884288 2.2481966 6.1033719 6.3223539 5.9020487 2.2394398 
Malaconotidae     2.4764259 2.7726743 2.2914768 2.3195346 2.5468242 2.3182626 2.4214743 2.3646837 2.4142508 2.5014511 2.4886968 2.3528332 2.1737899 2.4587649 2.5276636 2.8006536 2.7271119 2.7778607 0.4219651 0.2865408 0.2421350 0.1574524 0.0000000 0.2531276 0.2230177 0.1894304 0.1766121 0.2105681 0.6680688 1.6265574 1.8904607 1.6046203 1.8666249 1.7384068 1.8177198 1.7892264 2.1089514 1.9170399 2.7988234 2.7929939 2.2623659 3.1354545 2.7397964 2.4318635 2.3413273 2.6007219 2.3074876 6.9001555 6.6084126 5.7409843 2.3795101 
Certhiidae        2.3552000 2.6609470 2.0731140 2.1018873 2.5364134 2.2921174 2.2538342 2.3151739 2.2273829 2.3935247 2.3132952 2.2887867 2.0642781 2.4170443 2.4273472 2.7612664 2.6572012 2.6855341 0.4792095 0.3244170 0.2562962 0.2457957 0.2531276 0.0000000 0.2031752 0.2122279 0.1904496 0.2150228 0.7029101 1.7206031 1.7081556 1.5180466 1.8284600 1.6249273 1.8472526 1.7941923 2.1032327 1.7648259 2.6542461 2.2821332 1.9613360 2.8527196 2.5573976 2.1150581 2.0203579 2.3497488 2.1661381 5.4169473 6.3760100 5.5771096 2.2377082 
Cinclidae         2.3316121 2.6898874 2.1178893 2.1720735 2.4490153 2.4260786 2.3682492 2.3312693 2.3305839 2.3274102 2.4036362 2.2811078 2.1544310 2.4226802 2.3973568 2.7343929 2.6186371 2.7030177 0.4637967 0.2931810 0.2765340 0.2537070 0.2230177 0.2031752 0.0000000 0.1929732 0.1884005 0.1871351 0.6260614 1.7403370 1.8371866 1.5296611 1.9072179 1.6191545 1.7520598 1.7495328 2.2755479 1.8156378 2.7856442 2.3868965 2.0323343 3.1834092 2.7038527 2.2524976 2.1161794 2.4623704 2.1852659 5.3981804 5.9207513 5.2387585 2.2807153 
Ploceidae         2.3267270 2.6044826 2.1628318 2.2252630 2.4169903 2.2808099 2.3357173 2.2696024 2.2912826 2.3792468 2.3406740 2.2537093 2.0665395 2.3617712 2.3496415 2.6540993 2.5797687 2.6538718 0.4162318 0.2821433 0.2364261 0.1971964 0.1894304 0.2122279 0.1929732 0.0000000 0.0855166 0.1645907 0.5445655 1.6008558 1.7727273 1.4535359 1.8956553 1.6805660 1.8356049 1.7624828 2.1548298 1.8491019 2.7370839 2.5294098 2.0839544 3.1748063 2.7850637 2.3418710 2.1914009 2.5210047 2.2539754 5.7262913 6.3363055 5.5532627 2.2420223 
Thraupidae        2.3175866 2.5689540 2.1331058 2.2071501 2.4049198 2.2814654 2.2874406 2.2624616 2.2754922 2.3341364 2.3398443 2.1890279 2.0435337 2.3429365 2.3523977 2.6681530 2.6190504 2.6294521 0.4207905 0.2959707 0.2227501 0.1925919 0.1766121 0.1904496 0.1884005 0.0855166 0.0000000 0.1682991 0.5779501 1.6104266 1.8081589 1.5060041 1.8116077 1.6039283 1.7439527 1.7089528 2.0900160 1.8398176 2.7415680 2.5664348 2.0628950 3.1570541 2.7803696 2.3062662 2.1706076 2.4898403 2.2537976 5.7274426 6.3361070 5.5512389 2.2268515 
Alaudidae         2.5121086 2.7475917 2.2102169 2.1804902 2.5125963 2.4163895 2.4214743 2.3741033 2.4036307 2.4292155 2.4287904 2.3140680 2.1434841 2.4727099 2.4242387 2.6994440 2.5240707 2.6882470 0.4376568 0.2815511 0.2633958 0.2274523 0.2105681 0.2150228 0.1871351 0.1645907 0.1682991 0.0000000 0.6309339 1.6985038 1.7929486 1.5540220 1.9371303 1.6602310 1.7067716 1.7042536 2.1391974 1.7443749 2.7032679 2.5088362 2.0771900 3.0109525 2.6632136 2.3315271 2.2930536 2.5551753 2.2195743 5.5652181 6.6090148 5.7357735 2.1807316 
Coraciiformes     2.4221906 3.0026800 2.5055525 2.5392330 2.5127921 2.4894119 2.4963789 2.5960996 2.6122108 2.6810938 2.5663229 2.4521192 2.5478262 2.5947692 2.5436904 3.1235308 3.1295810 3.0939480 0.5700758 0.5728172 0.7070502 0.6786393 0.6680688 0.7029101 0.6260614 0.5445655 0.5779501 0.6309339 0.0000000 1.7251199 2.1007597 1.6921725 2.2808742 2.1143344 2.0948137 2.3178808 2.6864371 2.3636617 2.6545970 2.4753971 2.3952910 3.5684159 2.8263482 2.6068887 2.3819950 2.7172098 2.7412104 5.1283166 5.5829437 6.3932189 2.3973094 
Crocodylidae      2.3000262 2.6443642 2.3307800 2.5072320 2.3997676 2.3309901 2.4908637 2.1098586 2.4683396 2.1962269 2.1952583 2.1087805 2.1689243 2.1800571 2.3349778 2.3027444 2.4494246 2.3852033 1.5648745 1.6876062 1.9085152 1.7020839 1.6265574 1.7206031 1.7403370 1.6008558 1.6104266 1.6985038 1.7251199 0.0000000 1.4142530 1.2770104 1.7089507 1.4250844 1.4123965 1.5072638 2.0866631 1.5854067 1.8381857 2.0636943 1.9606323 2.5567817 2.4266298 1.9878268 1.8454777 1.9290251 1.8447553 6.2563595 5.3198236 5.6463110 2.4677731 
Carettochelyidae  2.1999544 2.2880634 2.1237718 1.9197517 2.3877084 2.3803588 2.1310285 2.1290929 2.1853186 2.1377714 1.8822070 2.0002721 2.1723205 2.1913881 2.0167394 2.5512528 2.7391976 2.6626453 1.7744185 2.0483172 2.0521981 1.9654357 1.8904607 1.7081556 1.8371866 1.7727273 1.8081589 1.7929486 2.1007597 1.4142530 0.0000000 0.8073614 1.7547212 1.6253029 1.7589074 1.3972671 2.0388903 1.5128664 2.2529126 1.8198302 1.8209992 2.8469365 2.2711779 1.8344180 1.9666325 2.0319978 2.0991532 6.2699535 3.9760603 3.9660195 2.6429984 
Kinosternidae     1.8430157 2.3128600 1.9503167 1.7211171 2.0265860 2.1517934 1.9722829 1.6297330 1.7199285 1.8551332 1.8141200 1.8536089 1.8907967 1.8434793 1.9000793 2.0536487 2.1240773 2.0372249 1.4866317 1.6018141 1.6105569 1.6946220 1.6046203 1.5180466 1.5296611 1.4535359 1.5060041 1.5540220 1.6921725 1.2770104 0.8073614 0.0000000 1.6660165 1.3669248 1.4299552 1.2013221 1.7537582 1.5512566 1.8323497 1.8387140 1.5459742 2.1501997 1.8800950 1.5847031 1.5506904 1.7005221 1.6089566 5.0194346 3.8985967 3.7318937 2.0296622 
Anomalepididae    1.9257237 1.9620192 2.0195862 2.0926065 2.1230659 2.0834418 1.9566885 1.7866275 1.8880050 2.0093769 1.9373792 1.8527673 1.9055864 1.8683349 1.9558318 1.9811476 1.9418967 1.9318959 2.2721392 2.2069181 1.8714745 1.7999231 1.8666249 1.8284600 1.9072179 1.8956553 1.8116077 1.9371303 2.2808742 1.7089507 1.7547212 1.6660165 0.0000000 0.5770592 0.6542638 0.8612708 1.1298950 0.9823475 2.0492834 1.8065782 1.4908679 2.1394651 1.7310915 1.5553389 1.7037604 1.7409256 1.6827264 4.8515263 4.5097354 4.7342061 2.2143318 
Loxocemidae       1.7820127 2.0887935 1.8956122 2.0079638 1.9553767 2.1342644 1.9082815 1.6663853 2.0382951 1.8895083 1.8688816 1.7850192 1.7261579 1.8245309 1.9135037 2.0153351 2.1084548 1.9413944 2.1401817 1.9109900 1.6702849 1.7608621 1.7384068 1.6249273 1.6191545 1.6805660 1.6039283 1.6602310 2.1143344 1.4250844 1.6253029 1.3669248 0.5770592 0.0000000 0.2636250 0.6701705 0.9854245 0.8435081 1.8274097 1.8837092 1.3240560 1.7272964 1.6238930 1.5612701 1.5428685 1.7796393 1.5606316 4.3335058 5.4481459 5.4436010 1.9904060 
Natricidae        1.8899513 2.2603750 1.9310136 2.0381866 2.1249170 2.2271752 1.9718420 1.7845957 2.0347094 1.9741668 1.9002900 1.8763990 1.9086665 1.9446225 1.9816892 1.9531017 2.0704039 2.0101343 2.0466516 2.1326342 1.7785099 1.8554655 1.8177198 1.8472526 1.7520598 1.8356049 1.7439527 1.7067716 2.0948137 1.4123965 1.7589074 1.4299552 0.6542638 0.2636250 0.0000000 0.7174141 1.1413381 0.8580068 2.0473158 2.0224229 1.5195087 1.9307168 1.9053980 1.7034648 1.6794739 1.8827892 1.6672002 4.8908540 5.0229345 5.0168543 2.0545215 
Xenosauridae      1.7131333 2.1356047 1.6884990 1.8666797 2.0041808 1.9594620 1.7378933 1.7856033 2.0073622 1.8647327 1.7908638 1.7670715 1.8516688 1.7643115 2.0138668 1.7291073 1.8035297 1.8430300 2.1725076 1.9699407 1.7885230 1.8126786 1.7892264 1.7941923 1.7495328 1.7624828 1.7089528 1.7042536 2.3178808 1.5072638 1.3972671 1.2013221 0.8612708 0.6701705 0.7174141 0.0000000 0.8548947 0.8553210 1.8383372 1.9291394 1.5273448 1.9771733 1.8755379 1.7552921 1.6229638 1.7849682 1.5638708 5.3116728 4.6563142 4.8937073 2.3569252 
Teiidae           2.0413370 2.1437249 2.0171722 2.0807103 2.4832273 2.4143941 2.1067222 2.2633812 2.2910959 2.1679662 2.0799874 2.1235885 2.0619592 2.2057007 2.0194071 2.1481503 2.2318493 2.3332613 2.5249739 2.2741171 2.1630834 2.0109863 2.1089514 2.1032327 2.2755479 2.1548298 2.0900160 2.1391974 2.6864371 2.0866631 2.0388903 1.7537582 1.1298950 0.9854245 1.1413381 0.8548947 0.0000000 1.1523142 2.2138618 2.3405876 1.8409041 2.2268534 2.0372739 2.0376831 1.8961387 2.1239569 1.8949591 8.4705534 6.0835130 6.0823112 2.4409579 
Eublepharidae     1.6043479 1.9755402 1.8000744 1.7838271 1.6804306 2.0192183 1.7685837 1.7153500 1.7302564 1.5285361 1.5818985 1.5650766 1.5866825 1.6311022 1.7255012 1.7711533 1.9433626 1.8405096 1.9616588 2.0487151 1.8570823 1.8337080 1.9170399 1.7648259 1.8156378 1.8491019 1.8398176 1.7443749 2.3636617 1.5854067 1.5128664 1.5512566 0.9823475 0.8435081 0.8580068 0.8553210 1.1523142 0.0000000 1.7948444 1.6715937 1.5038042 1.8809017 1.8569121 1.7453764 1.6620227 1.8633316 1.5714152 5.3083646 5.8103030 6.2223308 2.4735515 
Dicamptodontidae  1.9455860 2.3275937 2.1148956 2.3584637 2.3883551 2.1923159 2.2596775 1.9776048 1.8458583 1.9812209 1.8379299 1.8852802 2.2758238 2.4028385 2.1510086 2.1367375 2.3794318 2.2751038 2.5908227 2.8890832 2.8729593 2.8352117 2.7988234 2.6542461 2.7856442 2.7370839 2.7415680 2.7032679 2.6545970 1.8381857 2.2529126 1.8323497 2.0492834 1.8274097 2.0473158 1.8383372 2.2138618 1.7948444 0.0000000 1.2276666 1.1956730 1.4076903 1.3837328 1.1642009 1.2357571 1.1508234 1.1051796 3.9731866 3.7815662 4.0785090 2.1031967 
Alytidae          1.8668918 2.0689706 1.9761615 1.9421081 2.0000541 2.1940219 2.0482712 2.0992980 1.9300029 2.0611949 1.9013805 1.7723249 2.1114305 1.9614833 1.9305316 2.1565616 2.2416806 2.3400036 2.4958917 2.5525692 2.5980920 2.5972298 2.7929939 2.2821332 2.3868965 2.5294098 2.5664348 2.5088362 2.4753971 2.0636943 1.8198302 1.8387140 1.8065782 1.8837092 2.0224229 1.9291394 2.3405876 1.6715937 1.2276666 0.0000000 0.7131398 0.9878406 0.7904699 0.8262243 0.7144784 0.8240095 0.9706566 4.8942997 3.0873647 3.3396129 2.1343293 
Heleophrynidae    1.6973289 2.0692933 1.9081978 1.8734910 1.8194552 1.9312140 1.9841100 1.8695380 1.6688839 1.8293547 1.6598584 1.6662489 1.9537209 1.8689036 1.8548217 2.1647415 2.3535376 2.3329162 2.3202716 2.1561420 2.0176503 2.1783320 2.2623659 1.9613360 2.0323343 2.0839544 2.0628950 2.0771900 2.3952910 1.9606323 1.8209992 1.5459742 1.4908679 1.3240560 1.5195087 1.5273448 1.8409041 1.5038042 1.1956730 0.7131398 0.0000000 0.5841426 0.5234709 0.6247743 0.4263668 0.4767679 0.8432560 4.2215394 3.3042323 3.2419686 1.9082274 
Leptodactylidae   2.2439652 2.4509505 2.2524468 2.1712658 1.9334355 2.2439117 2.4052386 2.1329214 2.1548221 2.2724868 1.9980734 2.0556058 2.1787327 2.3493172 2.4126726 2.4471212 2.7117332 2.4289775 3.6307659 3.2551692 3.0543960 3.1774929 3.1354545 2.8527196 3.1834092 3.1748063 3.1570541 3.0109525 3.5684159 2.5567817 2.8469365 2.1501997 2.1394651 1.7272964 1.9307168 1.9771733 2.2268534 1.8809017 1.4076903 0.9878406 0.5841426 0.0000000 0.3197399 0.8017356 0.6241127 0.7667480 1.0455565 3.7463086 3.6622650 3.3989086 2.4476979 
Strabomantidae    1.8465099 2.0829609 1.9079483 1.8508669 1.7732963 2.0726157 2.1360213 1.9527513 1.8575145 1.9487689 1.6397320 1.8513641 1.8814946 1.9147901 2.1186359 2.3117287 2.4992083 2.3303024 3.0561854 2.7223846 2.7104691 2.7740274 2.7397964 2.5573976 2.7038527 2.7850637 2.7803696 2.6632136 2.8263482 2.4266298 2.2711779 1.8800950 1.7310915 1.6238930 1.9053980 1.8755379 2.0372739 1.8569121 1.3837328 0.7904699 0.5234709 0.3197399 0.0000000 0.7458681 0.5764913 0.6672249 1.0179076 3.5882480 3.6635550 3.3977089 2.0493793 
Micrixalidae      1.9561209 2.1551710 2.0318786 1.9617708 2.1679259 2.2464177 2.1533488 1.8789300 1.9662425 2.0043920 1.8627115 1.8464550 2.0317128 2.0587590 2.0026605 2.3486643 2.3323537 2.3024995 2.4669794 2.4725982 2.2889071 2.4426573 2.4318635 2.1150581 2.2524976 2.3418710 2.3062662 2.3315271 2.6068887 1.9878268 1.8344180 1.5847031 1.5553389 1.5612701 1.7034648 1.7552921 2.0376831 1.7453764 1.1642009 0.8262243 0.6247743 0.8017356 0.7458681 0.0000000 0.3261317 0.3990618 1.0077165 4.2376121 2.7792297 2.6955896 1.7579584 
Hemisotidae       1.7932947 2.0049359 1.9009622 1.8478513 1.9174797 1.9950563 1.9985882 1.8451617 1.7906687 1.7919747 1.6796826 1.7397286 1.9338488 1.9397671 1.8392395 2.0400761 2.2310711 2.1577392 2.2468979 2.3881793 2.2626555 2.2001350 2.3413273 2.0203579 2.1161794 2.1914009 2.1706076 2.2930536 2.3819950 1.8454777 1.9666325 1.5506904 1.7037604 1.5428685 1.6794739 1.6229638 1.8961387 1.6620227 1.2357571 0.7144784 0.4263668 0.6241127 0.5764913 0.3261317 0.0000000 0.2828362 0.8679785 4.1259674 2.8750490 2.8564477 1.9138074 
Asterophryidae    1.7205471 1.9484612 1.9197370 1.8388663 1.8953945 2.0411901 1.9756733 1.7957328 1.6962108 1.7628598 1.6191928 1.7004625 1.9332390 1.8334344 1.8164402 1.8924308 2.0458182 2.0588725 2.7895469 2.7673342 2.4844920 2.4884288 2.6007219 2.3497488 2.4623704 2.5210047 2.4898403 2.5551753 2.7172098 1.9290251 2.0319978 1.7005221 1.7409256 1.7796393 1.8827892 1.7849682 2.1239569 1.8633316 1.1508234 0.8240095 0.4767679 0.7667480 0.6672249 0.3990618 0.2828362 0.0000000 0.9700739 4.1412706 3.1190909 2.7808316 2.0105762 
Caeciliidae2      1.8180644 1.9190524 1.7821421 1.7351960 1.8217558 1.8765954 1.9675830 1.8320023 1.7379581 1.8890174 1.7692275 1.7329458 1.9737397 2.1083573 1.9246055 1.9363172 2.0326900 2.0269471 2.4078465 2.5589599 2.5037323 2.2481966 2.3074876 2.1661381 2.1852659 2.2539754 2.2537976 2.2195743 2.7412104 1.8447553 2.0991532 1.6089566 1.6827264 1.5606316 1.6672002 1.5638708 1.8949591 1.5714152 1.1051796 0.9706566 0.8432560 1.0455565 1.0179076 1.0077165 0.8679785 0.9700739 0.0000000 4.1569242 3.0848191 2.8974176 1.8127860 
Polypteriformes   5.1520493 6.1913222 5.8704801 5.8598998 5.6587544 8.9999981 5.7992239 5.4561030 5.3002873 6.7363016 6.2313244 5.9976327 7.3225460 8.9999982 6.2075456 6.0446423 6.0102708 5.4894611 5.5872821 6.9579021 5.7358128 6.1033719 6.9001555 5.4169473 5.3981804 5.7262913 5.7274426 5.5652181 5.1283166 6.2563595 6.2699535 5.0194346 4.8515263 4.3335058 4.8908540 5.3116728 8.4705534 5.3083646 3.9731866 4.8942997 4.2215394 3.7463086 3.5882480 4.2376121 4.1259674 4.1412706 4.1569242 0.0000000 6.0247461 5.0294081 3.7468683 
Channichthyidae   5.0235744 5.0150347 6.0696298 5.6687111 5.8437415 5.0277869 4.5272893 4.5462792 4.2421558 5.3090528 4.7679326 4.6393542 5.9731077 5.1431633 5.6091613 4.4288356 5.1558578 4.5431987 6.1558672 5.1263448 6.3495050 6.3223539 6.6084126 6.3760100 5.9207513 6.3363055 6.3361070 6.6090148 5.5829437 5.3198236 3.9760603 3.8985967 4.5097354 5.4481459 5.0229345 4.6563142 6.0835130 5.8103030 3.7815662 3.0873647 3.3042323 3.6622650 3.6635550 2.7792297 2.8750490 3.1190909 3.0848191 6.0247461 0.0000000 0.5323974 3.8513297 
Pseudaphritidae   5.9972374 5.2808040 6.5407161 6.0564054 5.8408420 5.3137660 4.7599486 4.5322851 4.4477087 6.0101121 5.3092636 5.1496303 6.4221122 5.1397348 5.9853853 4.8980850 6.2190562 5.0291859 6.1580510 4.8711588 6.3554390 5.9020487 5.7409843 5.5771096 5.2387585 5.5532627 5.5512389 5.7357735 6.3932189 5.6463110 3.9660195 3.7318937 4.7342061 5.4436010 5.0168543 4.8937073 6.0823112 6.2223308 4.0785090 3.3396129 3.2419686 3.3989086 3.3977089 2.6955896 2.8564477 2.7808316 2.8974176 5.0294081 0.5323974 0.0000000 3.8438968 
Carcharhinidae    2.2410425 2.4452675 2.2870999 2.4642780 2.3369512 1.7797447 2.3125792 1.9516989 1.9820149 2.1619860 2.2300986 2.0697500 2.1051522 2.2713192 2.1083791 2.5699438 2.6604462 2.8297646 2.2506898 2.4587545 2.1262683 2.2394398 2.3795101 2.2377082 2.2807153 2.2420223 2.2268515 2.1807316 2.3973094 2.4677731 2.6429984 2.0296622 2.2143318 1.9904060 2.0545215 2.3569252 2.4409579 2.4735515 2.1031967 2.1343293 1.9082274 2.4476979 2.0493793 1.7579584 1.9138074 2.0105762 1.8127860 3.7468683 3.8513297 3.8438968 0.0000000 
