51
Pitheciidae       0.0000000 0.2367590 0.2470589 0.2786325 0.2114727 0.2739146 0.2876118 0.2615600 0.2590593 0.2277811 0.2398379 0.2585062 0.2417919 0.3128101 0.3031625 0.4228169 0.4398881 0.4344227 0.8102561 0.7614727 0.7593892 0.7722190 0.7559113 0.7986251 0.7567144 0.7763629 0.8004080 0.7823390 0.8171369 0.7268581 0.9181384 1.1645461 1.0201290 0.9518629 0.8884224 0.9266234 0.9500860 1.0741688 1.1175323 1.4285461 1.5836466 1.7726199 1.7008153 1.4295378 1.2258136 1.2650077 1.4595803 1.1335174 1.2071699 1.2372125 2.3766282 
Scandentia        0.2367590 0.0000000 0.2426987 0.2638415 0.2079873 0.2708736 0.2760109 0.2564239 0.2601236 0.2165635 0.2282210 0.2436369 0.2478684 0.2996897 0.2992828 0.3972179 0.4208891 0.4248397 0.7982867 0.7263781 0.7602059 0.7248310 0.7119983 0.7523279 0.7366781 0.7436891 0.7718256 0.7413325 0.7896381 0.7124029 0.9038068 1.1434675 0.9925515 0.9402542 0.8953259 0.9213918 0.9126613 1.0848941 1.1564235 1.4681782 1.5864101 1.7866185 1.6571425 1.4088912 1.2677271 1.2932064 1.6078014 1.1229891 1.2722713 1.3183120 2.4649035 
Erethizontidae    0.2470589 0.2426987 0.0000000 0.1004106 0.1782829 0.2492975 0.2844874 0.2633250 0.2557127 0.2219915 0.2421722 0.2469913 0.2484373 0.3124351 0.2807089 0.3846198 0.4096120 0.4043068 0.8761980 0.7751986 0.8029574 0.8132231 0.7929929 0.8406594 0.7900655 0.8334637 0.8429572 0.8236311 0.8617760 0.7553393 0.9429583 1.1712955 1.0607846 0.9618934 0.9431341 0.9623978 0.9622326 1.0710656 1.1842945 1.4374851 1.6181921 1.7345884 1.6338729 1.5083553 1.2517698 1.3108035 1.5306195 1.1184676 1.2500791 1.2811457 2.3970205 
Capromyidae       0.2786325 0.2638415 0.1004106 0.0000000 0.2060940 0.2649449 0.3127576 0.2731382 0.2813067 0.2458682 0.2662397 0.2644487 0.2609399 0.3386893 0.3010117 0.4138332 0.4294624 0.4250576 0.8716917 0.7898105 0.8115564 0.8237491 0.7997014 0.8395284 0.7916028 0.8476762 0.8520007 0.8257182 0.8752844 0.7657836 0.9763566 1.2060650 1.0836687 0.9667658 0.9790742 0.9878400 0.9456095 1.0886261 1.1964304 1.4635490 1.5823043 1.7948940 1.7046334 1.5081405 1.3075204 1.3198820 1.5685217 1.1718952 1.3146365 1.3601784 2.3763002 
Muridae           0.2114727 0.2079873 0.1782829 0.2060940 0.0000000 0.1859015 0.2387972 0.2291744 0.2232527 0.1942005 0.1998556 0.2060493 0.2015870 0.2657689 0.2669396 0.3449186 0.3700245 0.3744127 0.7382238 0.6745259 0.6872002 0.6842109 0.6661333 0.7061662 0.6626551 0.6978609 0.7195368 0.6907383 0.7321310 0.6711174 0.8653307 1.0697903 0.9408948 0.8808015 0.8403616 0.8817882 0.9201392 1.0648325 1.1095479 1.4153923 1.5136763 1.6073648 1.5056489 1.3822984 1.1800836 1.1887122 1.4720223 1.0454087 1.2411613 1.2794682 2.3574318 
Castoridae        0.2739146 0.2708736 0.2492975 0.2649449 0.1859015 0.0000000 0.3094269 0.2643409 0.2723444 0.2492159 0.2608836 0.2728085 0.2574392 0.3177354 0.3106074 0.4143195 0.4402399 0.4403098 0.7967092 0.7767995 0.7828649 0.7681587 0.7416771 0.8000309 0.7801974 0.7935287 0.8309792 0.8169967 0.8405043 0.7250376 0.9231742 1.1642121 1.0136443 0.9561910 0.9277746 0.9228530 0.9481865 1.0897456 1.1447059 1.4816535 1.6337747 1.7128244 1.6268639 1.4815109 1.2784707 1.3071013 1.6164569 1.1455882 1.3084645 1.3390075 2.3425406 
Suidae            0.2876118 0.2760109 0.2844874 0.3127576 0.2387972 0.3094269 0.0000000 0.1725226 0.1682323 0.2226593 0.2202781 0.2327653 0.2420787 0.2817873 0.3108086 0.4017840 0.4321796 0.4245528 0.7801235 0.7249193 0.7416741 0.7210360 0.7154997 0.7584617 0.7250442 0.7480033 0.7868286 0.7507477 0.7846156 0.7108523 0.8785153 1.1805648 0.9864592 0.9407148 0.8846134 0.9125064 0.9069909 1.0816117 1.1303131 1.4060517 1.6135246 1.7646833 1.6726973 1.4103053 1.2881485 1.2862010 1.4575419 1.1529616 1.2257427 1.2650558 2.3806813 
Hippopotamidae    0.2615600 0.2564239 0.2633250 0.2731382 0.2291744 0.2643409 0.1725226 0.0000000 0.1376270 0.1938572 0.2041763 0.1966298 0.1959343 0.2781811 0.2896938 0.4067218 0.4333548 0.4290699 0.8002652 0.7331501 0.7418050 0.7293120 0.7078853 0.7504762 0.7236389 0.7576606 0.7767965 0.7426379 0.7949094 0.7069707 0.8511533 1.1502769 0.9590869 0.9260846 0.8644791 0.8953205 0.8738331 1.0481157 1.1642191 1.4272625 1.5773913 1.7459519 1.6832921 1.3738269 1.2330596 1.2754485 1.5282682 1.1344617 1.2192920 1.2684587 2.3890359 
Hyperoodontidae   0.2590593 0.2601236 0.2557127 0.2813067 0.2232527 0.2723444 0.1682323 0.1376270 0.0000000 0.2039826 0.2137264 0.2101978 0.2068125 0.2694412 0.2829067 0.4049162 0.4285420 0.4215904 0.7782884 0.7281554 0.7381630 0.7144442 0.7061114 0.7470006 0.7297513 0.7397034 0.7665514 0.7584832 0.7759762 0.6973103 0.9057116 1.1507058 1.0033390 0.9362789 0.8965766 0.8967966 0.8743127 1.0835386 1.1650154 1.4257087 1.5430468 1.7851155 1.6674356 1.4262554 1.2458709 1.2804402 1.5915470 1.1542630 1.2266645 1.2813779 2.3036347 
Vespertilionidae  0.2277811 0.2165635 0.2219915 0.2458682 0.1942005 0.2492159 0.2226593 0.1938572 0.2039826 0.0000000 0.1071716 0.1210563 0.1934288 0.2506706 0.2698154 0.3579317 0.3893629 0.3701224 0.7968032 0.7211736 0.7420562 0.7250357 0.7029595 0.7424656 0.7119736 0.7329400 0.7628914 0.7383958 0.7651565 0.6753834 0.8331741 1.1229701 0.9657894 0.8869429 0.8419362 0.8964865 0.8593837 1.0258464 1.1172721 1.3557545 1.5261345 1.6671731 1.5579635 1.3718239 1.1979066 1.2492595 1.5014137 1.0708133 1.2023512 1.2246622 2.3296258 
Furipteridae      0.2398379 0.2282210 0.2421722 0.2662397 0.1998556 0.2608836 0.2202781 0.2041763 0.2137264 0.1071716 0.0000000 0.1362030 0.1884230 0.2482880 0.2713380 0.3670831 0.3978235 0.3802588 0.8037377 0.7119061 0.7502804 0.7250247 0.7172267 0.7441683 0.7010632 0.7419744 0.7678477 0.7337421 0.7702474 0.6723540 0.8631306 1.0935685 0.9687346 0.8966665 0.8683270 0.9365879 0.8860485 1.0630852 1.1319292 1.4069459 1.5303729 1.6449199 1.6308509 1.3556083 1.2349015 1.2250615 1.5457830 1.1272497 1.2288079 1.2547022 2.3770880 
Rhinolophidae     0.2585062 0.2436369 0.2469913 0.2644487 0.2060493 0.2728085 0.2327653 0.1966298 0.2101978 0.1210563 0.1362030 0.0000000 0.2040756 0.2593394 0.2884819 0.3743007 0.3993366 0.3890618 0.8101752 0.7361445 0.7607776 0.7417290 0.7286889 0.7563429 0.7142961 0.7509279 0.7886821 0.7472751 0.7781529 0.6759318 0.8984379 1.1383828 0.9836314 0.9172664 0.8593155 0.9316889 0.8758338 1.0193376 1.0962314 1.4029751 1.5482983 1.6452514 1.6126932 1.3575616 1.2312086 1.2226223 1.4428759 1.0751376 1.1896859 1.2107986 2.4676899 
Viverridae        0.2417919 0.2478684 0.2484373 0.2609399 0.2015870 0.2574392 0.2420787 0.1959343 0.2068125 0.1934288 0.1884230 0.2040756 0.0000000 0.1646257 0.2862166 0.3877392 0.4158173 0.4079140 0.7969702 0.7376237 0.7544152 0.7528804 0.7384140 0.7610389 0.7423494 0.7537084 0.7772641 0.7627796 0.7934383 0.7252766 0.9177512 1.1421673 0.9818900 0.9216175 0.8837794 0.9069057 0.9050941 1.0463472 1.1644929 1.4228049 1.6359393 1.6936423 1.7349637 1.3888038 1.2321125 1.2382446 1.5006232 1.1242308 1.2507781 1.2742536 2.4373000 
Procyonidae       0.3128101 0.2996897 0.3124351 0.3386893 0.2657689 0.3177354 0.2817873 0.2781811 0.2694412 0.2506706 0.2482880 0.2593394 0.1646257 0.0000000 0.3634942 0.4281176 0.4740823 0.4544277 0.8517564 0.8002574 0.8220585 0.8205029 0.8035871 0.8224654 0.7955268 0.8221682 0.8535605 0.8275674 0.8402559 0.7986174 0.9568802 1.2341665 1.0471099 1.0115004 0.9312415 0.9569128 0.9833765 1.1195597 1.1597546 1.4250171 1.6594454 1.7412415 1.7075106 1.4233791 1.2663204 1.2831646 1.5662206 1.1137803 1.2411817 1.2745556 2.5177351 
Myrmecophagidae   0.3031625 0.2992828 0.2807089 0.3010117 0.2669396 0.3106074 0.3108086 0.2896938 0.2829067 0.2698154 0.2713380 0.2884819 0.2862166 0.3634942 0.0000000 0.4177598 0.4282095 0.4130467 0.8270960 0.8080529 0.8131058 0.7930836 0.7880727 0.8183929 0.7919130 0.8082932 0.8442819 0.8234219 0.8396603 0.7724726 0.9300060 1.1934901 1.0172807 0.9950814 0.9496535 0.9504602 0.9370929 1.0986941 1.2062783 1.5144844 1.6871181 1.8318078 1.8102444 1.4788714 1.2645910 1.3039803 1.5608611 1.2235572 1.2957813 1.3242501 2.4645030 
Caluromyidae      0.4228169 0.3972179 0.3846198 0.4138332 0.3449186 0.4143195 0.4017840 0.4067218 0.4049162 0.3579317 0.3670831 0.3743007 0.3877392 0.4281176 0.4177598 0.0000000 0.1374306 0.1251542 0.7371897 0.7192988 0.7520324 0.7171712 0.7150203 0.7461878 0.6977193 0.7212545 0.7635840 0.7219439 0.7631596 0.6779209 0.8827608 1.1055830 0.9505962 0.8965245 0.8442494 0.9049500 0.8635633 0.9790805 1.1709008 1.4064396 1.4887547 1.6246083 1.5765874 1.4629785 1.1929287 1.2272432 1.4290416 1.0383068 1.3037766 1.3434816 2.3944419 
Thylacomyidae     0.4398881 0.4208891 0.4096120 0.4294624 0.3700245 0.4402399 0.4321796 0.4333548 0.4285420 0.3893629 0.3978235 0.3993366 0.4158173 0.4740823 0.4282095 0.1374306 0.0000000 0.1115220 0.7534281 0.7392400 0.7849045 0.7281813 0.7293373 0.7461784 0.7252746 0.7511433 0.7850683 0.7653265 0.7729013 0.6907079 0.8956619 1.1065261 0.9437017 0.9274218 0.8536379 0.9101078 0.9091724 1.0548346 1.1830640 1.4417046 1.5386210 1.6742223 1.6628701 1.5169773 1.2662888 1.2662857 1.4756005 1.0847973 1.2984470 1.3548609 2.3523445 
Phalangeridae     0.4344227 0.4248397 0.4043068 0.4250576 0.3744127 0.4403098 0.4245528 0.4290699 0.4215904 0.3701224 0.3802588 0.3890618 0.4079140 0.4544277 0.4130467 0.1251542 0.1115220 0.0000000 0.7953446 0.7720232 0.7950458 0.7604432 0.7440432 0.7969841 0.7544243 0.7724214 0.8190042 0.7771246 0.8104919 0.7096531 0.8821899 1.1180241 0.9608060 0.9107406 0.8632986 0.9047591 0.9151206 1.0163506 1.2209342 1.4422709 1.5749233 1.6436615 1.5922342 1.4577142 1.2603805 1.2761805 1.5204184 1.1133301 1.2713436 1.3074503 2.3061469 
Tityridae         0.8102561 0.7982867 0.8761980 0.8716917 0.7382238 0.7967092 0.7801235 0.8002652 0.7782884 0.7968032 0.8037377 0.8101752 0.7969702 0.8517564 0.8270960 0.7371897 0.7534281 0.7953446 0.0000000 0.1320457 0.1500295 0.1435837 0.1508197 0.1635776 0.1489739 0.1635362 0.1762277 0.1498466 0.1976416 0.2981674 0.6366411 0.8121380 0.6778213 0.6366259 0.6245170 0.6434485 0.6762578 0.8507556 1.1341144 1.4618728 1.4607503 1.5758037 1.5412277 1.4258516 1.1280860 1.0888769 1.4279720 1.0148040 1.1470164 1.1715558 2.1558451 
Ptilonorhynchidae 0.7614727 0.7263781 0.7751986 0.7898105 0.6745259 0.7767995 0.7249193 0.7331501 0.7281554 0.7211736 0.7119061 0.7361445 0.7376237 0.8002574 0.8080529 0.7192988 0.7392400 0.7720232 0.1320457 0.0000000 0.0995920 0.0927092 0.0950575 0.1044022 0.1005969 0.1104496 0.1162879 0.0998096 0.1645504 0.2583089 0.5791003 0.7803438 0.6531483 0.5767260 0.5604964 0.6086869 0.6504255 0.7982292 1.1350058 1.4525834 1.4640450 1.5592243 1.5017408 1.3543099 1.0739128 1.0724690 1.3543230 0.9678639 1.1186268 1.1419957 2.0674528 
Callaeatidae      0.7593892 0.7602059 0.8029574 0.8115564 0.6872002 0.7828649 0.7416741 0.7418050 0.7381630 0.7420562 0.7502804 0.7607776 0.7544152 0.8220585 0.8131058 0.7520324 0.7849045 0.7950458 0.1500295 0.0995920 0.0000000 0.1007885 0.1074605 0.1108010 0.1001938 0.1209309 0.1326324 0.1100463 0.1935737 0.2816221 0.5901522 0.8321148 0.6717332 0.5810440 0.5738131 0.6213373 0.6431870 0.8290514 1.1139201 1.4475268 1.4558645 1.5490657 1.5113130 1.3295537 1.1081972 1.0770660 1.3837749 0.9884025 1.1390286 1.1690491 2.1124403 
Monarchidae       0.7722190 0.7248310 0.8132231 0.8237491 0.6842109 0.7681587 0.7210360 0.7293120 0.7144442 0.7250357 0.7250247 0.7417290 0.7528804 0.8205029 0.7930836 0.7171712 0.7281813 0.7604432 0.1435837 0.0927092 0.1007885 0.0000000 0.0603312 0.1038071 0.0987954 0.1012551 0.1123546 0.0948521 0.1728901 0.2609624 0.5652639 0.7899440 0.6633886 0.5792457 0.5882895 0.6127642 0.6498873 0.8118640 1.1132222 1.4687486 1.4461686 1.5096331 1.4777116 1.2907207 1.0834178 1.0617487 1.3733077 0.9746130 1.0883642 1.1250600 2.0371323 
Malaconotidae     0.7559113 0.7119983 0.7929929 0.7997014 0.6661333 0.7416771 0.7154997 0.7078853 0.7061114 0.7029595 0.7172267 0.7286889 0.7384140 0.8035871 0.7880727 0.7150203 0.7293373 0.7440432 0.1508197 0.0950575 0.1074605 0.0603312 0.0000000 0.1137515 0.1033221 0.1165224 0.1237356 0.1023993 0.1819651 0.2790217 0.5795281 0.7965144 0.6596585 0.5908860 0.5767917 0.6177882 0.6502709 0.8034596 1.1337809 1.4363514 1.4329292 1.5465870 1.4863380 1.3139076 1.0919615 1.0832644 1.3421705 0.9515197 1.1046629 1.1339208 2.0113077 
Certhiidae        0.7986251 0.7523279 0.8406594 0.8395284 0.7061662 0.8000309 0.7584617 0.7504762 0.7470006 0.7424656 0.7441683 0.7563429 0.7610389 0.8224654 0.8183929 0.7461878 0.7461784 0.7969841 0.1635776 0.1044022 0.1108010 0.1038071 0.1137515 0.0000000 0.0976914 0.1116927 0.1195853 0.0969253 0.1882392 0.2855808 0.5933465 0.7705510 0.6756342 0.5698831 0.5738379 0.6236707 0.6605438 0.8120336 1.1342108 1.4141997 1.4722970 1.5985496 1.5495956 1.4240091 1.1377297 1.0595076 1.4055470 0.9412026 1.1337257 1.1534588 2.0962299 
Cinclidae         0.7567144 0.7366781 0.7900655 0.7916028 0.6626551 0.7801974 0.7250442 0.7236389 0.7297513 0.7119736 0.7010632 0.7142961 0.7423494 0.7955268 0.7919130 0.6977193 0.7252746 0.7544243 0.1489739 0.1005969 0.1001938 0.0987954 0.1033221 0.0976914 0.0000000 0.1022609 0.1145044 0.0928867 0.1860642 0.2887027 0.5709015 0.7498588 0.6697572 0.5907703 0.5976135 0.6388038 0.6507318 0.8482765 1.0962529 1.4556170 1.4383261 1.5283341 1.4737599 1.3206888 1.0666742 1.0362893 1.3263917 0.9729779 1.1216861 1.1504166 2.0258797 
Ploceidae         0.7763629 0.7436891 0.8334637 0.8476762 0.6978609 0.7935287 0.7480033 0.7576606 0.7397034 0.7329400 0.7419744 0.7509279 0.7537084 0.8221682 0.8082932 0.7212545 0.7511433 0.7724214 0.1635362 0.1104496 0.1209309 0.1012551 0.1165224 0.1116927 0.1022609 0.0000000 0.0767097 0.1025576 0.1915837 0.2925362 0.5876753 0.8018736 0.6971958 0.6167954 0.6020811 0.6599428 0.6812400 0.8794793 1.1023952 1.4510724 1.4405660 1.5563521 1.5420062 1.3250736 1.0563138 1.0651937 1.4012575 0.9856811 1.0958573 1.1123535 2.1040786 
Thraupidae        0.8004080 0.7718256 0.8429572 0.8520007 0.7195368 0.8309792 0.7868286 0.7767965 0.7665514 0.7628914 0.7678477 0.7886821 0.7772641 0.8535605 0.8442819 0.7635840 0.7850683 0.8190042 0.1762277 0.1162879 0.1326324 0.1123546 0.1237356 0.1195853 0.1145044 0.0767097 0.0000000 0.1085579 0.2065075 0.3055438 0.5871748 0.8221842 0.7104513 0.6343088 0.6219656 0.6530446 0.6871767 0.8762121 1.1751787 1.4481663 1.4939646 1.6280317 1.5663020 1.3832501 1.0920622 1.0831070 1.4511052 0.9839519 1.1372793 1.1567970 2.1718401 
Alaudidae         0.7823390 0.7413325 0.8236311 0.8257182 0.6907383 0.8169967 0.7507477 0.7426379 0.7584832 0.7383958 0.7337421 0.7472751 0.7627796 0.8275674 0.8234219 0.7219439 0.7653265 0.7771246 0.1498466 0.0998096 0.1100463 0.0948521 0.1023993 0.0969253 0.0928867 0.1025576 0.1085579 0.0000000 0.1818419 0.2783883 0.5837077 0.7592330 0.6475625 0.5586234 0.5422528 0.5897255 0.6332911 0.8481555 1.1186798 1.4361632 1.4497303 1.4989491 1.5009143 1.3258148 1.0789405 1.0405096 1.3477598 0.9270620 1.0893398 1.1139472 2.0583490 
Coraciiformes     0.8171369 0.7896381 0.8617760 0.8752844 0.7321310 0.8405043 0.7846156 0.7949094 0.7759762 0.7651565 0.7702474 0.7781529 0.7934383 0.8402559 0.8396603 0.7631596 0.7729013 0.8104919 0.1976416 0.1645504 0.1935737 0.1728901 0.1819651 0.1882392 0.1860642 0.1915837 0.2065075 0.1818419 0.0000000 0.2931451 0.5900119 0.8315565 0.6768604 0.5965247 0.5791715 0.6555870 0.6958114 0.8419667 1.1453085 1.5068122 1.4913747 1.6525675 1.6052050 1.4729904 1.1578355 1.1436900 1.5184148 0.9864190 1.1390292 1.1677786 2.1299180 
Crocodylidae      0.7268581 0.7124029 0.7553393 0.7657836 0.6711174 0.7250376 0.7108523 0.7069707 0.6973103 0.6753834 0.6723540 0.6759318 0.7252766 0.7986174 0.7724726 0.6779209 0.6907079 0.7096531 0.2981674 0.2583089 0.2816221 0.2609624 0.2790217 0.2855808 0.2887027 0.2925362 0.3055438 0.2783883 0.2931451 0.0000000 0.5265391 0.7217152 0.6117243 0.5456539 0.5114872 0.5886131 0.6167581 0.7317527 1.0207264 1.3992509 1.3649199 1.4846443 1.4847091 1.3095950 1.0659151 1.0596503 1.3602028 0.9250265 1.0325134 1.0497488 2.0640254 
Carettochelyidae  0.9181384 0.9038068 0.9429583 0.9763566 0.8653307 0.9231742 0.8785153 0.8511533 0.9057116 0.8331741 0.8631306 0.8984379 0.9177512 0.9568802 0.9300060 0.8827608 0.8956619 0.8821899 0.6366411 0.5791003 0.5901522 0.5652639 0.5795281 0.5933465 0.5709015 0.5876753 0.5871748 0.5837077 0.5900119 0.5265391 0.0000000 0.7884419 0.9081772 0.8317006 0.8574738 0.8587567 0.8770980 1.0454744 1.1842005 1.5903435 1.6682642 1.6177322 1.6379574 1.5346515 1.2656030 1.2583138 1.5456232 1.1196557 1.3916900 1.4120023 2.2128353 
Kinosternidae     1.1645461 1.1434675 1.1712955 1.2060650 1.0697903 1.1642121 1.1805648 1.1502769 1.1507058 1.1229701 1.0935685 1.1383828 1.1421673 1.2341665 1.1934901 1.1055830 1.1065261 1.1180241 0.8121380 0.7803438 0.8321148 0.7899440 0.7965144 0.7705510 0.7498588 0.8018736 0.8221842 0.7592330 0.8315565 0.7217152 0.7884419 0.0000000 1.0926124 1.0426793 0.9982083 0.9798304 0.9876761 1.1402164 1.4959863 1.7825220 1.7923202 1.7785535 1.6499395 1.6984445 1.3190156 1.4008454 1.7129670 1.3020833 1.6183911 1.6369118 2.2117460 
Anomalepididae    1.0201290 0.9925515 1.0607846 1.0836687 0.9408948 1.0136443 0.9864592 0.9590869 1.0033390 0.9657894 0.9687346 0.9836314 0.9818900 1.0471099 1.0172807 0.9505962 0.9437017 0.9608060 0.6778213 0.6531483 0.6717332 0.6633886 0.6596585 0.6756342 0.6697572 0.6971958 0.7104513 0.6475625 0.6768604 0.6117243 0.9081772 1.0926124 0.0000000 0.4997461 0.4333022 0.5205065 0.6038258 0.7521519 1.2430102 1.5956807 1.5330187 1.6312371 1.7083775 1.4544649 1.2278695 1.2228736 1.5852209 1.2443753 1.2835041 1.3453960 2.3259717 
Loxocemidae       0.9518629 0.9402542 0.9618934 0.9667658 0.8808015 0.9561910 0.9407148 0.9260846 0.9362789 0.8869429 0.8966665 0.9172664 0.9216175 1.0115004 0.9950814 0.8965245 0.9274218 0.9107406 0.6366259 0.5767260 0.5810440 0.5792457 0.5908860 0.5698831 0.5907703 0.6167954 0.6343088 0.5586234 0.5965247 0.5456539 0.8317006 1.0426793 0.4997461 0.0000000 0.2477575 0.4721420 0.5520642 0.7198025 1.1974787 1.5790834 1.4337852 1.7125158 1.7657240 1.3558207 1.2445351 1.1297591 1.5229619 1.1721185 1.2754108 1.3413295 2.4021276 
Natricidae        0.8884224 0.8953259 0.9431341 0.9790742 0.8403616 0.9277746 0.8846134 0.8644791 0.8965766 0.8419362 0.8683270 0.8593155 0.8837794 0.9312415 0.9496535 0.8442494 0.8536379 0.8632986 0.6245170 0.5604964 0.5738131 0.5882895 0.5767917 0.5738379 0.5976135 0.6020811 0.6219656 0.5422528 0.5791715 0.5114872 0.8574738 0.9982083 0.4333022 0.2477575 0.0000000 0.4206333 0.4907115 0.6460647 1.2146423 1.5028386 1.5570957 1.6464258 1.7370499 1.3758279 1.1904595 1.0734037 1.5356704 1.0671035 1.2181333 1.2933778 2.2235220 
Xenosauridae      0.9266234 0.9213918 0.9623978 0.9878400 0.8817882 0.9228530 0.9125064 0.8953205 0.8967966 0.8964865 0.9365879 0.9316889 0.9069057 0.9569128 0.9504602 0.9049500 0.9101078 0.9047591 0.6434485 0.6086869 0.6213373 0.6127642 0.6177882 0.6236707 0.6388038 0.6599428 0.6530446 0.5897255 0.6555870 0.5886131 0.8587567 0.9798304 0.5205065 0.4721420 0.4206333 0.0000000 0.5448131 0.6892267 1.2231805 1.4654008 1.4784833 1.6511139 1.5827546 1.3843108 1.1436492 1.0625640 1.5065212 1.0917248 1.2513059 1.3095406 2.3437186 
Teiidae           0.9500860 0.9126613 0.9622326 0.9456095 0.9201392 0.9481865 0.9069909 0.8738331 0.8743127 0.8593837 0.8860485 0.8758338 0.9050941 0.9833765 0.9370929 0.8635633 0.9091724 0.9151206 0.6762578 0.6504255 0.6431870 0.6498873 0.6502709 0.6605438 0.6507318 0.6812400 0.6871767 0.6332911 0.6958114 0.6167581 0.8770980 0.9876761 0.6038258 0.5520642 0.4907115 0.5448131 0.0000000 0.6984776 1.2915325 1.6154702 1.5581467 1.5313650 1.6433193 1.5124399 1.2775774 1.1766938 1.6063850 1.2012588 1.2871605 1.3503270 2.4159431 
Eublepharidae     1.0741688 1.0848941 1.0710656 1.0886261 1.0648325 1.0897456 1.0816117 1.0481157 1.0835386 1.0258464 1.0630852 1.0193376 1.0463472 1.1195597 1.0986941 0.9790805 1.0548346 1.0163506 0.8507556 0.7982292 0.8290514 0.8118640 0.8034596 0.8120336 0.8482765 0.8794793 0.8762121 0.8481555 0.8419667 0.7317527 1.0454744 1.1402164 0.7521519 0.7198025 0.6460647 0.6892267 0.6984776 0.0000000 1.4313075 1.8366208 1.6912142 1.8406145 1.7729094 1.5745650 1.3393978 1.2595111 1.7195567 1.4245395 1.4735054 1.5226250 2.5338686 
Dicamptodontidae  1.1175323 1.1564235 1.1842945 1.1964304 1.1095479 1.1447059 1.1303131 1.1642191 1.1650154 1.1172721 1.1319292 1.0962314 1.1644929 1.1597546 1.2062783 1.1709008 1.1830640 1.2209342 1.1341144 1.1350058 1.1139201 1.1132222 1.1337809 1.1342108 1.0962529 1.1023952 1.1751787 1.1186798 1.1453085 1.0207264 1.1842005 1.4959863 1.2430102 1.1974787 1.2146423 1.2231805 1.2915325 1.4313075 0.0000000 1.1386233 1.3318137 1.3680215 1.4027262 1.2157501 0.9893647 0.9888838 1.3330757 1.2429974 1.3874316 1.3534549 2.9376324 
Alytidae          1.4285461 1.4681782 1.4374851 1.4635490 1.4153923 1.4816535 1.4060517 1.4272625 1.4257087 1.3557545 1.4069459 1.4029751 1.4228049 1.4250171 1.5144844 1.4064396 1.4417046 1.4422709 1.4618728 1.4525834 1.4475268 1.4687486 1.4363514 1.4141997 1.4556170 1.4510724 1.4481663 1.4361632 1.5068122 1.3992509 1.5903435 1.7825220 1.5956807 1.5790834 1.5028386 1.4654008 1.6154702 1.8366208 1.1386233 0.0000000 1.6319641 1.5624325 1.5039462 1.3532397 1.1651649 1.1715047 1.7883123 1.5894334 1.7830033 1.8257688 2.5804292 
Heleophrynidae    1.5836466 1.5864101 1.6181921 1.5823043 1.5136763 1.6337747 1.6135246 1.5773913 1.5430468 1.5261345 1.5303729 1.5482983 1.6359393 1.6594454 1.6871181 1.4887547 1.5386210 1.5749233 1.4607503 1.4640450 1.4558645 1.4461686 1.4329292 1.4722970 1.4383261 1.4405660 1.4939646 1.4497303 1.4913747 1.3649199 1.6682642 1.7923202 1.5330187 1.4337852 1.5570957 1.4784833 1.5581467 1.6912142 1.3318137 1.6319641 0.0000000 1.4126671 1.3844425 1.0811688 0.8531304 0.8885892 1.7593936 1.7936929 1.9331383 1.9557216 2.6639355 
Leptodactylidae   1.7726199 1.7866185 1.7345884 1.7948940 1.6073648 1.7128244 1.7646833 1.7459519 1.7851155 1.6671731 1.6449199 1.6452514 1.6936423 1.7412415 1.8318078 1.6246083 1.6742223 1.6436615 1.5758037 1.5592243 1.5490657 1.5096331 1.5465870 1.5985496 1.5283341 1.5563521 1.6280317 1.4989491 1.6525675 1.4846443 1.6177322 1.7785535 1.6312371 1.7125158 1.6464258 1.6511139 1.5313650 1.8406145 1.3680215 1.5624325 1.4126671 0.0000000 0.5635864 1.0634079 0.8271214 0.8503094 1.7653733 1.7907620 1.8829174 1.8577129 2.9871057 
Strabomantidae    1.7008153 1.6571425 1.6338729 1.7046334 1.5056489 1.6268639 1.6726973 1.6832921 1.6674356 1.5579635 1.6308509 1.6126932 1.7349637 1.7075106 1.8102444 1.5765874 1.6628701 1.5922342 1.5412277 1.5017408 1.5113130 1.4777116 1.4863380 1.5495956 1.4737599 1.5420062 1.5663020 1.5009143 1.6052050 1.4847091 1.6379574 1.6499395 1.7083775 1.7657240 1.7370499 1.5827546 1.6433193 1.7729094 1.4027262 1.5039462 1.3844425 0.5635864 0.0000000 1.0750038 0.9154080 0.9070161 1.8638356 1.6402954 1.7942725 1.7884919 2.7027520 
Micrixalidae      1.4295378 1.4088912 1.5083553 1.5081405 1.3822984 1.4815109 1.4103053 1.3738269 1.4262554 1.3718239 1.3556083 1.3575616 1.3888038 1.4233791 1.4788714 1.4629785 1.5169773 1.4577142 1.4258516 1.3543099 1.3295537 1.2907207 1.3139076 1.4240091 1.3206888 1.3250736 1.3832501 1.3258148 1.4729904 1.3095950 1.5346515 1.6984445 1.4544649 1.3558207 1.3758279 1.3843108 1.5124399 1.5745650 1.2157501 1.3532397 1.0811688 1.0634079 1.0750038 0.0000000 0.4750096 0.5346360 1.6144459 1.5046489 1.7023686 1.7325628 2.5574531 
Hemisotidae       1.2258136 1.2677271 1.2517698 1.3075204 1.1800836 1.2784707 1.2881485 1.2330596 1.2458709 1.1979066 1.2349015 1.2312086 1.2321125 1.2663204 1.2645910 1.1929287 1.2662888 1.2603805 1.1280860 1.0739128 1.1081972 1.0834178 1.0919615 1.1377297 1.0666742 1.0563138 1.0920622 1.0789405 1.1578355 1.0659151 1.2656030 1.3190156 1.2278695 1.2445351 1.1904595 1.1436492 1.2775774 1.3393978 0.9893647 1.1651649 0.8531304 0.8271214 0.9154080 0.4750096 0.0000000 0.3118914 1.3967305 1.3379018 1.5516769 1.5669991 2.2189060 
Asterophryidae    1.2650077 1.2932064 1.3108035 1.3198820 1.1887122 1.3071013 1.2862010 1.2754485 1.2804402 1.2492595 1.2250615 1.2226223 1.2382446 1.2831646 1.3039803 1.2272432 1.2662857 1.2761805 1.0888769 1.0724690 1.0770660 1.0617487 1.0832644 1.0595076 1.0362893 1.0651937 1.0831070 1.0405096 1.1436900 1.0596503 1.2583138 1.4008454 1.2228736 1.1297591 1.0734037 1.0625640 1.1766938 1.2595111 0.9888838 1.1715047 0.8885892 0.8503094 0.9070161 0.5346360 0.3118914 0.0000000 1.4563980 1.3115136 1.4683393 1.4676465 2.3453307 
Caeciliidae2      1.4595803 1.6078014 1.5306195 1.5685217 1.4720223 1.6164569 1.4575419 1.5282682 1.5915470 1.5014137 1.5457830 1.4428759 1.5006232 1.5662206 1.5608611 1.4290416 1.4756005 1.5204184 1.4279720 1.3543230 1.3837749 1.3733077 1.3421705 1.4055470 1.3263917 1.4012575 1.4511052 1.3477598 1.5184148 1.3602028 1.5456232 1.7129670 1.5852209 1.5229619 1.5356704 1.5065212 1.6063850 1.7195567 1.3330757 1.7883123 1.7593936 1.7653733 1.8638356 1.6144459 1.3967305 1.4563980 0.0000000 1.7351973 1.8843369 1.9276497 2.7366919 
Polypteriformes   1.1335174 1.1229891 1.1184676 1.1718952 1.0454087 1.1455882 1.1529616 1.1344617 1.1542630 1.0708133 1.1272497 1.0751376 1.1242308 1.1137803 1.2235572 1.0383068 1.0847973 1.1133301 1.0148040 0.9678639 0.9884025 0.9746130 0.9515197 0.9412026 0.9729779 0.9856811 0.9839519 0.9270620 0.9864190 0.9250265 1.1196557 1.3020833 1.2443753 1.1721185 1.0671035 1.0917248 1.2012588 1.4245395 1.2429974 1.5894334 1.7936929 1.7907620 1.6402954 1.5046489 1.3379018 1.3115136 1.7351973 0.0000000 0.8432460 0.8732313 1.9328867 
Channichthyidae   1.2071699 1.2722713 1.2500791 1.3146365 1.2411613 1.3084645 1.2257427 1.2192920 1.2266645 1.2023512 1.2288079 1.1896859 1.2507781 1.2411817 1.2957813 1.3037766 1.2984470 1.2713436 1.1470164 1.1186268 1.1390286 1.0883642 1.1046629 1.1337257 1.1216861 1.0958573 1.1372793 1.0893398 1.1390292 1.0325134 1.3916900 1.6183911 1.2835041 1.2754108 1.2181333 1.2513059 1.2871605 1.4735054 1.3874316 1.7830033 1.9331383 1.8829174 1.7942725 1.7023686 1.5516769 1.4683393 1.8843369 0.8432460 0.0000000 0.0523650 2.1434625 
Pseudaphritidae   1.2372125 1.3183120 1.2811457 1.3601784 1.2794682 1.3390075 1.2650558 1.2684587 1.2813779 1.2246622 1.2547022 1.2107986 1.2742536 1.2745556 1.3242501 1.3434816 1.3548609 1.3074503 1.1715558 1.1419957 1.1690491 1.1250600 1.1339208 1.1534588 1.1504166 1.1123535 1.1567970 1.1139472 1.1677786 1.0497488 1.4120023 1.6369118 1.3453960 1.3413295 1.2933778 1.3095406 1.3503270 1.5226250 1.3534549 1.8257688 1.9557216 1.8577129 1.7884919 1.7325628 1.5669991 1.4676465 1.9276497 0.8732313 0.0523650 0.0000000 2.2442211 
Carcharhinidae    2.3766282 2.4649035 2.3970205 2.3763002 2.3574318 2.3425406 2.3806813 2.3890359 2.3036347 2.3296258 2.3770880 2.4676899 2.4373000 2.5177351 2.4645030 2.3944419 2.3523445 2.3061469 2.1558451 2.0674528 2.1124403 2.0371323 2.0113077 2.0962299 2.0258797 2.1040786 2.1718401 2.0583490 2.1299180 2.0640254 2.2128353 2.2117460 2.3259717 2.4021276 2.2235220 2.3437186 2.4159431 2.5338686 2.9376324 2.5804292 2.6639355 2.9871057 2.7027520 2.5574531 2.2189060 2.3453307 2.7366919 1.9328867 2.1434625 2.2442211 0.0000000 
