51
Pitheciidae       0.0000000 0.1135636 0.1130776 0.1187470 0.1123820 0.1054073 0.1326231 0.1234930 0.1158273 0.1502725 0.1456116 0.1487472 0.1580881 0.1460654 0.1716800 0.2439143 0.2397600 0.2435508 0.6195315 0.5805542 0.5773830 0.5778041 0.5896805 0.5803257 0.5834854 0.5687714 0.5780157 0.5801192 0.5757066 0.6033780 0.6623456 0.6921996 0.5283973 0.5369519 0.5208204 0.5224409 0.5459148 0.5822100 0.5811868 0.6538987 0.5844182 0.6164138 0.5988400 0.5727290 0.5396962 0.5689611 0.8037816 1.0174792 1.2903587 1.2677476 1.6359726 
Scandentia        0.1135636 0.0000000 0.1106824 0.1163307 0.1076062 0.1065977 0.1370729 0.1242086 0.1165313 0.1466285 0.1457410 0.1507684 0.1556744 0.1404300 0.1710281 0.2537447 0.2435508 0.2435508 0.6310583 0.5916756 0.5991198 0.5952718 0.6041540 0.5977839 0.5990358 0.5873544 0.5916208 0.5976010 0.5962712 0.6310070 0.6785318 0.7052447 0.5366563 0.5440138 0.5242300 0.5235957 0.5408337 0.5792806 0.5884197 0.6516482 0.5842146 0.6175143 0.5990225 0.5812006 0.5386820 0.5691837 0.7922162 1.0566810 1.3265651 1.3040486 1.6790653 
Erethizontidae    0.1130776 0.1106824 0.0000000 0.0390919 0.0893358 0.0842824 0.1278692 0.1152324 0.1124301 0.1416134 0.1401232 0.1455915 0.1518058 0.1322752 0.1676570 0.2368138 0.2276040 0.2334213 0.6105618 0.5742435 0.5765512 0.5819898 0.5874756 0.5782187 0.5813494 0.5667616 0.5740425 0.5811459 0.5830180 0.6140686 0.6649618 0.6958330 0.5212537 0.5245043 0.4966304 0.5017881 0.5390814 0.5763410 0.5644621 0.6409220 0.5854269 0.6063189 0.5858580 0.5667208 0.5342035 0.5519306 0.7983712 1.0336387 1.2914761 1.2534598 1.6411734 
Capromyidae       0.1187470 0.1163307 0.0390919 0.0000000 0.0965113 0.0896710 0.1299886 0.1239400 0.1174874 0.1475572 0.1441689 0.1515559 0.1551840 0.1350349 0.1733988 0.2430804 0.2337650 0.2424780 0.6119352 0.5725679 0.5746706 0.5811594 0.5887681 0.5794744 0.5784291 0.5679852 0.5773838 0.5782211 0.5832399 0.6187696 0.6688469 0.6951736 0.5250364 0.5363192 0.5060488 0.5044411 0.5364311 0.5773838 0.5715002 0.6421797 0.5843918 0.6215974 0.5974955 0.5835080 0.5398339 0.5598547 0.7994916 1.0342058 1.2551747 1.2362478 1.6348652 
Muridae           0.1123820 0.1076062 0.0893358 0.0965113 0.0000000 0.0789824 0.1265373 0.1169338 0.1117359 0.1365315 0.1337125 0.1454630 0.1497759 0.1348572 0.1618600 0.2394050 0.2292484 0.2388157 0.6093208 0.5638298 0.5690584 0.5694673 0.5738282 0.5678360 0.5688706 0.5533479 0.5646889 0.5655447 0.5715689 0.6029969 0.6491898 0.6806316 0.5113855 0.5252237 0.4982555 0.5082893 0.5330425 0.5775935 0.5694367 0.6408037 0.5756921 0.6137630 0.5911830 0.5654539 0.5276684 0.5615259 0.7967070 1.0329814 1.2640085 1.2570380 1.6312045 
Castoridae        0.1054073 0.1065977 0.0842824 0.0896710 0.0789824 0.0000000 0.1223842 0.1080638 0.1052731 0.1304889 0.1327163 0.1413639 0.1453727 0.1294311 0.1562423 0.2342250 0.2236517 0.2273503 0.6178108 0.5811730 0.5822100 0.5836870 0.5902608 0.5798945 0.5809417 0.5696572 0.5799033 0.5807370 0.5847131 0.6062611 0.6581366 0.6970125 0.5199836 0.5222450 0.5030919 0.5131701 0.5330425 0.5792678 0.5673534 0.6378450 0.5689938 0.6001945 0.5851969 0.5596877 0.5264901 0.5521731 0.8009760 1.0566810 1.2866211 1.2623723 1.6110953 
Suidae            0.1326231 0.1370729 0.1278692 0.1299886 0.1265373 0.1223842 0.0000000 0.0710173 0.0621072 0.1206679 0.1204596 0.1271475 0.1334745 0.1233658 0.1860580 0.2509501 0.2389338 0.2484248 0.6361157 0.5914287 0.5936964 0.5875520 0.5924411 0.5952030 0.5921938 0.5847955 0.5892455 0.5900679 0.6045685 0.6191045 0.6917967 0.7118389 0.5372930 0.5388233 0.5189195 0.5235125 0.5480869 0.5936964 0.5792871 0.6497006 0.5765311 0.6211477 0.5994719 0.5704254 0.5418518 0.5681004 0.8135112 1.0536181 1.2867622 1.2588378 1.6728724 
Hippopotamidae    0.1234930 0.1242086 0.1152324 0.1239400 0.1169338 0.1080638 0.0710173 0.0000000 0.0478536 0.1093474 0.1121425 0.1187375 0.1218823 0.1077896 0.1708160 0.2392869 0.2307548 0.2365869 0.6192132 0.5713050 0.5723708 0.5675766 0.5723708 0.5709172 0.5711350 0.5659058 0.5721541 0.5750859 0.5790551 0.5969400 0.6619013 0.6987511 0.5071184 0.5179316 0.4950346 0.4937459 0.5309363 0.5632506 0.5522280 0.6403081 0.5545981 0.5895322 0.5778049 0.5467049 0.5245896 0.5469549 0.7888782 1.0342058 1.2833118 1.2691732 1.6618818 
Hyperoodontidae   0.1158273 0.1165313 0.1124301 0.1174874 0.1117359 0.1052731 0.0621072 0.0478536 0.0000000 0.1059572 0.1039979 0.1117359 0.1136125 0.1049913 0.1653015 0.2341098 0.2228497 0.2277148 0.6245252 0.5723509 0.5784323 0.5694367 0.5752894 0.5780125 0.5761301 0.5677623 0.5761246 0.5790606 0.5830387 0.6021863 0.6686991 0.6940203 0.5055482 0.5051629 0.4841829 0.4953631 0.5236793 0.5690262 0.5509540 0.6302222 0.5551526 0.5988400 0.5784419 0.5604252 0.5200593 0.5482577 0.7838392 1.0264364 1.2793590 1.2516813 1.6560985 
Vespertilionidae  0.1502725 0.1466285 0.1416134 0.1475572 0.1365315 0.1304889 0.1206679 0.1093474 0.1059572 0.0000000 0.0814736 0.1015024 0.1424940 0.1313902 0.1923117 0.2636458 0.2499817 0.2552710 0.6256722 0.5826732 0.5888113 0.5778041 0.5875520 0.5883779 0.5853967 0.5737994 0.5801289 0.5809674 0.5913218 0.6209969 0.6958863 0.7172691 0.5248479 0.5351613 0.5077545 0.5199082 0.5482261 0.5796963 0.5811868 0.6595393 0.6010917 0.6291190 0.6072850 0.5723310 0.5404677 0.5656802 0.8118596 1.0578709 1.2641898 1.2576470 1.6788827 
Furipteridae      0.1456116 0.1457410 0.1401232 0.1441689 0.1337125 0.1327163 0.1204596 0.1121425 0.1039979 0.0814736 0.0000000 0.1001542 0.1371334 0.1244243 0.1853094 0.2571041 0.2409395 0.2511655 0.6201731 0.5803467 0.5888113 0.5799121 0.5886158 0.5862564 0.5843396 0.5727475 0.5822455 0.5862564 0.5902608 0.6275214 0.7005921 0.7245038 0.5238475 0.5231257 0.5126567 0.5238709 0.5533479 0.5858262 0.5654079 0.6459258 0.5871562 0.6159465 0.6017194 0.5694057 0.5346809 0.5667208 0.7985569 1.0733543 1.2680469 1.2701058 1.7425102 
Rhinolophidae     0.1487472 0.1507684 0.1455915 0.1515559 0.1454630 0.1413639 0.1271475 0.1187375 0.1117359 0.1015024 0.1001542 0.0000000 0.1542016 0.1367115 0.1986428 0.2684917 0.2598126 0.2685402 0.6361288 0.6013545 0.6023284 0.5965657 0.6042913 0.6061512 0.5990488 0.5915126 0.5957590 0.5997535 0.6005514 0.6192433 0.6936304 0.7196335 0.5435038 0.5440072 0.5270319 0.5336238 0.5563513 0.6075044 0.5870827 0.6789270 0.6075720 0.6356239 0.6111205 0.5816133 0.5501284 0.5759123 0.8068880 1.0728108 1.2802388 1.2663991 1.6945875 
Viverridae        0.1580881 0.1556744 0.1518058 0.1551840 0.1497759 0.1453727 0.1334745 0.1218823 0.1136125 0.1424940 0.1371334 0.1542016 0.0000000 0.0840193 0.2040352 0.2716215 0.2594107 0.2672482 0.6474468 0.6064331 0.6032484 0.5948971 0.6039793 0.6037007 0.6027970 0.5953411 0.6018146 0.6058633 0.6106591 0.6551938 0.7040719 0.7430712 0.5548393 0.5604894 0.5399540 0.5515401 0.5771720 0.6190758 0.6079810 0.6925289 0.6241359 0.6481420 0.6332411 0.6060886 0.5694057 0.5968640 0.8220518 1.1053289 1.3415324 1.2946064 1.7282810 
Procyonidae       0.1460654 0.1404300 0.1322752 0.1350349 0.1348572 0.1294311 0.1233658 0.1077896 0.1049913 0.1313902 0.1244243 0.1367115 0.0840193 0.0000000 0.1885765 0.2669757 0.2546774 0.2607327 0.6307069 0.5871562 0.5853967 0.5824499 0.5965292 0.5898745 0.5890062 0.5784387 0.5858580 0.5898745 0.5947626 0.6159393 0.6789690 0.7058644 0.5115577 0.5234863 0.5025349 0.5185660 0.5316065 0.5828771 0.5918678 0.6746506 0.5938224 0.6254370 0.6087344 0.5833494 0.5528641 0.5809803 0.8204109 1.0501956 1.2994919 1.2695830 1.7313913 
Myrmecophagidae   0.1716800 0.1710281 0.1676570 0.1733988 0.1618600 0.1562423 0.1860580 0.1708160 0.1653015 0.1923117 0.1853094 0.1986428 0.2040352 0.1885765 0.0000000 0.2841064 0.2708825 0.2785868 0.6726950 0.6282891 0.6280826 0.6287061 0.6389645 0.6287061 0.6278777 0.6159429 0.6257245 0.6277384 0.6294658 0.6509247 0.7275820 0.7476559 0.5562725 0.5769603 0.5474529 0.5591227 0.5803467 0.6362418 0.5995585 0.6791380 0.6327097 0.6589113 0.6370962 0.6282891 0.5860903 0.6206702 0.8615645 1.1116967 1.3594213 1.3178325 1.7090584 
Caluromyidae      0.2439143 0.2537447 0.2368138 0.2430804 0.2394050 0.2342250 0.2509501 0.2392869 0.2341098 0.2636458 0.2571041 0.2684917 0.2716215 0.2669757 0.2841064 0.0000000 0.0763481 0.0852472 0.5933852 0.5610157 0.5598204 0.5499850 0.5634785 0.5553289 0.5573746 0.5473157 0.5595885 0.5573746 0.5592591 0.6055805 0.6431812 0.6767686 0.4854539 0.4946847 0.4860748 0.4978389 0.5203897 0.5488259 0.5338892 0.6319887 0.5710612 0.5864548 0.5841132 0.5469549 0.5254096 0.5347892 0.7933855 1.0450966 1.3046902 1.2382354 1.6633317 
Thylacomyidae     0.2397600 0.2435508 0.2276040 0.2337650 0.2292484 0.2236517 0.2389338 0.2307548 0.2228497 0.2499817 0.2409395 0.2598126 0.2594107 0.2546774 0.2708825 0.0763481 0.0000000 0.0507576 0.5771752 0.5397144 0.5458971 0.5362079 0.5514896 0.5394768 0.5455165 0.5285733 0.5423654 0.5394768 0.5373565 0.5761246 0.6218947 0.6501076 0.4687695 0.4750577 0.4611328 0.4760133 0.4937259 0.5343590 0.5071184 0.5963825 0.5467049 0.5548531 0.5554844 0.5263971 0.4998220 0.5126567 0.7599692 1.0201211 1.2657308 1.2052952 1.6492445 
Phalangeridae     0.2435508 0.2435508 0.2334213 0.2424780 0.2388157 0.2273503 0.2484248 0.2365869 0.2277148 0.2552710 0.2511655 0.2685402 0.2672482 0.2607327 0.2785868 0.0852472 0.0507576 0.0000000 0.5892006 0.5501284 0.5492116 0.5414789 0.5558782 0.5467954 0.5518778 0.5378136 0.5477009 0.5488259 0.5466604 0.5926310 0.6393307 0.6612000 0.4730957 0.4753490 0.4656968 0.4813332 0.4963519 0.5431237 0.5330425 0.6240078 0.5679489 0.5748730 0.5744574 0.5412237 0.5216508 0.5309363 0.7883039 1.0316437 1.2863410 1.2414381 1.6671947 
Tityridae         0.6195315 0.6310583 0.6105618 0.6119352 0.6093208 0.6178108 0.6361157 0.6192132 0.6245252 0.6256722 0.6201731 0.6361288 0.6474468 0.6307069 0.6726950 0.5933852 0.5771752 0.5892006 0.0000000 0.1058672 0.0921141 0.0927366 0.0986404 0.0926590 0.0986819 0.0916074 0.0940241 0.0944118 0.1156780 0.4084241 0.4636778 0.4996506 0.4367891 0.4264316 0.4128232 0.4088309 0.4318491 0.4794383 0.5516431 0.6204963 0.5739879 0.5878280 0.5861233 0.5695663 0.5475908 0.5577095 0.7947659 1.1171530 1.3052434 1.2685547 1.6437095 
Ptilonorhynchidae 0.5805542 0.5916756 0.5742435 0.5725679 0.5638298 0.5811730 0.5914287 0.5713050 0.5723509 0.5826732 0.5803467 0.6013545 0.6064331 0.5871562 0.6282891 0.5610157 0.5397144 0.5501284 0.1058672 0.0000000 0.0578851 0.0562433 0.0635600 0.0578619 0.0624154 0.0557113 0.0574221 0.0595768 0.0901771 0.3737370 0.4469951 0.4922200 0.4101942 0.3872916 0.3774441 0.3747396 0.4039605 0.4632401 0.5386578 0.5940760 0.5512485 0.5658173 0.5683247 0.5449232 0.5187843 0.5354917 0.7785075 1.0629561 1.2557481 1.2330856 1.5839357 
Callaeatidae      0.5773830 0.5991198 0.5765512 0.5746706 0.5690584 0.5822100 0.5936964 0.5723708 0.5784323 0.5888113 0.5888113 0.6023284 0.6032484 0.5853967 0.6280826 0.5598204 0.5458971 0.5492116 0.0921141 0.0578851 0.0000000 0.0326238 0.0418852 0.0358515 0.0391541 0.0342759 0.0359225 0.0358793 0.0796854 0.3705718 0.4300889 0.4752821 0.3968689 0.3776981 0.3688530 0.3653348 0.3911697 0.4531258 0.5230963 0.5861233 0.5377548 0.5549956 0.5543562 0.5292434 0.5134756 0.5200061 0.7624686 1.0674638 1.2628112 1.2102024 1.6335663 
Monarchidae       0.5778041 0.5952718 0.5819898 0.5811594 0.5694673 0.5836870 0.5875520 0.5675766 0.5694367 0.5778041 0.5799121 0.5965657 0.5948971 0.5824499 0.6287061 0.5499850 0.5362079 0.5414789 0.0927366 0.0562433 0.0326238 0.0000000 0.0304791 0.0347877 0.0380857 0.0332134 0.0348566 0.0358933 0.0791451 0.3716246 0.4339856 0.4861025 0.3988251 0.3720329 0.3616118 0.3638860 0.3845625 0.4534128 0.5170067 0.5771687 0.5299849 0.5483985 0.5467275 0.5268510 0.5042703 0.5136621 0.7592137 1.0613600 1.2806244 1.2295575 1.6292560 
Malaconotidae     0.5896805 0.6041540 0.5874756 0.5887681 0.5738282 0.5902608 0.5924411 0.5723708 0.5752894 0.5875520 0.5886158 0.6042913 0.6039793 0.5965292 0.6389645 0.5634785 0.5514896 0.5558782 0.0986404 0.0635600 0.0418852 0.0304791 0.0000000 0.0435018 0.0463042 0.0402865 0.0419515 0.0446276 0.0849997 0.3790201 0.4375389 0.4938269 0.4099477 0.3887696 0.3722029 0.3778819 0.4033332 0.4592373 0.5281359 0.5827126 0.5433851 0.5547541 0.5533195 0.5350719 0.5121976 0.5247448 0.7754802 1.0696213 1.2822418 1.2260197 1.6185929 
Certhiidae        0.5803257 0.5977839 0.5782187 0.5794744 0.5678360 0.5798945 0.5952030 0.5709172 0.5780125 0.5883779 0.5862564 0.6061512 0.6037007 0.5898745 0.6287061 0.5553289 0.5394768 0.5467954 0.0926590 0.0578619 0.0358515 0.0347877 0.0435018 0.0000000 0.0309787 0.0266981 0.0283181 0.0325859 0.0779359 0.3720329 0.4319974 0.4816351 0.3940620 0.3741172 0.3612005 0.3618178 0.3858140 0.4436962 0.5177202 0.5899703 0.5422297 0.5525281 0.5549956 0.5298861 0.5141139 0.5206478 0.7679557 1.0536181 1.2576470 1.2119372 1.6062467 
Cinclidae         0.5834854 0.5990358 0.5813494 0.5784291 0.5688706 0.5809417 0.5921938 0.5711350 0.5761301 0.5853967 0.5843396 0.5990488 0.6027970 0.5890062 0.6278777 0.5573746 0.5455165 0.5518778 0.0986819 0.0624154 0.0391541 0.0380857 0.0463042 0.0309787 0.0000000 0.0310147 0.0326491 0.0358654 0.0849644 0.3707860 0.4482705 0.4867466 0.3992992 0.3783578 0.3636781 0.3684589 0.3996244 0.4549099 0.5201596 0.5917308 0.5458331 0.5520383 0.5493245 0.5334094 0.5125472 0.5160765 0.7616697 1.0555817 1.2756045 1.2260436 1.6347204 
Ploceidae         0.5687714 0.5873544 0.5667616 0.5679852 0.5533479 0.5696572 0.5847955 0.5659058 0.5677623 0.5737994 0.5727475 0.5915126 0.5953411 0.5784387 0.6159429 0.5473157 0.5285733 0.5378136 0.0916074 0.0557113 0.0342759 0.0332134 0.0402865 0.0266981 0.0310147 0.0000000 0.0150790 0.0320871 0.0757457 0.3589136 0.4333484 0.4794124 0.3921891 0.3739274 0.3601678 0.3616104 0.3886021 0.4463602 0.5208039 0.5816444 0.5372280 0.5516431 0.5499665 0.5249194 0.5052954 0.5120246 0.7610822 1.0479503 1.2827777 1.2331563 1.6204127 
Thraupidae        0.5780157 0.5916208 0.5740425 0.5773838 0.5646889 0.5799033 0.5892455 0.5721541 0.5761246 0.5801289 0.5822455 0.5957590 0.6018146 0.5858580 0.6257245 0.5595885 0.5423654 0.5477009 0.0940241 0.0574221 0.0359225 0.0348566 0.0419515 0.0283181 0.0326491 0.0150790 0.0000000 0.0337244 0.0786696 0.3626467 0.4382632 0.4797353 0.3986737 0.3802698 0.3663739 0.3670049 0.3946789 0.4551990 0.5208039 0.5867939 0.5431284 0.5597209 0.5580369 0.5246405 0.5109173 0.5204430 0.7662075 1.0530783 1.2789988 1.2367058 1.6167708 
Alaudidae         0.5801192 0.5976010 0.5811459 0.5782211 0.5655447 0.5807370 0.5900679 0.5750859 0.5790606 0.5809674 0.5862564 0.5997535 0.6058633 0.5898745 0.6277384 0.5573746 0.5394768 0.5488259 0.0944118 0.0595768 0.0358793 0.0358933 0.0446276 0.0325859 0.0358654 0.0320871 0.0337244 0.0000000 0.0813727 0.3724405 0.4398115 0.4883381 0.3992125 0.3757966 0.3612005 0.3593438 0.3866663 0.4519216 0.5117322 0.5761076 0.5299849 0.5463388 0.5456979 0.5190799 0.4974287 0.5047411 0.7527416 1.0593504 1.2696866 1.2049661 1.6153110 
Coraciiformes     0.5757066 0.5962712 0.5830180 0.5832399 0.5715689 0.5847131 0.6045685 0.5790551 0.5830387 0.5913218 0.5902608 0.6005514 0.6106591 0.5947626 0.6294658 0.5592591 0.5373565 0.5466604 0.1156780 0.0901771 0.0796854 0.0791451 0.0849997 0.0779359 0.0849644 0.0757457 0.0786696 0.0813727 0.0000000 0.3726559 0.4293884 0.4724802 0.3921197 0.3688830 0.3601724 0.3616118 0.3885410 0.4397853 0.5199299 0.5865235 0.5369978 0.5573094 0.5569100 0.5300589 0.5071665 0.5258492 0.7596024 1.0642651 1.2834458 1.2574927 1.5736541 
Crocodylidae      0.6033780 0.6310070 0.6140686 0.6187696 0.6029969 0.6062611 0.6191045 0.5969400 0.6021863 0.6209969 0.6275214 0.6192433 0.6551938 0.6159393 0.6509247 0.6055805 0.5761246 0.5926310 0.4084241 0.3737370 0.3705718 0.3716246 0.3790201 0.3720329 0.3707860 0.3589136 0.3626467 0.3724405 0.3726559 0.0000000 0.5248637 0.5537162 0.4697346 0.4694599 0.4465020 0.4612197 0.4766160 0.5349435 0.5837816 0.6685503 0.6048235 0.6221056 0.6305171 0.5926161 0.5780157 0.5931902 0.8526536 1.1500367 1.3493935 1.3315259 1.7080744 
Carettochelyidae  0.6623456 0.6785318 0.6649618 0.6688469 0.6491898 0.6581366 0.6917967 0.6619013 0.6686991 0.6958863 0.7005921 0.6936304 0.7040719 0.6789690 0.7275820 0.6431812 0.6218947 0.6393307 0.4636778 0.4469951 0.4300889 0.4339856 0.4375389 0.4319974 0.4482705 0.4333484 0.4382632 0.4398115 0.4293884 0.5248637 0.0000000 0.4659266 0.5047798 0.4941146 0.4766019 0.4886225 0.4896232 0.5437610 0.6598769 0.7202629 0.6698105 0.6897215 0.6785675 0.6466754 0.6238437 0.6467867 0.8859615 1.1956854 1.3820191 1.3869002 1.8069695 
Kinosternidae     0.6921996 0.7052447 0.6958330 0.6951736 0.6806316 0.6970125 0.7118389 0.6987511 0.6940203 0.7172691 0.7245038 0.7196335 0.7430712 0.7058644 0.7476559 0.6767686 0.6501076 0.6612000 0.4996506 0.4922200 0.4752821 0.4861025 0.4938269 0.4816351 0.4867466 0.4794124 0.4797353 0.4883381 0.4724802 0.5537162 0.4659266 0.0000000 0.5474263 0.5547832 0.5217295 0.5175791 0.5455475 0.6058633 0.6886549 0.7708881 0.7244769 0.7417138 0.7397849 0.7034698 0.6707887 0.6975671 0.9237407 1.1825708 1.4972242 1.4784245 1.8015414 
Anomalepididae    0.5283973 0.5366563 0.5212537 0.5250364 0.5113855 0.5199836 0.5372930 0.5071184 0.5055482 0.5248479 0.5238475 0.5435038 0.5548393 0.5115577 0.5562725 0.4854539 0.4687695 0.4730957 0.4367891 0.4101942 0.3968689 0.3988251 0.4099477 0.3940620 0.3992992 0.3921891 0.3986737 0.3992125 0.3921197 0.4697346 0.5047798 0.5474263 0.0000000 0.1639100 0.1513537 0.1691631 0.1959601 0.2547240 0.5012973 0.5938214 0.5356446 0.5391784 0.5413470 0.5173665 0.4899233 0.4951262 0.7483171 1.0115530 1.2395714 1.2121574 1.6207205 
Loxocemidae       0.5369519 0.5440138 0.5245043 0.5363192 0.5252237 0.5222450 0.5388233 0.5179316 0.5051629 0.5351613 0.5231257 0.5440072 0.5604894 0.5234863 0.5769603 0.4946847 0.4750577 0.4753490 0.4264316 0.3872916 0.3776981 0.3720329 0.3887696 0.3741172 0.3783578 0.3739274 0.3802698 0.3757966 0.3688830 0.4694599 0.4941146 0.5547832 0.1639100 0.0000000 0.0810329 0.1460433 0.1846218 0.2523010 0.4912378 0.5654994 0.5089405 0.5200061 0.5222089 0.4922544 0.4605712 0.4864296 0.7100330 1.0008198 1.2548954 1.2224913 1.6587910 
Natricidae        0.5208204 0.5242300 0.4966304 0.5060488 0.4982555 0.5030919 0.5189195 0.4950346 0.4841829 0.5077545 0.5126567 0.5270319 0.5399540 0.5025349 0.5474529 0.4860748 0.4611328 0.4656968 0.4128232 0.3774441 0.3688530 0.3616118 0.3722029 0.3612005 0.3636781 0.3601678 0.3663739 0.3612005 0.3601724 0.4465020 0.4766019 0.5217295 0.1513537 0.0810329 0.0000000 0.1335377 0.1722107 0.2510400 0.4637561 0.5497004 0.4860979 0.4947954 0.5008904 0.4727877 0.4425088 0.4523130 0.7027529 0.9643896 1.2275555 1.1938908 1.6670269 
Xenosauridae      0.5224409 0.5235957 0.5017881 0.5044411 0.5082893 0.5131701 0.5235125 0.4937459 0.4953631 0.5199082 0.5238709 0.5336238 0.5515401 0.5185660 0.5591227 0.4978389 0.4760133 0.4813332 0.4088309 0.3747396 0.3653348 0.3638860 0.3778819 0.3618178 0.3684589 0.3616104 0.3670049 0.3593438 0.3616118 0.4612197 0.4886225 0.5175791 0.1691631 0.1460433 0.1335377 0.0000000 0.1846812 0.2495142 0.4734450 0.5730172 0.5072148 0.5244857 0.5157402 0.4893100 0.4659614 0.4671001 0.6925443 1.0049909 1.2241831 1.1903227 1.6276891 
Teiidae           0.5459148 0.5408337 0.5390814 0.5364311 0.5330425 0.5330425 0.5480869 0.5309363 0.5236793 0.5482261 0.5533479 0.5563513 0.5771720 0.5316065 0.5803467 0.5203897 0.4937259 0.4963519 0.4318491 0.4039605 0.3911697 0.3845625 0.4033332 0.3858140 0.3996244 0.3886021 0.3946789 0.3866663 0.3885410 0.4766160 0.4896232 0.5455475 0.1959601 0.1846218 0.1722107 0.1846812 0.0000000 0.2746173 0.4816266 0.5894400 0.5298861 0.5390374 0.5381617 0.5185745 0.4883473 0.4987390 0.7583297 1.0578510 1.2377036 1.1887642 1.6562850 
Eublepharidae     0.5822100 0.5792806 0.5763410 0.5773838 0.5775935 0.5792678 0.5936964 0.5632506 0.5690262 0.5796963 0.5858262 0.6075044 0.6190758 0.5828771 0.6362418 0.5488259 0.5343590 0.5431237 0.4794383 0.4632401 0.4531258 0.4534128 0.4592373 0.4436962 0.4549099 0.4463602 0.4551990 0.4519216 0.4397853 0.5349435 0.5437610 0.6058633 0.2547240 0.2523010 0.2510400 0.2495142 0.2746173 0.0000000 0.5652734 0.6331798 0.5689282 0.5803574 0.5814073 0.5602563 0.5371788 0.5522280 0.7967070 1.0893871 1.2972584 1.2677476 1.7738934 
Dicamptodontidae  0.5811868 0.5884197 0.5644621 0.5715002 0.5694367 0.5673534 0.5792871 0.5522280 0.5509540 0.5811868 0.5654079 0.5870827 0.6079810 0.5918678 0.5995585 0.5338892 0.5071184 0.5330425 0.5516431 0.5386578 0.5230963 0.5170067 0.5281359 0.5177202 0.5201596 0.5208039 0.5208039 0.5117322 0.5199299 0.5837816 0.6598769 0.6886549 0.5012973 0.4912378 0.4637561 0.4734450 0.4816266 0.5652734 0.0000000 0.3086618 0.2758025 0.2653980 0.2689446 0.2475389 0.2446280 0.2441729 0.5051629 0.9825406 1.1986543 1.1444453 1.5787105 
Alytidae          0.6538987 0.6516482 0.6409220 0.6421797 0.6408037 0.6378450 0.6497006 0.6403081 0.6302222 0.6595393 0.6459258 0.6789270 0.6925289 0.6746506 0.6791380 0.6319887 0.5963825 0.6240078 0.6204963 0.5940760 0.5861233 0.5771687 0.5827126 0.5899703 0.5917308 0.5816444 0.5867939 0.5761076 0.5865235 0.6685503 0.7202629 0.7708881 0.5938214 0.5654994 0.5497004 0.5730172 0.5894400 0.6331798 0.3086618 0.0000000 0.3341303 0.3184795 0.3274842 0.3053851 0.2936304 0.2930381 0.5801192 1.0136896 1.2019369 1.1968431 1.5865530 
Heleophrynidae    0.5844182 0.5842146 0.5854269 0.5843918 0.5756921 0.5689938 0.5765311 0.5545981 0.5551526 0.6010917 0.5871562 0.6075720 0.6241359 0.5938224 0.6327097 0.5710612 0.5467049 0.5679489 0.5739879 0.5512485 0.5377548 0.5299849 0.5433851 0.5422297 0.5458331 0.5372280 0.5431284 0.5299849 0.5369978 0.6048235 0.6698105 0.7244769 0.5356446 0.5089405 0.4860979 0.5072148 0.5298861 0.5689282 0.2758025 0.3341303 0.0000000 0.2141923 0.2185301 0.1927860 0.1808699 0.1848740 0.5666797 1.0205766 1.1889691 1.1537804 1.6040415 
Leptodactylidae   0.6164138 0.6175143 0.6063189 0.6215974 0.6137630 0.6001945 0.6211477 0.5895322 0.5988400 0.6291190 0.6159465 0.6356239 0.6481420 0.6254370 0.6589113 0.5864548 0.5548531 0.5748730 0.5878280 0.5658173 0.5549956 0.5483985 0.5547541 0.5525281 0.5520383 0.5516431 0.5597209 0.5463388 0.5573094 0.6221056 0.6897215 0.7417138 0.5391784 0.5200061 0.4947954 0.5244857 0.5390374 0.5803574 0.2653980 0.3184795 0.2141923 0.0000000 0.0824233 0.1865259 0.1668216 0.1780631 0.5304286 1.0102898 1.1788857 1.1498400 1.5453338 
Strabomantidae    0.5988400 0.5990225 0.5858580 0.5974955 0.5911830 0.5851969 0.5994719 0.5778049 0.5784419 0.6072850 0.6017194 0.6111205 0.6332411 0.6087344 0.6370962 0.5841132 0.5554844 0.5744574 0.5861233 0.5683247 0.5543562 0.5467275 0.5533195 0.5549956 0.5493245 0.5499665 0.5580369 0.5456979 0.5569100 0.6305171 0.6785675 0.7397849 0.5413470 0.5222089 0.5008904 0.5157402 0.5381617 0.5814073 0.2689446 0.3274842 0.2185301 0.0824233 0.0000000 0.1902671 0.1704797 0.1809413 0.5435075 1.0238440 1.1806515 1.1283779 1.5741579 
Micrixalidae      0.5727290 0.5812006 0.5667208 0.5835080 0.5654539 0.5596877 0.5704254 0.5467049 0.5604252 0.5723310 0.5694057 0.5816133 0.6060886 0.5833494 0.6282891 0.5469549 0.5263971 0.5412237 0.5695663 0.5449232 0.5292434 0.5268510 0.5350719 0.5298861 0.5334094 0.5249194 0.5246405 0.5190799 0.5300589 0.5926161 0.6466754 0.7034698 0.5173665 0.4922544 0.4727877 0.4893100 0.5185745 0.5602563 0.2475389 0.3053851 0.1927860 0.1865259 0.1902671 0.0000000 0.1093940 0.1115665 0.5326148 0.9909153 1.1759915 1.1256184 1.6423001 
Hemisotidae       0.5396962 0.5386820 0.5342035 0.5398339 0.5276684 0.5264901 0.5418518 0.5245896 0.5200593 0.5404677 0.5346809 0.5501284 0.5694057 0.5528641 0.5860903 0.5254096 0.4998220 0.5216508 0.5475908 0.5187843 0.5134756 0.5042703 0.5121976 0.5141139 0.5125472 0.5052954 0.5109173 0.4974287 0.5071665 0.5780157 0.6238437 0.6707887 0.4899233 0.4605712 0.4425088 0.4659614 0.4883473 0.5371788 0.2446280 0.2936304 0.1808699 0.1668216 0.1704797 0.1093940 0.0000000 0.0995663 0.5153230 0.9185935 1.1612379 1.1186309 1.5600550 
Asterophryidae    0.5689611 0.5691837 0.5519306 0.5598547 0.5615259 0.5521731 0.5681004 0.5469549 0.5482577 0.5656802 0.5667208 0.5759123 0.5968640 0.5809803 0.6206702 0.5347892 0.5126567 0.5309363 0.5577095 0.5354917 0.5200061 0.5136621 0.5247448 0.5206478 0.5160765 0.5120246 0.5204430 0.5047411 0.5258492 0.5931902 0.6467867 0.6975671 0.4951262 0.4864296 0.4523130 0.4671001 0.4987390 0.5522280 0.2441729 0.2930381 0.1848740 0.1780631 0.1809413 0.1115665 0.0995663 0.0000000 0.5314038 0.9662451 1.1921433 1.1438508 1.5849557 
Caeciliidae2      0.8037816 0.7922162 0.7983712 0.7994916 0.7967070 0.8009760 0.8135112 0.7888782 0.7838392 0.8118596 0.7985569 0.8068880 0.8220518 0.8204109 0.8615645 0.7933855 0.7599692 0.7883039 0.7947659 0.7785075 0.7624686 0.7592137 0.7754802 0.7679557 0.7616697 0.7610822 0.7662075 0.7527416 0.7596024 0.8526536 0.8859615 0.9237407 0.7483171 0.7100330 0.7027529 0.6925443 0.7583297 0.7967070 0.5051629 0.5801192 0.5666797 0.5304286 0.5435075 0.5326148 0.5153230 0.5314038 0.0000000 1.1346495 1.4285061 1.3932922 1.8520597 
Polypteriformes   1.0174792 1.0566810 1.0336387 1.0342058 1.0329814 1.0566810 1.0536181 1.0342058 1.0264364 1.0578709 1.0733543 1.0728108 1.1053289 1.0501956 1.1116967 1.0450966 1.0201211 1.0316437 1.1171530 1.0629561 1.0674638 1.0613600 1.0696213 1.0536181 1.0555817 1.0479503 1.0530783 1.0593504 1.0642651 1.1500367 1.1956854 1.1825708 1.0115530 1.0008198 0.9643896 1.0049909 1.0578510 1.0893871 0.9825406 1.0136896 1.0205766 1.0102898 1.0238440 0.9909153 0.9185935 0.9662451 1.1346495 0.0000000 1.2480363 1.1909681 1.9366978 
Channichthyidae   1.2903587 1.3265651 1.2914761 1.2551747 1.2640085 1.2866211 1.2867622 1.2833118 1.2793590 1.2641898 1.2680469 1.2802388 1.3415324 1.2994919 1.3594213 1.3046902 1.2657308 1.2863410 1.3052434 1.2557481 1.2628112 1.2806244 1.2822418 1.2576470 1.2756045 1.2827777 1.2789988 1.2696866 1.2834458 1.3493935 1.3820191 1.4972242 1.2395714 1.2548954 1.2275555 1.2241831 1.2377036 1.2972584 1.1986543 1.2019369 1.1889691 1.1788857 1.1806515 1.1759915 1.1612379 1.1921433 1.4285061 1.2480363 0.0000000 0.1949883 2.0754426 
Pseudaphritidae   1.2677476 1.3040486 1.2534598 1.2362478 1.2570380 1.2623723 1.2588378 1.2691732 1.2516813 1.2576470 1.2701058 1.2663991 1.2946064 1.2695830 1.3178325 1.2382354 1.2052952 1.2414381 1.2685547 1.2330856 1.2102024 1.2295575 1.2260197 1.2119372 1.2260436 1.2331563 1.2367058 1.2049661 1.2574927 1.3315259 1.3869002 1.4784245 1.2121574 1.2224913 1.1938908 1.1903227 1.1887642 1.2677476 1.1444453 1.1968431 1.1537804 1.1498400 1.1283779 1.1256184 1.1186309 1.1438508 1.3932922 1.1909681 0.1949883 0.0000000 2.1053056 
Carcharhinidae    1.6359726 1.6790653 1.6411734 1.6348652 1.6312045 1.6110953 1.6728724 1.6618818 1.6560985 1.6788827 1.7425102 1.6945875 1.7282810 1.7313913 1.7090584 1.6633317 1.6492445 1.6671947 1.6437095 1.5839357 1.6335663 1.6292560 1.6185929 1.6062467 1.6347204 1.6204127 1.6167708 1.6153110 1.5736541 1.7080744 1.8069695 1.8015414 1.6207205 1.6587910 1.6670269 1.6276891 1.6562850 1.7738934 1.5787105 1.5865530 1.6040415 1.5453338 1.5741579 1.6423001 1.5600550 1.5849557 1.8520597 1.9366978 2.0754426 2.1053056 0.0000000 
