51
Pitheciidae       0.0000000 2.0966046 2.1173575 2.0572639 2.0012532 1.9747417 1.6405655 1.8367340 1.6300078 2.0389957 1.9980832 2.0127850 2.0687425 2.1320601 2.4527175 2.7940501 3.2435128 2.9416268 4.8844163 4.3448769 4.2307198 3.6157268 3.8352253 4.1884005 4.1958625 4.0698427 4.3144536 4.1357726 4.1414698 3.8517536 4.9178852 4.2280285 5.2674437 8.9999989 8.9999988 3.9112538 3.7628909 5.1480680 5.0072017 4.1961155 4.2703739 4.0418384 3.9330966 3.9432498 4.2849853 4.7869325 3.9860053 3.8220153 3.0379472 3.1040485 3.8374183 
Scandentia        2.0966046 0.0000000 1.9214142 1.7951410 1.9026470 2.0484063 1.7643315 1.7396350 1.7335732 2.0535029 1.8768161 1.9301575 2.1794134 2.2178393 2.9705476 3.1141244 3.2054817 3.2772228 8.5039206 5.4721223 6.0430443 5.6762893 6.4033482 5.5378723 5.5368380 5.9617250 5.8016052 5.5396229 5.2515603 4.4546804 8.9999982 5.9394803 6.2364959 7.5012938 5.5707491 4.4001518 4.1374336 8.9999988 4.5787966 4.1309711 4.4601571 5.1324209 4.6071595 4.6484419 4.8545411 5.1452233 4.3937877 4.1952039 4.1180700 4.0023590 4.3899796 
Erethizontidae    2.1173575 1.9214142 0.0000000 0.8073333 1.7691012 1.7758121 1.5344147 1.6340051 1.6809527 1.9414743 1.9561526 1.8463660 2.0033421 1.9318610 2.7929521 2.6458782 3.1593472 3.0391324 6.8239942 4.5894897 4.5213395 4.7100324 4.8312709 4.3485136 4.7072333 4.4818570 4.4039854 4.7042804 4.3071205 4.5581460 7.5996957 5.0513192 4.5197295 6.5696972 5.1975101 4.4394147 4.3158649 5.0813874 4.1117933 4.1381918 4.0542491 4.2517171 3.8161585 3.8104172 4.9160793 4.5219840 5.2061941 4.5858887 3.9780308 3.8228143 3.4724752 
Capromyidae       2.0572639 1.7951410 0.8073333 0.0000000 1.8215143 1.7733991 1.5909892 1.7037085 1.6098639 2.0141271 2.0095833 1.8529589 2.1132503 2.0313646 2.8182183 2.5726226 2.9242299 2.8671641 6.8062291 5.3133035 4.5889422 4.7101565 4.8348377 4.7929225 5.4893095 5.2576847 4.8703070 4.9666452 4.6604683 4.1190607 8.0034432 5.5950872 5.0290535 5.5515170 4.5786173 4.1832407 4.8269927 5.4143258 4.2295939 4.4701303 4.4477459 4.4334846 4.0239236 3.9399275 4.8982781 4.4371242 4.7330277 3.8696629 3.9713222 3.7680766 3.5304968 
Muridae           2.0012532 1.9026470 1.7691012 1.8215143 0.0000000 1.6309977 1.5004591 1.5441147 1.5351352 1.6882957 1.7329881 1.6201323 1.8072146 1.7864063 2.7965925 2.9059006 3.2086328 2.6923333 7.0951946 6.5408272 6.1563278 6.0743242 6.7724849 6.6476545 7.5261865 6.9074954 6.4325170 6.4368062 4.8332934 3.8657654 5.2764578 6.4223685 6.8052365 6.8002386 6.7306876 5.0017770 3.8780406 6.3160872 3.5252310 5.3663555 4.6449825 5.0119822 4.3878012 4.2158270 6.1350009 5.1124695 4.4976039 4.5811056 4.1034487 3.9405653 4.0847419 
Castoridae        1.9747417 2.0484063 1.7758121 1.7733991 1.6309977 0.0000000 1.5647341 1.6476139 1.6488285 1.6910325 1.8419429 1.7625092 2.0344730 2.1529503 2.6266516 2.8092052 3.1764927 2.8833119 6.3718823 4.6622673 4.7559927 4.6358947 4.5883381 4.5582050 4.7169177 4.6353557 4.4905173 4.6401581 4.4494291 3.7590835 5.7766128 9.0000000 7.7751790 8.9999983 5.7974817 4.4291326 4.1925984 5.4219301 3.6340705 3.7683925 4.1439099 4.3080491 4.0167294 3.6293710 4.5779018 4.9314986 3.9715369 4.5003078 3.9299572 3.8183471 3.7796903 
Suidae            1.6405655 1.7643315 1.5344147 1.5909892 1.5004591 1.5647341 0.0000000 0.7704917 0.7378869 1.1050381 1.2478458 1.1902659 1.2175450 1.3403118 2.1792382 2.4883579 2.7306369 2.4280430 4.8362648 4.4273135 4.2821851 4.5238024 4.1121452 4.2026127 4.6078098 4.6165235 4.3997344 4.3207322 3.6386867 3.6097882 4.6202461 4.7910646 4.8374129 5.1155338 8.6823154 3.7355597 3.6830330 4.9041711 3.4063274 3.7579536 3.6223250 3.3137670 3.1467585 3.1840679 3.6158901 3.7676243 4.0602581 3.7615845 3.1106394 3.0833817 3.2032595 
Hippopotamidae    1.8367340 1.7396350 1.6340051 1.7037085 1.5441147 1.6476139 0.7704917 0.0000000 0.6674343 1.2480559 1.3486631 1.2291978 1.3950246 1.4241998 2.3526192 2.8640888 2.8939850 2.7964222 4.4415152 3.8903236 3.8912222 3.9345379 3.9111374 3.9823878 4.1514051 3.9872306 3.9257762 4.0927849 3.6922412 3.9303389 5.2562021 4.5434361 4.8235431 5.6617949 5.6290003 4.0467920 3.9068922 4.6987845 3.5613780 3.6439081 3.8030870 3.9088665 3.5062833 3.7221568 4.2376911 4.6474618 3.9478547 3.5499906 3.4189581 3.3425269 3.4651065 
Hyperoodontidae   1.6300078 1.7335732 1.6809527 1.6098639 1.5351352 1.6488285 0.7378869 0.6674343 0.0000000 1.3472185 1.3146469 1.2609486 1.3447776 1.3972861 2.0650261 2.7616030 2.9259728 2.6948817 4.5576341 4.2359325 3.8911828 4.1407704 4.2258124 3.9237028 3.9774717 4.1402153 4.1330787 4.0235850 3.6980298 3.5228162 4.2441032 4.1745308 4.2230140 6.4132713 6.0063489 3.6973381 4.0124613 4.5886429 3.3393018 3.8915816 3.8117316 3.9265127 3.6059859 3.5933589 4.2134011 3.8667805 4.3031307 4.0835196 3.2058968 3.1441076 3.8850197 
Vespertilionidae  2.0389957 2.0535029 1.9414743 2.0141271 1.6882957 1.6910325 1.1050381 1.2480559 1.3472185 0.0000000 1.0141373 1.0062385 1.5393140 1.6623640 2.3647987 2.6909735 2.8492846 2.8745633 5.5017146 4.1496213 4.2615605 3.7947759 4.1478305 4.3562123 4.3677236 4.1166000 4.0694384 4.1085552 4.1388152 4.1374743 4.4374036 5.8041927 4.8715760 5.9075437 4.9257144 4.2229236 3.9479607 5.0400743 3.9027294 3.4365328 3.7730799 3.8381065 3.3940189 3.3740148 3.7903686 4.0399083 3.8830750 3.8026247 3.1696745 3.0606842 3.4593253 
Furipteridae      1.9980832 1.8768161 1.9561526 2.0095833 1.7329881 1.8419429 1.2478458 1.3486631 1.3146469 1.0141373 0.0000000 1.1497198 1.6471994 1.5951973 2.5976813 2.6631488 2.6132695 2.4841066 4.7576884 4.4305123 4.3620865 3.9768816 4.1918309 4.4649578 4.3255656 4.3360257 4.1415240 4.5484265 4.0063496 3.9765925 4.4195023 5.3589766 4.4405279 5.8477789 5.1856986 3.8073432 3.8049989 4.7373687 4.1634296 3.4001227 3.7732708 3.9801474 3.6509620 3.4721699 4.4447696 4.6701938 3.9568507 4.0090005 3.4226909 3.3798943 3.6112924 
Rhinolophidae     2.0127850 1.9301575 1.8463660 1.8529589 1.6201323 1.7625092 1.1902659 1.2291978 1.2609486 1.0062385 1.1497198 0.0000000 1.6570903 1.5729422 2.1805307 2.8692026 2.7722705 2.8292693 4.1166142 4.1075089 3.7186984 3.7072320 3.7850206 3.9436331 4.1349474 3.9503674 3.8040740 4.1400425 3.7017173 3.1945132 4.0911174 5.4784516 3.6558790 5.3200920 5.1819402 3.7782272 3.6304879 4.6530995 3.3882012 3.3658477 3.8155236 3.6809083 3.3762803 3.4846761 3.6102480 3.8673436 3.7167759 4.0673438 3.5041982 3.4034142 4.0081350 
Viverridae        2.0687425 2.1794134 2.0033421 2.1132503 1.8072146 2.0344730 1.2175450 1.3950246 1.3447776 1.5393140 1.6471994 1.6570903 0.0000000 1.0527431 2.5584275 2.9210803 3.3396583 3.3409099 4.7954252 4.4137721 3.7918086 3.8539967 3.9295394 4.0179300 4.4412887 4.2529230 4.3189187 4.3202786 3.9955761 3.8384242 4.8406023 4.8066064 4.7848898 8.9999984 8.3330682 4.8603358 3.6280496 4.4666404 4.1269290 3.9394299 4.4714298 4.3358289 3.9417303 4.1869059 4.6360718 4.2288819 5.3527932 4.6201863 3.3707870 3.4122456 3.7694435 
Procyonidae       2.1320601 2.2178393 1.9318610 2.0313646 1.7864063 2.1529503 1.3403118 1.4241998 1.3972861 1.6623640 1.5951973 1.5729422 1.0527431 0.0000000 2.7033828 2.8899565 2.9064117 2.8025035 5.0090077 4.9111037 4.4335806 4.7121809 4.7422250 5.0561120 5.8985263 4.7041193 4.9542382 5.3699695 4.3733114 4.6979127 6.0911801 5.1552943 4.8371851 6.1670746 8.9999981 4.0763734 3.5649534 5.5351449 3.7649042 3.5277579 4.6511941 4.0697975 3.8245640 3.6718651 4.8372247 4.7661341 5.2097560 3.8318962 3.3572297 3.3152889 4.3008401 
Myrmecophagidae   2.4527175 2.9705476 2.7929521 2.8182183 2.7965925 2.6266516 2.1792382 2.3526192 2.0650261 2.3647987 2.5976813 2.1805307 2.5584275 2.7033828 0.0000000 3.0360364 3.2136414 3.0992978 6.9407245 5.2555765 5.0512398 4.5855723 5.3562074 4.6555663 4.7394357 4.6582171 4.6589525 4.9123700 4.6988195 4.1087227 5.2224902 5.9642570 5.2686472 6.2500973 5.5948959 5.6012083 5.5005543 5.7419173 3.7602919 3.9895281 4.4611927 3.9262636 3.9844238 3.8307275 4.0400112 4.6174644 5.4856582 3.9691357 3.7255771 3.6734971 3.4127133 
Caluromyidae      2.7940501 3.1141244 2.6458782 2.5726226 2.9059006 2.8092052 2.4883579 2.8640888 2.7616030 2.6909735 2.6631488 2.8692026 2.9210803 2.8899565 3.0360364 0.0000000 1.0313560 1.0473843 3.4058356 3.2776592 3.3880836 3.4021707 3.5048732 3.4120582 3.8084329 3.4709129 3.4009176 3.4308595 3.2937577 3.2528092 4.1174372 3.8855067 4.3174325 5.1431603 4.3280756 3.1057690 3.5900123 4.7454295 3.7411063 3.6256407 3.7654191 3.3829946 3.4917137 3.5730734 3.8161042 4.6174552 3.5205484 3.5930313 3.0542086 3.0766332 3.2202546 
Thylacomyidae     3.2435128 3.2054817 3.1593472 2.9242299 3.2086328 3.1764927 2.7306369 2.8939850 2.9259728 2.8492846 2.6132695 2.7722705 3.3396583 2.9064117 3.2136414 1.0313560 0.0000000 0.8125448 3.7207412 3.8683361 4.0156867 4.0932573 3.9554816 3.8573942 3.9791891 3.7841545 3.7413311 3.7658059 3.4251580 3.7693969 4.1359235 3.6867313 4.0182780 5.5019092 4.8538437 3.1814971 3.8469990 4.0468388 3.2632156 4.2610243 4.0960379 4.2150162 4.2331963 4.1311116 5.0596751 5.0754872 3.7424517 4.0434091 3.8358229 3.8876459 3.3922601 
Phalangeridae     2.9416268 3.2772228 3.0391324 2.8671641 2.6923333 2.8833119 2.4280430 2.7964222 2.6948817 2.8745633 2.4841066 2.8292693 3.3409099 2.8025035 3.0992978 1.0473843 0.8125448 0.0000000 3.2348366 3.2265886 3.2079140 3.5587438 3.3623269 3.3636473 3.7668234 3.4844899 3.2400069 3.4544109 3.0701281 3.4896511 3.6377999 3.6497264 3.5997165 5.0401722 4.6729430 2.9822187 3.1413893 5.1162449 2.9161492 3.6575296 3.7202815 3.3395289 3.3304859 3.7013646 3.8398669 3.8663288 3.5253584 3.6797073 3.3637967 3.5137011 3.0684143 
Tityridae         4.8844163 8.5039206 6.8239942 6.8062291 7.0951946 6.3718823 4.8362648 4.4415152 4.5576341 5.5017146 4.7576884 4.1166142 4.7954252 5.0090077 6.9407245 3.4058356 3.7207412 3.2348366 0.0000000 0.5722293 0.5645221 0.5953085 0.5914268 0.5901177 0.6297976 0.5542406 0.5580088 0.5744050 0.6796372 1.7437815 2.0671427 1.9543328 2.8183851 3.7675775 3.6713820 2.7453567 2.9057793 2.9961821 2.8586207 2.9133562 2.8188533 2.9215428 2.7010481 3.1672897 3.3222444 4.1453686 3.1541757 2.9009594 2.6124442 2.6417217 2.6050219 
Ptilonorhynchidae 4.3448769 5.4721223 4.5894897 5.3133035 6.5408272 4.6622673 4.4273135 3.8903236 4.2359325 4.1496213 4.4305123 4.1075089 4.4137721 4.9111037 5.2555765 3.2776592 3.8683361 3.2265886 0.5722293 0.0000000 0.3525044 0.3447384 0.3772451 0.3157600 0.3481207 0.3150628 0.3017043 0.3241962 0.5734931 1.6256669 2.1022984 1.9368172 2.7824353 3.5539179 3.4012747 2.4426197 2.6410289 2.7835905 2.8750366 2.9385922 3.0163347 2.9690189 2.6810676 3.4351773 3.5506061 4.5503898 3.0339951 2.9799156 2.3108346 2.3039672 2.6619534 
Callaeatidae      4.2307198 6.0430443 4.5213395 4.5889422 6.1563278 4.7559927 4.2821851 3.8912222 3.8911828 4.2615605 4.3620865 3.7186984 3.7918086 4.4335806 5.0512398 3.3880836 4.0156867 3.2079140 0.5645221 0.3525044 0.0000000 0.2920458 0.2970651 0.2732359 0.3157558 0.2766895 0.2556890 0.2640349 0.5866898 1.6758029 2.0987960 1.8966938 2.7120433 3.5894505 3.5018099 2.3651991 2.7097347 2.7807349 2.7418400 2.9681062 2.8891840 2.8816153 2.5675942 3.2368285 3.3363577 4.2785115 3.2546677 2.8675666 2.4896445 2.5201611 2.5011416 
Monarchidae       3.6157268 5.6762893 4.7100324 4.7101565 6.0743242 4.6358947 4.5238024 3.9345379 4.1407704 3.7947759 3.9768816 3.7072320 3.8539967 4.7121809 4.5855723 3.4021707 4.0932573 3.5587438 0.5953085 0.3447384 0.2920458 0.0000000 0.2461916 0.2907191 0.3117402 0.2758106 0.2690268 0.2494195 0.5923044 1.6694609 2.0916529 1.9318652 2.6170016 3.3323245 3.2288471 2.4710219 2.6748747 2.6718417 2.9143436 2.9811105 3.0865158 2.9752026 2.5867862 3.3924499 3.4993666 4.4413398 3.1698206 3.0357389 2.4645331 2.4680423 2.6146396 
Malaconotidae     3.8352253 6.4033482 4.8312709 4.8348377 6.7724849 4.5883381 4.1121452 3.9111374 4.2258124 4.1478305 4.1918309 3.7850206 3.9295394 4.7422250 5.3562074 3.5048732 3.9554816 3.3623269 0.5914268 0.3772451 0.2970651 0.2461916 0.0000000 0.3030550 0.3319761 0.2912856 0.2720621 0.2858286 0.6021956 1.7294379 2.1628314 1.9448028 2.8375628 3.4454790 3.5443178 2.5732365 2.7567836 2.7961597 2.7995705 2.9370945 2.8707961 2.9334520 2.6082658 3.2539789 3.3729118 4.0399010 3.1421676 2.8946533 2.4995114 2.5352320 2.7464703 
Certhiidae        4.1884005 5.5378723 4.3485136 4.7929225 6.6476545 4.5582050 4.2026127 3.9823878 3.9237028 4.3562123 4.4649578 3.9436331 4.0179300 5.0561120 4.6555663 3.4120582 3.8573942 3.3636473 0.5901177 0.3157600 0.2732359 0.2907191 0.3030550 0.0000000 0.2521887 0.2209756 0.2071179 0.2087130 0.5538713 1.6576122 2.1172552 2.0036174 2.7896533 3.6511391 3.5319537 2.5761861 2.9466076 2.8896867 2.9116421 2.9181952 2.9177446 2.8274298 2.5201191 3.3391961 3.3179264 4.1162174 3.2221880 2.9292395 2.3111643 2.3733648 2.5194177 
Cinclidae         4.1958625 5.5368380 4.7072333 5.4893095 7.5261865 4.7169177 4.6078098 4.1514051 3.9774717 4.3677236 4.3255656 4.1349474 4.4412887 5.8985263 4.7394357 3.8084329 3.9791891 3.7668234 0.6297976 0.3481207 0.3157558 0.3117402 0.3319761 0.2521887 0.0000000 0.2503758 0.2304118 0.2613466 0.6225062 1.6606286 2.1739915 1.9576078 2.7921335 3.9016683 3.6540905 2.5276587 2.7152026 2.9471650 2.8948696 2.9374219 2.9990855 2.8823701 2.5222242 3.1842735 3.5634858 4.0495143 3.3347392 3.0646192 2.6202537 2.6423177 2.6980898 
Ploceidae         4.0698427 5.9617250 4.4818570 5.2576847 6.9074954 4.6353557 4.6165235 3.9872306 4.1402153 4.1166000 4.3360257 3.9503674 4.2529230 4.7041193 4.6582171 3.4709129 3.7841545 3.4844899 0.5542406 0.3150628 0.2766895 0.2758106 0.2912856 0.2209756 0.2503758 0.0000000 0.1181377 0.2151732 0.5411296 1.6259676 2.1334235 1.8478309 2.9028933 3.4387580 3.3751112 2.5091867 2.7964724 2.7845089 2.9158579 2.8209945 2.9738365 2.8590788 2.5530211 3.1453421 3.5138019 4.2309394 3.1535331 3.0393344 2.4216373 2.4306690 2.5793916 
Thraupidae        4.3144536 5.8016052 4.4039854 4.8703070 6.4325170 4.4905173 4.3997344 3.9257762 4.1330787 4.0694384 4.1415240 3.8040740 4.3189187 4.9542382 4.6589525 3.4009176 3.7413311 3.2400069 0.5580088 0.3017043 0.2556890 0.2690268 0.2720621 0.2071179 0.2304118 0.1181377 0.0000000 0.2063037 0.5256729 1.6125483 2.0983859 1.9184022 2.8386301 3.4023151 3.4908209 2.5180312 2.7029766 2.8152138 2.7420832 2.9148743 2.8796462 2.7965869 2.4854980 3.0473526 3.4454674 3.9884294 3.1380718 2.9182269 2.4685004 2.4826608 2.4969940 
Alaudidae         4.1357726 5.5396229 4.7042804 4.9666452 6.4368062 4.6401581 4.3207322 4.0927849 4.0235850 4.1085552 4.5484265 4.1400425 4.3202786 5.3699695 4.9123700 3.4308595 3.7658059 3.4544109 0.5744050 0.3241962 0.2640349 0.2494195 0.2858286 0.2087130 0.2613466 0.2151732 0.2063037 0.0000000 0.5469093 1.6901757 2.1157640 1.9045932 2.8971634 3.7421150 3.6174255 2.5257142 2.8701353 2.9761829 2.9980448 3.1432983 3.0390471 2.8512559 2.6301955 3.1786597 3.5726457 4.3646842 3.2977446 3.1505561 2.5147539 2.5383113 2.8311346 
Coraciiformes     4.1414698 5.2515603 4.3071205 4.6604683 4.8332934 4.4494291 3.6386867 3.6922412 3.6980298 4.1388152 4.0063496 3.7017173 3.9955761 4.3733114 4.6988195 3.2937577 3.4251580 3.0701281 0.6796372 0.5734931 0.5866898 0.5923044 0.6021956 0.5538713 0.6225062 0.5411296 0.5256729 0.5469093 0.0000000 1.5476296 2.0588404 1.8528796 2.5931840 3.3598193 3.2956678 2.5212637 2.5586761 2.7503620 2.8962014 2.9456636 2.7473395 2.5988149 2.5809487 3.0558479 3.1264221 3.8828598 3.0659726 2.8345727 2.4865543 2.4873826 2.5983156 
Crocodylidae      3.8517536 4.4546804 4.5581460 4.1190607 3.8657654 3.7590835 3.6097882 3.9303389 3.5228162 4.1374743 3.9765925 3.1945132 3.8384242 4.6979127 4.1087227 3.2528092 3.7693969 3.4896511 1.7437815 1.6256669 1.6758029 1.6694609 1.7294379 1.6576122 1.6606286 1.6259676 1.6125483 1.6901757 1.5476296 0.0000000 1.9602578 1.9842443 2.4333460 3.6020770 3.5849352 2.0590106 2.4080467 2.4901086 2.7210506 2.7097681 2.3076873 2.3724455 2.1664230 2.5256819 2.6978896 3.2971265 2.8463811 2.8389603 2.3964679 2.4389780 2.4715784 
Carettochelyidae  4.9178852 8.9999982 7.5996957 8.0034432 5.2764578 5.7766128 4.6202461 5.2562021 4.2441032 4.4374036 4.4195023 4.0911174 4.8406023 6.0911801 5.2224902 4.1174372 4.1359235 3.6377999 2.0671427 2.1022984 2.0987960 2.0916529 2.1628314 2.1172552 2.1739915 2.1334235 2.0983859 2.1157640 2.0588404 1.9602578 0.0000000 1.8734678 2.4853489 3.4253831 2.9872911 2.2213012 2.5730112 2.7186263 3.0102270 2.8860674 3.0679291 3.1136435 2.7593159 3.0748897 3.8693901 4.1347582 3.4026168 2.9985416 2.5928406 2.6198144 2.9903746 
Kinosternidae     4.2280285 5.9394803 5.0513192 5.5950872 6.4223685 9.0000000 4.7910646 4.5434361 4.1745308 5.8041927 5.3589766 5.4784516 4.8066064 5.1552943 5.9642570 3.8855067 3.6867313 3.6497264 1.9543328 1.9368172 1.8966938 1.9318652 1.9448028 2.0036174 1.9576078 1.8478309 1.9184022 1.9045932 1.8528796 1.9842443 1.8734678 0.0000000 2.6161414 3.6573982 3.1280598 2.3036641 2.3913043 2.7570732 2.7748861 2.8759904 3.2142867 2.8055227 2.7372777 3.1476570 3.6074573 3.9166760 2.8458583 2.9195861 2.5348287 2.6580344 2.6170133 
Anomalepididae    5.2674437 6.2364959 4.5197295 5.0290535 6.8052365 7.7751790 4.8374129 4.8235431 4.2230140 4.8715760 4.4405279 3.6558790 4.7848898 4.8371851 5.2686472 4.3174325 4.0182780 3.5997165 2.8183851 2.7824353 2.7120433 2.6170016 2.8375628 2.7896533 2.7921335 2.9028933 2.8386301 2.8971634 2.5931840 2.4333460 2.4853489 2.6161414 0.0000000 2.5123945 2.2426165 1.6585903 1.9667919 2.1937546 3.1572327 3.0833838 3.2076040 3.1857788 2.9865714 2.7607905 3.3590254 3.3565627 3.5680155 3.3369349 2.7387494 2.7201242 3.4445575 
Loxocemidae       8.9999989 7.5012938 6.5696972 5.5515170 6.8002386 8.9999983 5.1155338 5.6617949 6.4132713 5.9075437 5.8477789 5.3200920 8.9999984 6.1670746 6.2500973 5.1431603 5.5019092 5.0401722 3.7675775 3.5539179 3.5894505 3.3323245 3.4454790 3.6511391 3.9016683 3.4387580 3.4023151 3.7421150 3.3598193 3.6020770 3.4253831 3.6573982 2.5123945 0.0000000 2.1894374 2.3888433 2.5536139 3.1047657 4.3055815 5.2070167 3.9345233 3.7082796 3.7763957 3.8411084 5.0464192 4.2164818 4.2819101 3.3707723 3.7512712 3.6659591 3.3847569 
Natricidae        8.9999988 5.5707491 5.1975101 4.5786173 6.7306876 5.7974817 8.6823154 5.6290003 6.0063489 4.9257144 5.1856986 5.1819402 8.3330682 8.9999981 5.5948959 4.3280756 4.8538437 4.6729430 3.6713820 3.4012747 3.5018099 3.2288471 3.5443178 3.5319537 3.6540905 3.3751112 3.4908209 3.6174255 3.2956678 3.5849352 2.9872911 3.1280598 2.2426165 2.1894374 0.0000000 2.0590805 2.3148763 2.6411611 4.3499817 3.8344377 3.5587563 3.7987511 3.4975253 3.4064372 3.9710795 3.9767155 3.5724041 3.8070484 3.2849888 3.1754841 3.9208615 
Xenosauridae      3.9112538 4.4001518 4.4394147 4.1832407 5.0017770 4.4291326 3.7355597 4.0467920 3.6973381 4.2229236 3.8073432 3.7782272 4.8603358 4.0763734 5.6012083 3.1057690 3.1814971 2.9822187 2.7453567 2.4426197 2.3651991 2.4710219 2.5732365 2.5761861 2.5276587 2.5091867 2.5180312 2.5257142 2.5212637 2.0590106 2.2213012 2.3036641 1.6585903 2.3888433 2.0590805 0.0000000 1.6040141 1.6771570 2.9659570 2.9020292 3.1146414 3.1411211 3.1026526 2.9428806 3.5464353 4.4702571 2.9594195 2.8961829 2.2132804 2.2416346 2.5735375 
Teiidae           3.7628909 4.1374336 4.3158649 4.8269927 3.8780406 4.1925984 3.6830330 3.9068922 4.0124613 3.9479607 3.8049989 3.6304879 3.6280496 3.5649534 5.5005543 3.5900123 3.8469990 3.1413893 2.9057793 2.6410289 2.7097347 2.6748747 2.7567836 2.9466076 2.7152026 2.7964724 2.7029766 2.8701353 2.5586761 2.4080467 2.5730112 2.3913043 1.9667919 2.5536139 2.3148763 1.6040141 0.0000000 2.0742064 3.1281461 3.2627691 3.4463496 3.7915746 3.4275163 3.8695077 4.5446720 4.4930564 3.3248410 2.9409160 2.9660175 3.0045691 3.3017784 
Eublepharidae     5.1480680 8.9999988 5.0813874 5.4143258 6.3160872 5.4219301 4.9041711 4.6987845 4.5886429 5.0400743 4.7373687 4.6530995 4.4666404 5.5351449 5.7419173 4.7454295 4.0468388 5.1162449 2.9961821 2.7835905 2.7807349 2.6718417 2.7961597 2.8896867 2.9471650 2.7845089 2.8152138 2.9761829 2.7503620 2.4901086 2.7186263 2.7570732 2.1937546 3.1047657 2.6411611 1.6771570 2.0742064 0.0000000 2.9778236 3.2197382 3.5040417 3.7724766 3.4659203 3.7944462 4.0893940 4.7054497 3.1851049 3.2486437 2.6607512 2.6201316 3.0245670 
Dicamptodontidae  5.0072017 4.5787966 4.1117933 4.2295939 3.5252310 3.6340705 3.4063274 3.5613780 3.3393018 3.9027294 4.1634296 3.3882012 4.1269290 3.7649042 3.7602919 3.7411063 3.2632156 2.9161492 2.8586207 2.8750366 2.7418400 2.9143436 2.7995705 2.9116421 2.8948696 2.9158579 2.7420832 2.9980448 2.8962014 2.7210506 3.0102270 2.7748861 3.1572327 4.3055815 4.3499817 2.9659570 3.1281461 2.9778236 0.0000000 1.8704762 1.9228511 1.8218357 1.7184806 2.2295929 2.4079164 2.7256099 2.5149218 2.3640778 2.2850919 2.3515958 2.5384904 
Alytidae          4.1961155 4.1309711 4.1381918 4.4701303 5.3663555 3.7683925 3.7579536 3.6439081 3.8915816 3.4365328 3.4001227 3.3658477 3.9394299 3.5277579 3.9895281 3.6256407 4.2610243 3.6575296 2.9133562 2.9385922 2.9681062 2.9811105 2.9370945 2.9181952 2.9374219 2.8209945 2.9148743 3.1432983 2.9456636 2.7097681 2.8860674 2.8759904 3.0833838 5.2070167 3.8344377 2.9020292 3.2627691 3.2197382 1.8704762 0.0000000 1.7046593 1.6477645 1.4883859 1.8529003 2.0463154 2.4497960 2.7713376 2.4822823 2.2598995 2.2418269 2.6379744 
Heleophrynidae    4.2703739 4.4601571 4.0542491 4.4477459 4.6449825 4.1439099 3.6223250 3.8030870 3.8117316 3.7730799 3.7732708 3.8155236 4.4714298 4.6511941 4.4611927 3.7654191 4.0960379 3.7202815 2.8188533 3.0163347 2.8891840 3.0865158 2.8707961 2.9177446 2.9990855 2.9738365 2.8796462 3.0390471 2.7473395 2.3076873 3.0679291 3.2142867 3.2076040 3.9345233 3.5587563 3.1146414 3.4463496 3.5040417 1.9228511 1.7046593 0.0000000 1.0611117 0.9975412 1.2951997 1.4948259 1.6406045 2.7413786 2.5462600 2.6533723 2.6822557 2.8412709 
Leptodactylidae   4.0418384 5.1324209 4.2517171 4.4334846 5.0119822 4.3080491 3.3137670 3.9088665 3.9265127 3.8381065 3.9801474 3.6809083 4.3358289 4.0697975 3.9262636 3.3829946 4.2150162 3.3395289 2.9215428 2.9690189 2.8816153 2.9752026 2.9334520 2.8274298 2.8823701 2.8590788 2.7965869 2.8512559 2.5988149 2.3724455 3.1136435 2.8055227 3.1857788 3.7082796 3.7987511 3.1411211 3.7915746 3.7724766 1.8218357 1.6477645 1.0611117 0.0000000 0.3388858 1.2616238 1.3803306 1.5497082 2.5390669 2.5490045 2.2145047 2.2465099 2.6579723 
Strabomantidae    3.9330966 4.6071595 3.8161585 4.0239236 4.3878012 4.0167294 3.1467585 3.5062833 3.6059859 3.3940189 3.6509620 3.3762803 3.9417303 3.8245640 3.9844238 3.4917137 4.2331963 3.3304859 2.7010481 2.6810676 2.5675942 2.5867862 2.6082658 2.5201191 2.5222242 2.5530211 2.4854980 2.6301955 2.5809487 2.1664230 2.7593159 2.7372777 2.9865714 3.7763957 3.4975253 3.1026526 3.4275163 3.4659203 1.7184806 1.4883859 0.9975412 0.3388858 0.0000000 1.2077852 1.3769305 1.5319440 2.4177109 2.4918675 2.1618699 2.1796407 2.3848457 
Micrixalidae      3.9432498 4.6484419 3.8104172 3.9399275 4.2158270 3.6293710 3.1840679 3.7221568 3.5933589 3.3740148 3.4721699 3.4846761 4.1869059 3.6718651 3.8307275 3.5730734 4.1311116 3.7013646 3.1672897 3.4351773 3.2368285 3.3924499 3.2539789 3.3391961 3.1842735 3.1453421 3.0473526 3.1786597 3.0558479 2.5256819 3.0748897 3.1476570 2.7607905 3.8411084 3.4064372 2.9428806 3.8695077 3.7944462 2.2295929 1.8529003 1.2951997 1.2616238 1.2077852 0.0000000 1.1418155 1.5553188 3.0118302 2.5454337 2.3571315 2.3487721 2.6018994 
Hemisotidae       4.2849853 4.8545411 4.9160793 4.8982781 6.1350009 4.5779018 3.6158901 4.2376911 4.2134011 3.7903686 4.4447696 3.6102480 4.6360718 4.8372247 4.0400112 3.8161042 5.0596751 3.8398669 3.3222444 3.5506061 3.3363577 3.4993666 3.3729118 3.3179264 3.5634858 3.5138019 3.4454674 3.5726457 3.1264221 2.6978896 3.8693901 3.6074573 3.3590254 5.0464192 3.9710795 3.5464353 4.5446720 4.0893940 2.4079164 2.0463154 1.4948259 1.3803306 1.3769305 1.1418155 0.0000000 1.6917766 3.1099992 2.7525879 2.5049591 2.5193647 2.9206965 
Asterophryidae    4.7869325 5.1452233 4.5219840 4.4371242 5.1124695 4.9314986 3.7676243 4.6474618 3.8667805 4.0399083 4.6701938 3.8673436 4.2288819 4.7661341 4.6174644 4.6174552 5.0754872 3.8663288 4.1453686 4.5503898 4.2785115 4.4413398 4.0399010 4.1162174 4.0495143 4.2309394 3.9884294 4.3646842 3.8828598 3.2971265 4.1347582 3.9166760 3.3565627 4.2164818 3.9767155 4.4702571 4.4930564 4.7054497 2.7256099 2.4497960 1.6406045 1.5497082 1.5319440 1.5553188 1.6917766 0.0000000 3.8821810 3.1390767 3.1211223 3.1113992 3.5356973 
Caeciliidae2      3.9860053 4.3937877 5.2061941 4.7330277 4.4976039 3.9715369 4.0602581 3.9478547 4.3031307 3.8830750 3.9568507 3.7167759 5.3527932 5.2097560 5.4856582 3.5205484 3.7424517 3.5253584 3.1541757 3.0339951 3.2546677 3.1698206 3.1421676 3.2221880 3.3347392 3.1535331 3.1380718 3.2977446 3.0659726 2.8463811 3.4026168 2.8458583 3.5680155 4.2819101 3.5724041 2.9594195 3.3248410 3.1851049 2.5149218 2.7713376 2.7413786 2.5390669 2.4177109 3.0118302 3.1099992 3.8821810 0.0000000 3.1964004 2.3722748 2.4147307 3.1501039 
Polypteriformes   3.8220153 4.1952039 4.5858887 3.8696629 4.5811056 4.5003078 3.7615845 3.5499906 4.0835196 3.8026247 4.0090005 4.0673438 4.6201863 3.8318962 3.9691357 3.5930313 4.0434091 3.6797073 2.9009594 2.9799156 2.8675666 3.0357389 2.8946533 2.9292395 3.0646192 3.0393344 2.9182269 3.1505561 2.8345727 2.8389603 2.9985416 2.9195861 3.3369349 3.3707723 3.8070484 2.8961829 2.9409160 3.2486437 2.3640778 2.4822823 2.5462600 2.5490045 2.4918675 2.5454337 2.7525879 3.1390767 3.1964004 0.0000000 1.3636739 1.3780318 1.8248433 
Channichthyidae   3.0379472 4.1180700 3.9780308 3.9713222 4.1034487 3.9299572 3.1106394 3.4189581 3.2058968 3.1696745 3.4226909 3.5041982 3.3707870 3.3572297 3.7255771 3.0542086 3.8358229 3.3637967 2.6124442 2.3108346 2.4896445 2.4645331 2.4995114 2.3111643 2.6202537 2.4216373 2.4685004 2.5147539 2.4865543 2.3964679 2.5928406 2.5348287 2.7387494 3.7512712 3.2849888 2.2132804 2.9660175 2.6607512 2.2850919 2.2598995 2.6533723 2.2145047 2.1618699 2.3571315 2.5049591 3.1211223 2.3722748 1.3636739 0.0000000 0.0493261 1.6760066 
Pseudaphritidae   3.1040485 4.0023590 3.8228143 3.7680766 3.9405653 3.8183471 3.0833817 3.3425269 3.1441076 3.0606842 3.3798943 3.4034142 3.4122456 3.3152889 3.6734971 3.0766332 3.8876459 3.5137011 2.6417217 2.3039672 2.5201611 2.4680423 2.5352320 2.3733648 2.6423177 2.4306690 2.4826608 2.5383113 2.4873826 2.4389780 2.6198144 2.6580344 2.7201242 3.6659591 3.1754841 2.2416346 3.0045691 2.6201316 2.3515958 2.2418269 2.6822557 2.2465099 2.1796407 2.3487721 2.5193647 3.1113992 2.4147307 1.3780318 0.0493261 0.0000000 1.6776799 
Carcharhinidae    3.8374183 4.3899796 3.4724752 3.5304968 4.0847419 3.7796903 3.2032595 3.4651065 3.8850197 3.4593253 3.6112924 4.0081350 3.7694435 4.3008401 3.4127133 3.2202546 3.3922601 3.0684143 2.6050219 2.6619534 2.5011416 2.6146396 2.7464703 2.5194177 2.6980898 2.5793916 2.4969940 2.8311346 2.5983156 2.4715784 2.9903746 2.6170133 3.4445575 3.3847569 3.9208615 2.5735375 3.3017784 3.0245670 2.5384904 2.6379744 2.8412709 2.6579723 2.3848457 2.6018994 2.9206965 3.5356973 3.1501039 1.8248433 1.6760066 1.6776799 0.0000000 
