51
Pitheciidae       0.0000000 0.5687752 0.6002001 0.6318460 0.6966982 0.5750156 0.5566467 0.5020474 0.4965639 0.5601099 0.6087351 0.6186702 0.5152202 0.5119745 0.6454189 0.9985515 0.9617807 0.9364479 1.1748680 1.2074570 1.2182137 1.2223897 1.1978208 1.1931272 1.1845253 1.2089519 1.2133762 1.1832360 1.2577247 1.2157834 1.1566561 1.1431552 1.3377290 1.4330556 1.4954069 1.3627009 1.3911543 1.4319098 1.6692952 1.4921243 1.5922623 1.5322184 1.6990504 1.5515805 1.5523952 1.4864758 1.4220194 1.7760301 2.0836626 2.0377957 1.7271107 
Scandentia        0.5687752 0.0000000 0.5532594 0.5767147 0.6671927 0.4910768 0.5155103 0.4700472 0.4685039 0.5045536 0.5530774 0.5594402 0.4602484 0.4579538 0.5927690 0.9948177 0.8848900 0.9623869 1.1900982 1.2036000 1.2152000 1.2233022 1.2141363 1.1951866 1.2043522 1.2309041 1.2605655 1.2177838 1.1990616 1.2091012 1.1861584 1.1488924 1.3761182 1.3820365 1.3896324 1.2756833 1.3749082 1.3327793 1.6733191 1.5571239 1.6302939 1.5563129 1.6738982 1.4832659 1.5694246 1.5671381 1.4493926 1.8296688 2.2417711 2.1815643 1.7040668 
Erethizontidae    0.6002001 0.5532594 0.0000000 0.2615339 0.6375485 0.4876370 0.5193417 0.4966011 0.4951722 0.5287827 0.5886219 0.5940375 0.4755986 0.4885546 0.6254868 1.0082258 0.9100492 0.9476332 1.1558485 1.2132562 1.2147357 1.2088337 1.1841530 1.1897861 1.1786029 1.1827221 1.2085532 1.1817097 1.1780768 1.1444044 1.2081909 1.1181623 1.3371686 1.3343628 1.3687084 1.2767736 1.3720885 1.3655125 1.7086080 1.5454351 1.5794468 1.4850474 1.5234025 1.4580774 1.5076862 1.4323605 1.4794726 1.7382522 2.1042078 2.0637882 1.6622865 
Capromyidae       0.6318460 0.5767147 0.2615339 0.0000000 0.6652222 0.4983438 0.5809206 0.5254292 0.5219829 0.5246998 0.5736805 0.6107750 0.4952077 0.5006744 0.6592353 1.0425429 0.9830056 0.9834484 1.2117761 1.2214355 1.2326187 1.2196797 1.2115110 1.2233075 1.2054092 1.2190523 1.2573630 1.2082593 1.1873308 1.1516624 1.2348118 1.1260124 1.2919750 1.3496261 1.3609345 1.2716428 1.4219982 1.3778442 1.6741329 1.6141691 1.6099470 1.4298055 1.5351106 1.5106125 1.4977329 1.4514353 1.4710219 1.7733279 2.3073053 2.2108736 1.7241818 
Muridae           0.6966982 0.6671927 0.6375485 0.6652222 0.0000000 0.5615351 0.5934088 0.5878784 0.5877408 0.6356435 0.6902390 0.7070902 0.5734894 0.5866769 0.6953507 1.0662846 1.0671153 1.0476285 1.4507515 1.4252382 1.4479012 1.4551391 1.4382052 1.3996394 1.4339028 1.4655604 1.4909429 1.4117107 1.4641614 1.3737572 1.3431189 1.3099909 1.4920818 1.5110424 1.5281799 1.5081084 1.5540644 1.5548760 1.8977047 1.6822994 1.8025300 1.6724405 1.7396675 1.6762687 1.7492851 1.5724225 1.6952048 1.9466154 2.3108464 2.3103257 1.9580978 
Castoridae        0.5750156 0.4910768 0.4876370 0.4983438 0.5615351 0.0000000 0.4817528 0.4537173 0.4496716 0.4712918 0.5071580 0.5466258 0.4236862 0.4439234 0.5669654 0.9227730 0.9032714 0.8853240 1.0981168 1.0838747 1.0964513 1.1051820 1.0786731 1.0815673 1.0976456 1.1132390 1.1313812 1.0847642 1.0787901 1.1379127 1.0311550 0.9628462 1.2536224 1.3154752 1.3482739 1.2311741 1.2975035 1.2696157 1.6688037 1.5240022 1.5405352 1.5325918 1.5931350 1.3608220 1.4617406 1.4270308 1.4539770 1.7685606 2.0275855 1.9999450 1.6828298 
Suidae            0.5566467 0.5155103 0.5193417 0.5809206 0.5934088 0.4817528 0.0000000 0.2725830 0.2503984 0.3486581 0.3970785 0.4216784 0.3295548 0.3447290 0.4938757 0.8767603 0.8707968 0.8729163 1.0548614 1.1055929 1.0754619 1.1158172 1.0883091 1.0920330 1.0772839 1.1138406 1.1133636 1.0974426 1.1009415 1.1034090 1.0804476 0.9880853 1.1428247 1.2221220 1.2399163 1.1385947 1.2366665 1.2706513 1.4846065 1.3770922 1.5064422 1.4300747 1.4866038 1.4047166 1.3675678 1.4178537 1.3329567 1.7941998 2.0748010 1.9516709 1.7085976 
Hippopotamidae    0.5020474 0.4700472 0.4966011 0.5254292 0.5878784 0.4537173 0.2725830 0.0000000 0.1940219 0.3437722 0.4133614 0.4180779 0.3016912 0.3179550 0.4866053 0.8955317 0.8650038 0.8738079 1.0986590 1.1469596 1.1052024 1.1550003 1.1382318 1.1391545 1.1339257 1.1691323 1.1752673 1.1364734 1.1445580 1.1162964 1.1273785 1.0527829 1.1473562 1.2217138 1.2637653 1.1579960 1.2567252 1.2655093 1.5035017 1.4546120 1.5639272 1.3961097 1.4771815 1.3726055 1.4189319 1.4565436 1.4193757 1.6952952 2.1214802 1.9988070 1.6556308 
Hyperoodontidae   0.4965639 0.4685039 0.4951722 0.5219829 0.5877408 0.4496716 0.2503984 0.1940219 0.0000000 0.3276786 0.3717158 0.3997388 0.2840473 0.2877297 0.4850592 0.8692826 0.8620300 0.8340240 1.0306283 1.0627489 1.0421622 1.0910757 1.0578438 1.0516721 1.0522348 1.0921197 1.1075804 1.0728500 1.0905459 1.0714961 1.0786380 0.9998729 1.1105297 1.2080580 1.2561334 1.1424880 1.2209588 1.2235901 1.4934541 1.4638039 1.5429673 1.4220447 1.4810945 1.4123684 1.3556761 1.4472136 1.3987248 1.7217386 2.1412134 2.0339665 1.6380426 
Vespertilionidae  0.5601099 0.5045536 0.5287827 0.5246998 0.6356435 0.4712918 0.3486581 0.3437722 0.3276786 0.0000000 0.2098730 0.2943020 0.3123993 0.3273819 0.5026301 0.9387386 0.8616917 0.8321477 1.1408119 1.1569409 1.1655462 1.1539531 1.1465542 1.1464198 1.1492261 1.1683492 1.1743742 1.1375621 1.1679350 1.1206720 1.0858836 0.9781486 1.1824266 1.2682316 1.2565338 1.2316138 1.2444968 1.2421250 1.4784980 1.5030091 1.4929460 1.4134998 1.5445189 1.4467909 1.4161381 1.4341096 1.4412960 1.6559131 2.0521468 2.0284138 1.6782107 
Furipteridae      0.6087351 0.5530774 0.5886219 0.5736805 0.6902390 0.5071580 0.3970785 0.4133614 0.3717158 0.2098730 0.0000000 0.3311385 0.3484593 0.3668578 0.5473813 0.9541088 0.8781139 0.9365468 1.1778639 1.2411196 1.1901224 1.1975496 1.2049434 1.1892387 1.2014923 1.2158267 1.2260023 1.1851425 1.2182219 1.1853415 1.1447752 1.0842942 1.2756431 1.3148063 1.3603995 1.3392677 1.3595323 1.3376706 1.5967974 1.6331480 1.5578877 1.4968938 1.5869099 1.5356206 1.4748422 1.5102411 1.5217944 1.7600892 2.1542563 2.0839966 1.6944749 
Rhinolophidae     0.6186702 0.5594402 0.5940375 0.6107750 0.7070902 0.5466258 0.4216784 0.4180779 0.3997388 0.2943020 0.3311385 0.0000000 0.3708425 0.3921638 0.5631581 0.9759710 0.9088745 0.9253827 1.1412585 1.1784902 1.1666591 1.1496986 1.1532531 1.1232316 1.1526836 1.1663076 1.1734506 1.1488723 1.1706208 1.1384652 1.1421378 1.0941703 1.2193704 1.3009817 1.3448365 1.2724255 1.2767698 1.3172779 1.6775333 1.6054708 1.6620884 1.5253696 1.6130675 1.4812929 1.5254978 1.4825605 1.4523267 1.7896059 2.1328355 2.1283420 1.7805141 
Viverridae        0.5152202 0.4602484 0.4755986 0.4952077 0.5734894 0.4236862 0.3295548 0.3016912 0.2840473 0.3123993 0.3484593 0.3708425 0.0000000 0.1460170 0.4692052 0.8702505 0.8057891 0.8205207 1.0385612 1.0611532 1.0491534 1.0763155 1.0557231 1.0415987 1.0609102 1.0942270 1.1024884 1.0662016 1.0608297 1.0404793 1.0002314 0.9426832 1.1453952 1.1431151 1.1757003 1.1512302 1.1196793 1.1390144 1.4316497 1.3906863 1.4321894 1.3848837 1.4550226 1.3533112 1.3614499 1.2977815 1.3664059 1.6798386 2.0568037 2.0355759 1.6200191 
Procyonidae       0.5119745 0.4579538 0.4885546 0.5006744 0.5866769 0.4439234 0.3447290 0.3179550 0.2877297 0.3273819 0.3668578 0.3921638 0.1460170 0.0000000 0.4700399 0.8355437 0.8184193 0.8037850 1.0530580 1.0618357 1.0472864 1.0716081 1.0479304 1.0439030 1.0560018 1.0727741 1.0865504 1.0646848 1.0719849 1.0456609 1.0316502 0.9615497 1.1533749 1.2095809 1.2363074 1.1224428 1.1286770 1.1543464 1.4783664 1.3902584 1.3926859 1.3771437 1.4469234 1.2766416 1.2566331 1.3091388 1.3098999 1.6883421 2.1710913 2.0884731 1.5932620 
Myrmecophagidae   0.6454189 0.5927690 0.6254868 0.6592353 0.6953507 0.5669654 0.4938757 0.4866053 0.4850592 0.5026301 0.5473813 0.5631581 0.4692052 0.4700399 0.0000000 0.9873506 0.9048469 0.9061010 1.1641710 1.2288800 1.1721284 1.2010569 1.1864722 1.1847900 1.1663769 1.1969129 1.2262236 1.1844174 1.1655473 1.1682727 1.1577903 1.0829708 1.2695793 1.3446133 1.4091339 1.2397957 1.3412229 1.3549976 1.5800147 1.4944231 1.4945342 1.5008017 1.6259970 1.4788496 1.4696054 1.4829635 1.4640728 1.7352136 2.3047617 2.2968590 1.6714600 
Caluromyidae      0.9985515 0.9948177 1.0082258 1.0425429 1.0662846 0.9227730 0.8767603 0.8955317 0.8692826 0.9387386 0.9541088 0.9759710 0.8702505 0.8355437 0.9873506 0.0000000 0.3744746 0.4142135 1.0054520 1.0682912 1.0282225 1.0483500 1.0143169 1.0230749 1.0423408 1.0470208 1.0433697 1.0352506 1.0469602 1.0550023 0.9463242 0.9235870 1.1205123 1.1964969 1.2464481 1.1294387 1.1662590 1.1569056 1.5168391 1.3439038 1.4164930 1.3367767 1.4135080 1.2776623 1.2521496 1.2929756 1.3244143 1.5986091 2.0985227 2.0425530 1.6173655 
Thylacomyidae     0.9617807 0.8848900 0.9100492 0.9830056 1.0671153 0.9032714 0.8707968 0.8650038 0.8620300 0.8616917 0.8781139 0.9088745 0.8057891 0.8184193 0.9048469 0.3744746 0.0000000 0.3604495 0.9845125 1.0274228 1.0616124 1.0476035 1.0282611 1.0339085 1.0467852 1.0377588 1.0552683 1.0339043 1.0400821 1.0473689 0.9637751 0.9584282 1.1125144 1.1713005 1.2501793 1.1269373 1.1056159 1.1398364 1.5005545 1.3004518 1.4617355 1.2999747 1.3565075 1.2599762 1.2728644 1.2284997 1.3159577 1.5174651 2.0469767 2.0582837 1.4605905 
Phalangeridae     0.9364479 0.9623869 0.9476332 0.9834484 1.0476285 0.8853240 0.8729163 0.8738079 0.8340240 0.8321477 0.9365468 0.9253827 0.8205207 0.8037850 0.9061010 0.4142135 0.3604495 0.0000000 1.0983683 1.1217857 1.1412431 1.1281558 1.1103153 1.1077897 1.1268386 1.1229737 1.1324269 1.1173397 1.1019783 1.1168823 1.0125895 0.9875116 1.1087174 1.1867646 1.2165917 1.1160787 1.1294515 1.1469053 1.5490289 1.3458327 1.3960984 1.3114626 1.4306026 1.3419268 1.3083140 1.2845737 1.3710535 1.6452941 2.2124721 2.2451971 1.5329189 
Tityridae         1.1748680 1.1900982 1.1558485 1.2117761 1.4507515 1.0981168 1.0548614 1.0986590 1.0306283 1.1408119 1.1778639 1.1412585 1.0385612 1.0530580 1.1641710 1.0054520 0.9845125 1.0983683 0.0000000 0.1068072 0.0971563 0.0962512 0.0982869 0.1003061 0.0951548 0.0993681 0.0993989 0.1024262 0.1228395 0.3968787 0.3436266 0.2987016 0.5453800 0.5839144 0.6575732 0.5207216 0.5552639 0.5555876 1.2608102 0.9057535 1.0020639 0.9298339 0.9958841 0.9177787 0.9868540 0.8720183 0.9370828 1.1862792 1.4087506 1.4087734 1.0987939 
Ptilonorhynchidae 1.2074570 1.2036000 1.2132562 1.2214355 1.4252382 1.0838747 1.1055929 1.1469596 1.0627489 1.1569409 1.2411196 1.1784902 1.0611532 1.0618357 1.2288800 1.0682912 1.0274228 1.1217857 0.1068072 0.0000000 0.0890932 0.0859853 0.0869227 0.0833847 0.0881790 0.0934371 0.0945682 0.0944353 0.1503752 0.4289724 0.3816417 0.3273656 0.5486066 0.6023063 0.6997382 0.5371351 0.5780673 0.5914975 1.2861801 0.9543359 1.0452638 1.0309664 1.0766797 0.9573340 1.0444950 0.9095878 0.9790649 1.2802035 1.4618713 1.4747499 1.1722360 
Callaeatidae      1.2182137 1.2152000 1.2147357 1.2326187 1.4479012 1.0964513 1.0754619 1.1052024 1.0421622 1.1655462 1.1901224 1.1666591 1.0491534 1.0472864 1.1721284 1.0282225 1.0616124 1.1412431 0.0971563 0.0890932 0.0000000 0.0557789 0.0598880 0.0661875 0.0610601 0.0661903 0.0672730 0.0640082 0.1414628 0.4216043 0.3690293 0.3198645 0.5573911 0.5773649 0.6803443 0.5306048 0.5953707 0.5688745 1.2705562 0.9307812 1.0416972 0.9736870 1.0320804 0.9452418 1.0442864 0.8859629 0.9286824 1.2325098 1.4775304 1.4671653 1.1442944 
Monarchidae       1.2223897 1.2233022 1.2088337 1.2196797 1.4551391 1.1051820 1.1158172 1.1550003 1.0910757 1.1539531 1.1975496 1.1496986 1.0763155 1.0716081 1.2010569 1.0483500 1.0476035 1.1281558 0.0962512 0.0859853 0.0557789 0.0000000 0.0369208 0.0620794 0.0580057 0.0610247 0.0631603 0.0641267 0.1392012 0.4166794 0.3645028 0.3191490 0.5565436 0.5841021 0.6975451 0.5477928 0.5853756 0.5849276 1.2650476 0.9812212 1.0578525 0.9768485 1.0680614 0.9852194 1.0433221 0.9247171 0.9440562 1.2622972 1.5032267 1.5149623 1.1927691 
Malaconotidae     1.1978208 1.2141363 1.1841530 1.2115110 1.4382052 1.0786731 1.0883091 1.1382318 1.0578438 1.1465542 1.2049434 1.1532531 1.0557231 1.0479304 1.1864722 1.0143169 1.0282611 1.1103153 0.0982869 0.0869227 0.0598880 0.0369208 0.0000000 0.0630276 0.0589585 0.0609236 0.0609481 0.0650727 0.1414936 0.4033452 0.3621670 0.3105282 0.5315541 0.5601111 0.6634777 0.5246783 0.5612373 0.5684403 1.2301962 0.9205974 1.0125080 0.9440789 1.0191920 0.9476128 1.0164664 0.8746383 0.9506423 1.2223098 1.4717832 1.4817610 1.1617101 
Certhiidae        1.1931272 1.1951866 1.1897861 1.2233075 1.3996394 1.0815673 1.0920330 1.1391545 1.0516721 1.1464198 1.1892387 1.1232316 1.0415987 1.0439030 1.1847900 1.0230749 1.0339085 1.1077897 0.1003061 0.0833847 0.0661875 0.0620794 0.0630276 0.0000000 0.0503399 0.0564527 0.0575151 0.0606509 0.1447282 0.4195950 0.3589065 0.3111990 0.5368355 0.5792288 0.6739727 0.5280484 0.5723902 0.5667211 1.2797804 0.9591139 1.0349540 0.9871117 1.0588286 0.9554611 1.0543292 0.9235854 0.9608960 1.2324710 1.4663469 1.5035414 1.1296026 
Cinclidae         1.1845253 1.2043522 1.1786029 1.2054092 1.4339028 1.0976456 1.0772839 1.1339257 1.0522348 1.1492261 1.2014923 1.1526836 1.0609102 1.0560018 1.1663769 1.0423408 1.0467852 1.1268386 0.0951548 0.0881790 0.0610601 0.0580057 0.0589585 0.0503399 0.0000000 0.0513771 0.0534767 0.0586970 0.1345451 0.4184597 0.3621628 0.3147521 0.5455999 0.5964424 0.6935454 0.5440499 0.5787917 0.5745796 1.2788832 0.9757179 1.0376659 0.9872962 1.0354678 0.9734523 1.0471822 0.9136538 0.9739705 1.2678005 1.4605885 1.5020234 1.1654197 
Ploceidae         1.2089519 1.2309041 1.1827221 1.2190523 1.4655604 1.1132390 1.1138406 1.1691323 1.0921197 1.1683492 1.2158267 1.1663076 1.0942270 1.0727741 1.1969129 1.0470208 1.0377588 1.1229737 0.0993681 0.0934371 0.0661903 0.0610247 0.0609236 0.0564527 0.0513771 0.0000000 0.0387772 0.0606535 0.1388748 0.4120562 0.3673749 0.3199951 0.5650899 0.6047714 0.7038826 0.5479435 0.5862724 0.5858970 1.2634987 0.9674646 1.0534144 0.9806219 1.0227688 0.9632940 1.0354124 0.8896202 0.9953965 1.2577312 1.5045950 1.4979781 1.1182561 
Thraupidae        1.2133762 1.2605655 1.2085532 1.2573630 1.4909429 1.1313812 1.1133636 1.1752673 1.1075804 1.1743742 1.2260023 1.1734506 1.1024884 1.0865504 1.2262236 1.0433697 1.0552683 1.1324269 0.0993989 0.0945682 0.0672730 0.0631603 0.0609481 0.0575151 0.0534767 0.0387772 0.0000000 0.0617231 0.1473618 0.4165287 0.3667237 0.3162990 0.5535751 0.5932767 0.6933221 0.5315396 0.5722740 0.5819476 1.2572768 0.9704207 1.0501724 0.9871897 1.0260588 0.9630879 1.0267851 0.8913314 0.9823296 1.2763050 1.4658269 1.4876507 1.1393563 
Alaudidae         1.1832360 1.2177838 1.1817097 1.2082593 1.4117107 1.0847642 1.0974426 1.1364734 1.0728500 1.1375621 1.1851425 1.1488723 1.0662016 1.0646848 1.1844174 1.0352506 1.0339043 1.1173397 0.1024262 0.0944353 0.0640082 0.0641267 0.0650727 0.0606509 0.0586970 0.0606535 0.0617231 0.0000000 0.1447722 0.4265214 0.3597663 0.3098875 0.5540745 0.5852224 0.6809122 0.5431530 0.5905698 0.5799246 1.2538255 0.9751795 1.0357065 0.9789108 1.0613159 0.9461892 1.0363374 0.8964382 0.9588847 1.2459163 1.4907559 1.5106334 1.1689451 
Coraciiformes     1.2577247 1.1990616 1.1780768 1.1873308 1.4641614 1.0787901 1.1009415 1.1445580 1.0905459 1.1679350 1.2182219 1.1706208 1.0608297 1.0719849 1.1655473 1.0469602 1.0400821 1.1019783 0.1228395 0.1503752 0.1414628 0.1392012 0.1414936 0.1447282 0.1345451 0.1388748 0.1473618 0.1447722 0.0000000 0.4367531 0.3766386 0.3309194 0.5915533 0.6011222 0.7102066 0.5530643 0.5892842 0.5980157 1.3298673 0.9453011 1.0913414 0.9580956 1.0004524 0.9829747 1.0052756 0.9145635 0.9460580 1.2054698 1.4684764 1.4665346 1.1386066 
Crocodylidae      1.2157834 1.2091012 1.1444044 1.1516624 1.3737572 1.1379127 1.1034090 1.1162964 1.0714961 1.1206720 1.1853415 1.1384652 1.0404793 1.0456609 1.1682727 1.0550023 1.0473689 1.1168823 0.3968787 0.4289724 0.4216043 0.4166794 0.4033452 0.4195950 0.4184597 0.4120562 0.4165287 0.4265214 0.4367531 0.0000000 0.4068544 0.3713192 0.5435338 0.5993528 0.6458312 0.5437590 0.5952918 0.6229568 1.3081778 1.0293632 1.0872090 0.9780809 1.0449470 0.9529823 0.9722919 0.8367265 0.9659460 1.2897550 1.6411381 1.6636679 1.2352915 
Carettochelyidae  1.1566561 1.1861584 1.2081909 1.2348118 1.3431189 1.0311550 1.0804476 1.1273785 1.0786380 1.0858836 1.1447752 1.1421378 1.0002314 1.0316502 1.1577903 0.9463242 0.9637751 1.0125895 0.3436266 0.3816417 0.3690293 0.3645028 0.3621670 0.3589065 0.3621628 0.3673749 0.3667237 0.3597663 0.3766386 0.4068544 0.0000000 0.1778503 0.5504878 0.5833444 0.6909974 0.5187807 0.5556650 0.5671686 1.2316123 0.8985961 0.9822375 0.9463012 1.0303171 0.8971262 1.0032291 0.8296990 0.8856783 1.0911611 1.6014049 1.6249349 1.0810694 
Kinosternidae     1.1431552 1.1488924 1.1181623 1.1260124 1.3099909 0.9628462 0.9880853 1.0527829 0.9998729 0.9781486 1.0842942 1.0941703 0.9426832 0.9615497 1.0829708 0.9235870 0.9584282 0.9875116 0.2987016 0.3273656 0.3198645 0.3191490 0.3105282 0.3111990 0.3147521 0.3199951 0.3162990 0.3098875 0.3309194 0.3713192 0.1778503 0.0000000 0.4919380 0.5096982 0.6205276 0.4732071 0.4976505 0.5094351 1.1493061 0.9031737 0.9487497 0.9164484 0.9954226 0.8467778 0.9943398 0.8201910 0.8642046 1.0876315 1.5194811 1.5476298 1.0419761 
Anomalepididae    1.3377290 1.3761182 1.3371686 1.2919750 1.4920818 1.2536224 1.1428247 1.1473562 1.1105297 1.1824266 1.2756431 1.2193704 1.1453952 1.1533749 1.2695793 1.1205123 1.1125144 1.1087174 0.5453800 0.5486066 0.5573911 0.5565436 0.5315541 0.5368355 0.5455999 0.5650899 0.5535751 0.5540745 0.5915533 0.5435338 0.5504878 0.4919380 0.0000000 0.3589766 0.4252240 0.3306846 0.4348363 0.4467490 1.3378112 0.9974316 1.1045425 1.0640532 1.1776898 1.0602857 1.1192119 1.0045819 1.0241423 1.2697782 1.6394186 1.6054928 1.2592947 
Loxocemidae       1.4330556 1.3820365 1.3343628 1.3496261 1.5110424 1.3154752 1.2221220 1.2217138 1.2080580 1.2682316 1.3148063 1.3009817 1.1431151 1.2095809 1.3446133 1.1964969 1.1713005 1.1867646 0.5839144 0.6023063 0.5773649 0.5841021 0.5601111 0.5792288 0.5964424 0.6047714 0.5932767 0.5852224 0.6011222 0.5993528 0.5833444 0.5096982 0.3589766 0.0000000 0.3064358 0.3538569 0.4422976 0.4954821 1.2428423 1.1068899 1.2076259 1.0887755 1.1893453 1.0609732 1.1784165 0.9971662 1.0626542 1.2815272 1.6606887 1.5655012 1.2947586 
Natricidae        1.4954069 1.3896324 1.3687084 1.3609345 1.5281799 1.3482739 1.2399163 1.2637653 1.2561334 1.2565338 1.3603995 1.3448365 1.1757003 1.2363074 1.4091339 1.2464481 1.2501793 1.2165917 0.6575732 0.6997382 0.6803443 0.6975451 0.6634777 0.6739727 0.6935454 0.7038826 0.6933221 0.6809122 0.7102066 0.6458312 0.6909974 0.6205276 0.4252240 0.3064358 0.0000000 0.4165113 0.5277985 0.5361471 1.3972353 1.1422268 1.1666192 1.1166261 1.2257690 1.1154358 1.2093903 1.0006987 1.1059308 1.4216180 1.8271047 1.7822741 1.3865720 
Xenosauridae      1.3627009 1.2756833 1.2767736 1.2716428 1.5081084 1.2311741 1.1385947 1.1579960 1.1424880 1.2316138 1.3392677 1.2724255 1.1512302 1.1224428 1.2397957 1.1294387 1.1269373 1.1160787 0.5207216 0.5371351 0.5306048 0.5477928 0.5246783 0.5280484 0.5440499 0.5479435 0.5315396 0.5431530 0.5530643 0.5437590 0.5187807 0.4732071 0.3306846 0.3538569 0.4165113 0.0000000 0.3807347 0.4480071 1.2942533 1.0121296 1.0839962 1.0244302 1.1870813 0.9774267 1.1307055 0.9224593 1.0316552 1.2445250 1.5645135 1.5510170 1.2560494 
Teiidae           1.3911543 1.3749082 1.3720885 1.4219982 1.5540644 1.2975035 1.2366665 1.2567252 1.2209588 1.2444968 1.3595323 1.2767698 1.1196793 1.1286770 1.3412229 1.1662590 1.1056159 1.1294515 0.5552639 0.5780673 0.5953707 0.5853756 0.5612373 0.5723902 0.5787917 0.5862724 0.5722740 0.5905698 0.5892842 0.5952918 0.5556650 0.4976505 0.4348363 0.4422976 0.5277985 0.3807347 0.0000000 0.4700549 1.3958971 1.1007661 1.0818710 1.1193049 1.2332353 1.0479717 1.1638675 0.9690754 1.0161532 1.2925560 1.6455581 1.6512247 1.3250888 
Eublepharidae     1.4319098 1.3327793 1.3655125 1.3778442 1.5548760 1.2696157 1.2706513 1.2655093 1.2235901 1.2421250 1.3376706 1.3172779 1.1390144 1.1543464 1.3549976 1.1569056 1.1398364 1.1469053 0.5555876 0.5914975 0.5688745 0.5849276 0.5684403 0.5667211 0.5745796 0.5858970 0.5819476 0.5799246 0.5980157 0.6229568 0.5671686 0.5094351 0.4467490 0.4954821 0.5361471 0.4480071 0.4700549 0.0000000 1.3320951 1.0070377 1.1198698 1.0392828 1.1647404 1.0405966 1.0997802 0.9651718 1.0464451 1.2791593 1.7333642 1.7631658 1.3109116 
Dicamptodontidae  1.6692952 1.6733191 1.7086080 1.6741329 1.8977047 1.6688037 1.4846065 1.5035017 1.4934541 1.4784980 1.5967974 1.6775333 1.4316497 1.4783664 1.5800147 1.5168391 1.5005545 1.5490289 1.2608102 1.2861801 1.2705562 1.2650476 1.2301962 1.2797804 1.2788832 1.2634987 1.2572768 1.2538255 1.3298673 1.3081778 1.2316123 1.1493061 1.3378112 1.2428423 1.3972353 1.2942533 1.3958971 1.3320951 0.0000000 1.2009166 1.3561263 1.2096094 1.2987639 1.2597922 1.2637678 1.1256395 1.2623927 1.7933831 2.0248762 2.0008373 1.6584136 
Alytidae          1.4921243 1.5571239 1.5454351 1.6141691 1.6822994 1.5240022 1.3770922 1.4546120 1.4638039 1.5030091 1.6331480 1.6054708 1.3906863 1.3902584 1.4944231 1.3439038 1.3004518 1.3458327 0.9057535 0.9543359 0.9307812 0.9812212 0.9205974 0.9591139 0.9757179 0.9674646 0.9704207 0.9751795 0.9453011 1.0293632 0.8985961 0.9031737 0.9974316 1.1068899 1.1422268 1.0121296 1.1007661 1.0070377 1.2009166 0.0000000 0.8921353 0.8353150 0.8743790 0.8827628 0.8997366 0.7399415 1.0199000 1.3875361 1.7456796 1.7714406 1.3776517 
Heleophrynidae    1.5922623 1.6302939 1.5794468 1.6099470 1.8025300 1.5405352 1.5064422 1.5639272 1.5429673 1.4929460 1.5578877 1.6620884 1.4321894 1.3926859 1.4945342 1.4164930 1.4617355 1.3960984 1.0020639 1.0452638 1.0416972 1.0578525 1.0125080 1.0349540 1.0376659 1.0534144 1.0501724 1.0357065 1.0913414 1.0872090 0.9822375 0.9487497 1.1045425 1.2076259 1.1666192 1.0839962 1.0818710 1.1198698 1.3561263 0.8921353 0.0000000 0.6516124 0.7423990 0.6726245 0.7069226 0.5883063 1.1091027 1.5438198 2.0594996 2.0142681 1.5428905 
Leptodactylidae   1.5322184 1.5563129 1.4850474 1.4298055 1.6724405 1.5325918 1.4300747 1.3961097 1.4220447 1.4134998 1.4968938 1.5253696 1.3848837 1.3771437 1.5008017 1.3367767 1.2999747 1.3114626 0.9298339 1.0309664 0.9736870 0.9768485 0.9440789 0.9871117 0.9872962 0.9806219 0.9871897 0.9789108 0.9580956 0.9780809 0.9463012 0.9164484 1.0640532 1.0887755 1.1166261 1.0244302 1.1193049 1.0392828 1.2096094 0.8353150 0.6516124 0.0000000 0.2229919 0.6090831 0.5669806 0.4929860 1.0748885 1.2983708 1.7432769 1.7557220 1.4125760 
Strabomantidae    1.6990504 1.6738982 1.5234025 1.5351106 1.7396675 1.5931350 1.4866038 1.4771815 1.4810945 1.5445189 1.5869099 1.6130675 1.4550226 1.4469234 1.6259970 1.4135080 1.3565075 1.4306026 0.9958841 1.0766797 1.0320804 1.0680614 1.0191920 1.0588286 1.0354678 1.0227688 1.0260588 1.0613159 1.0004524 1.0449470 1.0303171 0.9954226 1.1776898 1.1893453 1.2257690 1.1870813 1.2332353 1.1647404 1.2987639 0.8743790 0.7423990 0.2229919 0.0000000 0.6970831 0.6231709 0.5823312 1.1686308 1.4592390 1.8284310 1.8734322 1.5668412 
Micrixalidae      1.5515805 1.4832659 1.4580774 1.5106125 1.6762687 1.3608220 1.4047166 1.3726055 1.4123684 1.4467909 1.5356206 1.4812929 1.3533112 1.2766416 1.4788496 1.2776623 1.2599762 1.3419268 0.9177787 0.9573340 0.9452418 0.9852194 0.9476128 0.9554611 0.9734523 0.9632940 0.9630879 0.9461892 0.9829747 0.9529823 0.8971262 0.8467778 1.0602857 1.0609732 1.1154358 0.9774267 1.0479717 1.0405966 1.2597922 0.8827628 0.6726245 0.6090831 0.6970831 0.0000000 0.4698060 0.3906185 1.0367919 1.4966405 1.7355912 1.7075685 1.4414463 
Hemisotidae       1.5523952 1.5694246 1.5076862 1.4977329 1.7492851 1.4617406 1.3675678 1.4189319 1.3556761 1.4161381 1.4748422 1.5254978 1.3614499 1.2566331 1.4696054 1.2521496 1.2728644 1.3083140 0.9868540 1.0444950 1.0442864 1.0433221 1.0164664 1.0543292 1.0471822 1.0354124 1.0267851 1.0363374 1.0052756 0.9722919 1.0032291 0.9943398 1.1192119 1.1784165 1.2093903 1.1307055 1.1638675 1.0997802 1.2637678 0.8997366 0.7069226 0.5669806 0.6231709 0.4698060 0.0000000 0.4030119 1.0371157 1.4908232 1.8600317 1.8420253 1.4427724 
Asterophryidae    1.4864758 1.5671381 1.4323605 1.4514353 1.5724225 1.4270308 1.4178537 1.4565436 1.4472136 1.4341096 1.5102411 1.4825605 1.2977815 1.3091388 1.4829635 1.2929756 1.2284997 1.2845737 0.8720183 0.9095878 0.8859629 0.9247171 0.8746383 0.9235854 0.9136538 0.8896202 0.8913314 0.8964382 0.9145635 0.8367265 0.8296990 0.8201910 1.0045819 0.9971662 1.0006987 0.9224593 0.9690754 0.9651718 1.1256395 0.7399415 0.5883063 0.4929860 0.5823312 0.3906185 0.4030119 0.0000000 1.0268384 1.3340278 1.7276837 1.7099752 1.3639163 
Caeciliidae2      1.4220194 1.4493926 1.4794726 1.4710219 1.6952048 1.4539770 1.3329567 1.4193757 1.3987248 1.4412960 1.5217944 1.4523267 1.3664059 1.3098999 1.4640728 1.3244143 1.3159577 1.3710535 0.9370828 0.9790649 0.9286824 0.9440562 0.9506423 0.9608960 0.9739705 0.9953965 0.9823296 0.9588847 0.9460580 0.9659460 0.8856783 0.8642046 1.0241423 1.0626542 1.1059308 1.0316552 1.0161532 1.0464451 1.2623927 1.0199000 1.1091027 1.0748885 1.1686308 1.0367919 1.0371157 1.0268384 0.0000000 1.5164039 1.7999500 1.8108783 1.3970332 
Polypteriformes   1.7760301 1.8296688 1.7382522 1.7733279 1.9466154 1.7685606 1.7941998 1.6952952 1.7217386 1.6559131 1.7600892 1.7896059 1.6798386 1.6883421 1.7352136 1.5986091 1.5174651 1.6452941 1.1862792 1.2802035 1.2325098 1.2622972 1.2223098 1.2324710 1.2678005 1.2577312 1.2763050 1.2459163 1.2054698 1.2897550 1.0911611 1.0876315 1.2697782 1.2815272 1.4216180 1.2445250 1.2925560 1.2791593 1.7933831 1.3875361 1.5438198 1.2983708 1.4592390 1.4966405 1.4908232 1.3340278 1.5164039 0.0000000 1.6039833 1.7134359 1.3855809 
Channichthyidae   2.0836626 2.2417711 2.1042078 2.3073053 2.3108464 2.0275855 2.0748010 2.1214802 2.1412134 2.0521468 2.1542563 2.1328355 2.0568037 2.1710913 2.3047617 2.0985227 2.0469767 2.2124721 1.4087506 1.4618713 1.4775304 1.5032267 1.4717832 1.4663469 1.4605885 1.5045950 1.4658269 1.4907559 1.4684764 1.6411381 1.6014049 1.5194811 1.6394186 1.6606887 1.8271047 1.5645135 1.6455581 1.7333642 2.0248762 1.7456796 2.0594996 1.7432769 1.8284310 1.7355912 1.8600317 1.7276837 1.7999500 1.6039833 0.0000000 0.1984696 1.5629915 
Pseudaphritidae   2.0377957 2.1815643 2.0637882 2.2108736 2.3103257 1.9999450 1.9516709 1.9988070 2.0339665 2.0284138 2.0839966 2.1283420 2.0355759 2.0884731 2.2968590 2.0425530 2.0582837 2.2451971 1.4087734 1.4747499 1.4671653 1.5149623 1.4817610 1.5035414 1.5020234 1.4979781 1.4876507 1.5106334 1.4665346 1.6636679 1.6249349 1.5476298 1.6054928 1.5655012 1.7822741 1.5510170 1.6512247 1.7631658 2.0008373 1.7714406 2.0142681 1.7557220 1.8734322 1.7075685 1.8420253 1.7099752 1.8108783 1.7134359 0.1984696 0.0000000 1.5791209 
Carcharhinidae    1.7271107 1.7040668 1.6622865 1.7241818 1.9580978 1.6828298 1.7085976 1.6556308 1.6380426 1.6782107 1.6944749 1.7805141 1.6200191 1.5932620 1.6714600 1.6173655 1.4605905 1.5329189 1.0987939 1.1722360 1.1442944 1.1927691 1.1617101 1.1296026 1.1654197 1.1182561 1.1393563 1.1689451 1.1386066 1.2352915 1.0810694 1.0419761 1.2592947 1.2947586 1.3865720 1.2560494 1.3250888 1.3109116 1.6584136 1.3776517 1.5428905 1.4125760 1.5668412 1.4414463 1.4427724 1.3639163 1.3970332 1.3855809 1.5629915 1.5791209 0.0000000 
