51
Pitheciidae       0.0000000 1.6392794 1.4652700 1.4182381 1.4090992 1.4553174 1.8773554 1.8497608 1.7524145 1.5113542 1.6105677 1.3594496 2.1094060 1.8511193 1.9634603 4.9780370 4.1307131 3.5273432 3.4262386 3.0880428 3.3331288 3.4313964 3.5812676 3.4096542 3.4439809 3.2333784 3.3366461 3.2356067 3.8258395 2.5697867 2.7823554 3.7567208 3.1559493 2.9403674 3.1557964 3.2896026 2.7861155 2.9634189 2.8867421 2.8572922 2.5874109 2.4705252 2.5016085 2.6484597 2.5427448 2.4754643 3.0274682 4.8508498 3.5650873 3.7584740 3.8743907 
Scandentia        1.6392794 0.0000000 1.4315126 1.3553203 1.1762464 1.3561432 1.6085047 1.5530827 1.5549458 1.3294736 1.3772343 1.4062476 1.9659127 1.5902461 1.8031129 3.7985494 3.4911697 2.8931817 3.3920577 2.9015608 2.9235000 2.9464802 3.3007598 3.2246907 3.1536114 3.0867502 3.1982327 2.9629406 3.1928467 2.4498612 2.6766829 3.5593685 2.8924046 2.5544501 2.4922315 2.7825061 2.7879345 3.0337980 2.9030209 2.7894361 2.4599835 2.4627846 2.4222840 2.4812155 2.4898837 2.5151430 2.8286450 3.4901711 3.0638521 3.1471567 3.5014694 
Erethizontidae    1.4652700 1.4315126 0.0000000 0.5319625 1.1800077 1.3026196 1.7343480 1.5747677 1.6208004 1.3939630 1.3775709 1.3697078 1.9886446 1.6860182 1.9784922 3.7289307 3.2315706 3.0381718 3.0395762 2.6657144 2.8564485 2.9072590 3.1162473 3.0942111 2.8398506 2.8480142 2.8243617 2.7748286 3.4092476 2.3021750 2.4529250 2.8805361 2.7636335 2.7682655 2.7389779 2.8961578 2.4889562 2.8984604 3.0750841 2.6826948 2.4342846 2.2574904 2.3107043 2.4216160 2.5090062 2.4964251 2.8268275 3.6979818 3.8538794 3.7474517 3.2329539 
Capromyidae       1.4182381 1.3553203 0.5319625 0.0000000 1.0389003 1.1721353 1.6340492 1.5178866 1.5314211 1.3117590 1.3083707 1.2409620 1.9076709 1.6879159 1.7699003 4.7673234 3.6296560 3.4861276 3.1699169 2.8073696 3.0320952 3.2633217 3.4099181 3.2109234 3.0842528 2.9708472 3.0753031 2.8949887 3.4652253 2.2670425 2.5196840 3.2669632 2.7096509 2.4606984 2.6048029 2.8658168 2.3864918 2.7057632 3.0649690 2.6412497 2.2769321 2.2554567 2.3003565 2.2356906 2.3694563 2.3525749 2.6817571 4.0284785 3.7049328 3.6701330 3.2030548 
Muridae           1.4090992 1.1762464 1.1800077 1.0389003 0.0000000 1.0100996 1.4065439 1.3356994 1.3057924 1.0571592 1.1291231 1.1525548 1.7604839 1.4506076 1.5672067 4.5584897 3.2578166 2.8305284 2.7599760 2.5147788 2.5561271 2.5930327 2.7544635 2.7007018 2.6833167 2.6748617 2.6106413 2.4549478 2.9092491 2.0684188 2.2044328 3.0784372 2.4611477 2.4584217 2.4775786 2.6497642 2.3270365 2.4416788 2.7031226 2.3129941 2.1299610 2.0678455 2.1265635 2.1516101 2.0987099 2.1961343 2.5128076 3.8046652 3.0082977 3.0420643 3.0290465 
Castoridae        1.4553174 1.3561432 1.3026196 1.1721353 1.0100996 0.0000000 1.5761742 1.5246923 1.4032101 1.2482939 1.2556348 1.2592541 1.8507547 1.5348776 1.5877393 3.8597985 3.2097861 2.9516988 3.2569136 2.9215581 3.0522243 3.1193364 3.2724048 3.1139029 3.1778171 3.3643905 3.2465385 3.0701627 3.7330454 2.1570909 2.3913104 2.9769016 2.7581944 2.4674396 2.6170075 2.6820999 2.4347674 2.6497634 2.8951215 2.4700830 2.3030527 2.1529759 2.2045424 2.3130008 2.2680170 2.3656311 2.8266601 3.4441292 3.4625279 3.4379644 2.8976749 
Suidae            1.8773554 1.6085047 1.7343480 1.6340492 1.4065439 1.5761742 0.0000000 1.1334243 1.1916616 1.3670004 1.3740571 1.2871835 1.9386071 1.6363000 2.1060977 5.3872215 3.6997467 3.4328268 3.1902500 2.7763438 2.6671929 3.0301601 2.9529033 3.1908999 3.0647094 2.9415950 3.0953407 2.9053727 3.0784934 2.5424408 2.3435435 4.3971226 2.9428925 2.7887939 2.4811500 2.7498604 2.4586647 2.8451945 3.2680488 3.3340845 2.4724900 2.5129524 2.5934607 2.6813023 2.5600296 2.8078134 3.1561049 4.6529067 3.8320529 4.0920320 3.1065981 
Hippopotamidae    1.8497608 1.5530827 1.5747677 1.5178866 1.3356994 1.5246923 1.1334243 0.0000000 0.8420419 1.2089191 1.2052806 1.2479368 1.8064933 1.4833391 1.9089757 5.1121675 3.9105925 3.1234400 3.4287409 3.0170654 3.1047219 3.1484832 3.2430327 3.4282414 3.2407679 3.1994629 3.0045214 3.0284470 3.3529650 2.4881554 2.3229007 3.6939485 2.8823770 2.7250577 2.5785417 3.1443663 2.5944614 3.1116345 3.0157142 3.1548412 2.4079809 2.4328727 2.4728008 2.6508296 2.5369722 2.5923501 3.0941818 3.4507038 3.3644958 3.3343635 3.3141707 
Hyperoodontidae   1.7524145 1.5549458 1.6208004 1.5314211 1.3057924 1.4032101 1.1916616 0.8420419 0.0000000 1.2110328 1.2030557 1.1785999 1.8379491 1.4949448 2.0062273 4.6576737 3.6296235 3.3340080 3.3312421 2.7791524 2.8182837 2.8809349 2.9506634 3.3187837 3.0561609 2.9157195 2.8985154 2.9373670 3.1415779 2.3753844 2.3095734 3.1684608 2.7490967 2.8093525 2.6401922 2.7740854 2.5377645 2.9204817 2.9854284 2.9035443 2.3386461 2.4018188 2.4894629 2.5253366 2.4139185 2.4845068 2.7998394 3.7842261 3.1236214 3.1066482 3.2901484 
Vespertilionidae  1.5113542 1.3294736 1.3939630 1.3117590 1.0571592 1.2482939 1.3670004 1.2089191 1.2110328 0.0000000 0.6020849 0.6487073 1.5506958 1.1928262 1.6461051 4.2253291 3.0778482 2.9541695 2.7520615 2.5607105 2.7484508 2.6508783 2.8849950 2.8722889 2.8332913 2.7726838 2.6083492 2.5201605 3.0661507 2.2015034 2.2518623 2.8903357 2.6777809 2.4809155 2.3170552 2.6157881 2.3656552 2.5721243 2.8381674 2.6503328 2.1786348 2.1859230 2.1997758 2.2304362 2.1796540 2.3980342 2.5593603 3.3589248 3.0263133 2.9792499 3.0782478 
Furipteridae      1.6105677 1.3772343 1.3775709 1.3083707 1.1291231 1.2556348 1.3740571 1.2052806 1.2030557 0.6020849 0.0000000 0.7268188 1.7340073 1.3023139 1.6310852 5.2312888 3.0518247 2.8571027 2.8650306 2.5792558 2.8655439 2.7727447 2.7946297 2.9322416 2.7989496 2.8265677 2.7665111 2.6656561 3.1585414 2.0932983 2.2369860 3.0027982 2.6070180 2.3371643 2.2636478 2.4970404 2.3238719 2.3106324 2.9518863 2.5863403 2.1389455 2.1721057 2.1932852 2.1128595 2.1279428 2.2971292 2.4072086 3.2431343 2.8436044 2.8447467 2.6152863 
Rhinolophidae     1.3594496 1.4062476 1.3697078 1.2409620 1.1525548 1.2592541 1.2871835 1.2479368 1.1785999 0.6487073 0.7268188 0.0000000 1.6680115 1.2845986 1.6207245 5.0137278 3.1253948 2.9035867 2.9751630 2.5804997 2.7982737 2.6199606 2.9466763 3.0250185 2.7991573 2.8585415 2.9007529 2.6179657 3.1213473 2.3126807 2.3240579 2.9979824 2.8403398 2.8398908 2.7639423 2.9836620 2.3675626 2.6929491 2.7566397 2.5636798 2.0701742 2.1721099 2.1809572 2.1422121 2.1477589 2.2421169 2.5054875 3.3198812 2.8739116 2.8219607 2.7396635 
Viverridae        2.1094060 1.9659127 1.9886446 1.9076709 1.7604839 1.8507547 1.9386071 1.8064933 1.8379491 1.5506958 1.7340073 1.6680115 0.0000000 1.2623730 2.3527752 4.4835964 4.1057117 3.2673346 3.5108073 3.2665324 3.6095840 3.6337191 3.7957614 3.6066606 3.5035917 3.6737544 3.5791979 3.3895077 3.5937888 2.9817551 2.9307045 3.8530239 3.2472639 3.0367493 3.1381121 3.1835981 3.2540028 3.1726927 3.5151306 3.6639164 2.8848315 2.8322736 2.8208641 2.8703825 2.9801449 3.1014654 3.3796741 4.2969142 3.4864497 3.5824166 3.4443259 
Procyonidae       1.8511193 1.5902461 1.6860182 1.6879159 1.4506076 1.5348776 1.6363000 1.4833391 1.4949448 1.1928262 1.3023139 1.2845986 1.2623730 0.0000000 1.8288958 4.2946883 3.7245899 2.9469154 3.0670625 2.7436300 3.1004845 3.0172980 3.3379955 3.4975287 3.4915022 3.2462760 3.2075323 3.1610220 3.0512776 2.2776599 2.4094132 3.2547392 3.2018721 2.7186949 2.7505080 3.1013573 2.5473061 2.6363034 2.8882076 2.5417639 2.2750651 2.2098318 2.2477733 2.2160548 2.2050612 2.3354203 2.8616496 3.5808316 3.1842274 3.2552905 3.3710387 
Myrmecophagidae   1.9634603 1.8031129 1.9784922 1.7699003 1.5672067 1.5877393 2.1060977 1.9089757 2.0062273 1.6461051 1.6310852 1.6207245 2.3527752 1.8288958 0.0000000 4.3946240 3.7696686 3.4817457 4.2130757 3.4078478 3.9589287 3.7250906 3.8027953 4.2123085 4.1328980 3.6322358 3.6140293 3.6918518 3.8074219 3.0310177 3.0794562 3.7133676 3.4540517 3.1413355 3.3588115 3.9272566 3.5429140 3.0720356 3.6935484 3.1035348 2.5901532 2.5786848 2.6099144 2.6644398 2.5670160 2.6277227 3.4449116 3.7576723 4.5367412 4.1352941 3.4943924 
Caluromyidae      4.9780370 3.7985494 3.7289307 4.7673234 4.5584897 3.8597985 5.3872215 5.1121675 4.6576737 4.2253291 5.2312888 5.0137278 4.4835964 4.2946883 4.3946240 0.0000000 2.8798050 2.6561934 5.9841679 4.7738458 4.6751504 5.9049881 6.1708531 6.1726465 6.8360517 6.3669028 5.7757512 5.0961760 4.4712780 4.1604698 5.5010027 5.8979326 4.8377658 6.1731481 5.0952293 4.6617596 6.0894882 6.8459818 4.7863263 4.9847045 4.7139347 5.1170860 5.0267258 4.8431233 4.9517838 5.0715029 4.9553013 4.1895102 6.3600070 5.8375296 9.0000000 
Thylacomyidae     4.1307131 3.4911697 3.2315706 3.6296560 3.2578166 3.2097861 3.6997467 3.9105925 3.6296235 3.0778482 3.0518247 3.1253948 4.1057117 3.7245899 3.7696686 2.8798050 0.0000000 1.3633030 3.4864002 3.3932273 3.4889578 3.4099860 3.3022148 3.7770871 3.4165363 3.4577402 3.6911605 3.5195883 3.4335057 2.9438042 3.1062192 3.8436668 3.8787973 3.1678481 2.9595284 3.5236331 3.2513265 3.6519215 5.6779674 3.0569975 2.8531508 3.1777267 3.0987052 3.0694903 2.9798853 3.0581852 4.0053349 6.4621529 3.7427584 3.6623243 4.4081307 
Phalangeridae     3.5273432 2.8931817 3.0381718 3.4861276 2.8305284 2.9516988 3.4328268 3.1234400 3.3340080 2.9541695 2.8571027 2.9035867 3.2673346 2.9469154 3.4817457 2.6561934 1.3633030 0.0000000 3.5773895 3.4471154 3.4741683 3.4089998 3.3604897 3.8109499 3.6187728 3.7446745 3.4369434 3.5548989 3.7400770 3.2756759 3.3300095 4.1954859 3.5690455 3.3435822 3.6852785 4.1256180 3.5017905 4.3056422 4.4892092 3.3915615 3.0745916 3.1359881 3.1979661 3.1318511 3.2499783 3.3376126 3.4545442 4.7489731 4.0389030 4.0354370 4.3616819 
Tityridae         3.4262386 3.3920577 3.0395762 3.1699169 2.7599760 3.2569136 3.1902500 3.4287409 3.3312421 2.7520615 2.8650306 2.9751630 3.5108073 3.0670625 4.2130757 5.9841679 3.4864002 3.5773895 0.0000000 0.7416215 0.8197090 0.7440389 0.8059344 0.8570013 0.9171295 0.8921699 0.8539874 0.8671440 1.5090104 1.5590406 1.6060631 2.3289664 2.2285561 2.0198520 1.9970321 2.1499068 1.9657266 2.3468466 2.6453470 2.4124314 2.1010532 1.8741604 1.9387736 1.9220406 2.0086287 1.9891670 2.5712354 3.0568270 2.8237999 2.8521213 2.5031412 
Ptilonorhynchidae 3.0880428 2.9015608 2.6657144 2.8073696 2.5147788 2.9215581 2.7763438 3.0170654 2.7791524 2.5607105 2.5792558 2.5804997 3.2665324 2.7436300 3.4078478 4.7738458 3.3932273 3.4471154 0.7416215 0.0000000 0.4462212 0.4299412 0.4948701 0.5365073 0.5548128 0.5321984 0.5474462 0.4945268 1.2389941 1.4912611 1.4951660 2.3657380 2.0000500 1.9209321 1.7589253 1.9696742 1.7681221 2.1887107 2.4058726 2.0958868 1.8145204 1.7100119 1.8161724 1.7382597 1.7662191 1.7978132 2.2844423 2.9847541 2.6798057 2.6794388 2.3354524 
Callaeatidae      3.3331288 2.9235000 2.8564485 3.0320952 2.5561271 3.0522243 2.6671929 3.1047219 2.8182837 2.7484508 2.8655439 2.7982737 3.6095840 3.1004845 3.9589287 4.6751504 3.4889578 3.4741683 0.8197090 0.4462212 0.0000000 0.3372836 0.3561777 0.4205475 0.4554782 0.4506023 0.4329678 0.3811032 1.3300952 1.5012860 1.5164030 2.4618721 1.9893464 1.9680399 1.8082203 1.7776604 1.6992149 2.1707976 2.4455519 2.2074714 1.8733571 1.8591237 1.9398796 1.8832489 1.8435405 1.8715385 2.3166886 3.2341012 2.9039128 3.0154127 2.5905520 
Monarchidae       3.4313964 2.9464802 2.9072590 3.2633217 2.5930327 3.1193364 3.0301601 3.1484832 2.8809349 2.6508783 2.7727447 2.6199606 3.6337191 3.0172980 3.7250906 5.9049881 3.4099860 3.4089998 0.7440389 0.4299412 0.3372836 0.0000000 0.2602663 0.4044883 0.4454628 0.4420626 0.4229799 0.3808339 1.4030730 1.4486695 1.4619185 2.3635985 2.0560809 1.8950200 1.7631489 1.8189332 1.8140761 2.1587735 2.1824735 2.1317335 1.7643563 1.7854866 1.8777205 1.7758396 1.8112591 1.8389149 2.3423500 2.6926732 2.6133411 2.6762479 2.5313102 
Malaconotidae     3.5812676 3.3007598 3.1162473 3.4099181 2.7544635 3.2724048 2.9529033 3.2430327 2.9506634 2.8849950 2.7946297 2.9466763 3.7957614 3.3379955 3.8027953 6.1708531 3.3022148 3.3604897 0.8059344 0.4948701 0.3561777 0.2602663 0.0000000 0.3991578 0.4800960 0.4705420 0.4497273 0.4101393 1.4287974 1.5151982 1.5379895 2.3917681 2.0215979 1.8629824 1.7374409 1.8581804 1.8530339 2.2419825 2.3876880 2.3364582 1.8544936 1.8461327 1.9720667 1.8938993 1.9099414 1.9230276 2.3679138 2.8826181 2.9169269 2.9702008 2.5427616 
Certhiidae        3.4096542 3.2246907 3.0942111 3.2109234 2.7007018 3.1139029 3.1908999 3.4282414 3.3187837 2.8722889 2.9322416 3.0250185 3.6066606 3.4975287 4.2123085 6.1726465 3.7770871 3.8109499 0.8570013 0.5365073 0.4205475 0.4044883 0.3991578 0.0000000 0.4157483 0.4198310 0.4052600 0.3989399 1.5039156 1.4957885 1.6086120 2.6117361 2.1936491 2.2067441 1.9604736 2.0183358 1.9828153 2.4260988 2.6901845 2.3836390 2.0572779 1.8911977 2.0024632 2.0172486 2.0706472 2.0394752 2.4749630 3.0499073 3.0707729 3.1089432 2.5716124 
Cinclidae         3.4439809 3.1536114 2.8398506 3.0842528 2.6833167 3.1778171 3.0647094 3.2407679 3.0561609 2.8332913 2.7989496 2.7991573 3.5035917 3.4915022 4.1328980 6.8360517 3.4165363 3.6187728 0.9171295 0.5548128 0.4554782 0.4454628 0.4800960 0.4157483 0.0000000 0.4578741 0.4433695 0.4311101 1.5599040 1.5258477 1.6057174 2.4311859 2.1546968 2.1524647 2.0297689 1.9953758 1.9363950 2.4676428 2.5051036 2.2666666 1.9899861 1.9679632 2.0794386 1.9693139 2.0215252 2.0878255 2.5134442 3.1476029 2.9619448 2.9673189 2.4198547 
Ploceidae         3.2333784 3.0867502 2.8480142 2.9708472 2.6748617 3.3643905 2.9415950 3.1994629 2.9157195 2.7726838 2.8265677 2.8585415 3.6737544 3.2462760 3.6322358 6.3669028 3.4577402 3.7446745 0.8921699 0.5321984 0.4506023 0.4420626 0.4705420 0.4198310 0.4578741 0.0000000 0.2768220 0.4377143 1.5369230 1.5668150 1.5575100 2.5824993 2.1763007 2.1762441 2.0754273 1.9857715 2.0002122 2.4454616 2.6525957 2.3103176 1.9284827 1.9112204 2.0287748 1.9560581 1.9640899 1.9676895 2.4439355 3.3751212 2.9003962 2.9653134 2.5569289 
Thraupidae        3.3366461 3.1982327 2.8243617 3.0753031 2.6106413 3.2465385 3.0953407 3.0045214 2.8985154 2.6083492 2.7665111 2.9007529 3.5791979 3.2075323 3.6140293 5.7757512 3.6911605 3.4369434 0.8539874 0.5474462 0.4329678 0.4229799 0.4497273 0.4052600 0.4433695 0.2768220 0.0000000 0.4138534 1.5715813 1.6392753 1.5603018 2.5841121 2.0516849 2.1429071 1.9550853 1.9855332 2.0033257 2.4210416 2.6583872 2.4086703 2.0034015 1.8522392 1.9936146 1.9295011 2.0024133 2.0479638 2.5314690 3.0087345 3.0355889 3.1681781 2.5505611 
Alaudidae         3.2356067 2.9629406 2.7748286 2.8949887 2.4549478 3.0701627 2.9053727 3.0284470 2.9373670 2.5201605 2.6656561 2.6179657 3.3895077 3.1610220 3.6918518 5.0961760 3.5195883 3.5548989 0.8671440 0.4945268 0.3811032 0.3808339 0.4101393 0.3989399 0.4311101 0.4377143 0.4138534 0.0000000 1.4591821 1.5791708 1.5616870 2.5300387 2.1485632 2.0930320 1.9999628 1.9555542 1.9925927 2.3864844 2.5175541 2.3172458 2.0655657 1.9646797 2.0445375 1.9902381 2.0443198 2.0855723 2.5363161 2.8840762 2.9191490 2.9738430 2.5052452 
Coraciiformes     3.8258395 3.1928467 3.4092476 3.4652253 2.9092491 3.7330454 3.0784934 3.3529650 3.1415779 3.0661507 3.1585414 3.1213473 3.5937888 3.0512776 3.8074219 4.4712780 3.4335057 3.7400770 1.5090104 1.2389941 1.3300952 1.4030730 1.4287974 1.5039156 1.5599040 1.5369230 1.5715813 1.4591821 0.0000000 2.0353244 2.0244935 2.6167059 2.7458977 2.4895871 2.5280758 2.3908611 2.3132498 2.6481336 2.8328786 2.4399072 2.2818444 2.3641186 2.4020515 2.3519375 2.3858206 2.3155567 2.7091377 3.8777450 3.0799364 3.0276518 3.1952050 
Crocodylidae      2.5697867 2.4498612 2.3021750 2.2670425 2.0684188 2.1570909 2.5424408 2.4881554 2.3753844 2.2015034 2.0932983 2.3126807 2.9817551 2.2776599 3.0310177 4.1604698 2.9438042 3.2756759 1.5590406 1.4912611 1.5012860 1.4486695 1.5151982 1.4957885 1.5258477 1.5668150 1.6392753 1.5791708 2.0353244 0.0000000 1.0368254 1.7831229 1.5148240 1.5055825 1.4575404 1.5183519 1.3441849 1.6837363 1.9934341 1.5890145 1.4339322 1.3822440 1.4125334 1.3701675 1.3767348 1.4582035 1.8020041 2.4912716 2.0870456 2.1035690 1.8222280 
Carettochelyidae  2.7823554 2.6766829 2.4529250 2.5196840 2.2044328 2.3913104 2.3435435 2.3229007 2.3095734 2.2518623 2.2369860 2.3240579 2.9307045 2.4094132 3.0794562 5.5010027 3.1062192 3.3300095 1.6060631 1.4951660 1.5164030 1.4619185 1.5379895 1.6086120 1.6057174 1.5575100 1.5603018 1.5616870 2.0244935 1.0368254 0.0000000 1.4823555 1.4891376 1.5348719 1.4727235 1.6239286 1.3508179 1.6777648 1.8804458 1.6071517 1.4612066 1.4046440 1.4302023 1.4128483 1.3752983 1.4429381 1.8088602 2.6731788 2.0396359 2.0519500 1.8102926 
Kinosternidae     3.7567208 3.5593685 2.8805361 3.2669632 3.0784372 2.9769016 4.3971226 3.6939485 3.1684608 2.8903357 3.0027982 2.9979824 3.8530239 3.2547392 3.7133676 5.8979326 3.8436668 4.1954859 2.3289664 2.3657380 2.4618721 2.3635985 2.3917681 2.6117361 2.4311859 2.5824993 2.5841121 2.5300387 2.6167059 1.7831229 1.4823555 0.0000000 2.6192566 2.1504333 2.2538026 2.2359613 2.2114430 2.4586137 2.6780283 2.3793338 2.0349080 1.9644079 2.0106322 2.0093776 1.9670486 2.1291000 2.4369233 2.9537346 3.0008547 2.9439514 2.6988937 
Anomalepididae    3.1559493 2.8924046 2.7636335 2.7096509 2.4611477 2.7581944 2.9428925 2.8823770 2.7490967 2.6777809 2.6070180 2.8403398 3.2472639 3.2018721 3.4540517 4.8377658 3.8787973 3.5690455 2.2285561 2.0000500 1.9893464 2.0560809 2.0215979 2.1936491 2.1546968 2.1763007 2.0516849 2.1485632 2.7458977 1.5148240 1.4891376 2.6192566 0.0000000 1.0179743 0.8950650 1.1286449 0.9792097 1.4288396 2.0642905 1.9092169 1.6653067 1.6341024 1.6738429 1.6770772 1.6598139 1.7173685 2.1087801 2.5538201 2.5741734 2.4994280 2.1539951 
Loxocemidae       2.9403674 2.5544501 2.7682655 2.4606984 2.4584217 2.4674396 2.7887939 2.7250577 2.8093525 2.4809155 2.3371643 2.8398908 3.0367493 2.7186949 3.1413355 6.1731481 3.1678481 3.3435822 2.0198520 1.9209321 1.9680399 1.8950200 1.8629824 2.2067441 2.1524647 2.1762441 2.1429071 2.0930320 2.4895871 1.5055825 1.5348719 2.1504333 1.0179743 0.0000000 0.5025570 1.0537601 0.8823459 1.3155308 2.1671792 1.8382775 1.4755091 1.4787948 1.4997176 1.4510335 1.4289399 1.5232709 1.8879136 2.5565802 2.2489514 2.2459954 2.0140084 
Natricidae        3.1557964 2.4922315 2.7389779 2.6048029 2.4775786 2.6170075 2.4811500 2.5785417 2.6401922 2.3170552 2.2636478 2.7639423 3.1381121 2.7505080 3.3588115 5.0952293 2.9595284 3.6852785 1.9970321 1.7589253 1.8082203 1.7631489 1.7374409 1.9604736 2.0297689 2.0754273 1.9550853 1.9999628 2.5280758 1.4575404 1.4727235 2.2538026 0.8950650 0.5025570 0.0000000 0.9763031 0.8308015 1.2640600 2.1034533 1.7036270 1.4202429 1.4119429 1.4339588 1.3813063 1.3666892 1.4176035 1.8254835 2.3775683 2.2770822 2.2896856 1.8936949 
Xenosauridae      3.2896026 2.7825061 2.8961578 2.8658168 2.6497642 2.6820999 2.7498604 3.1443663 2.7740854 2.6157881 2.4970404 2.9836620 3.1835981 3.1013573 3.9272566 4.6617596 3.5236331 4.1256180 2.1499068 1.9696742 1.7776604 1.8189332 1.8581804 2.0183358 1.9953758 1.9857715 1.9855332 1.9555542 2.3908611 1.5183519 1.6239286 2.2359613 1.1286449 1.0537601 0.9763031 0.0000000 0.9699386 1.4210678 2.2364402 1.8921559 1.6155589 1.6233741 1.6752456 1.5909146 1.5529382 1.6410554 2.0670322 2.4485238 2.6502597 2.6737410 2.1706516 
Teiidae           2.7861155 2.7879345 2.4889562 2.3864918 2.3270365 2.4347674 2.4586647 2.5944614 2.5377645 2.3656552 2.3238719 2.3675626 3.2540028 2.5473061 3.5429140 6.0894882 3.2513265 3.5017905 1.9657266 1.7681221 1.6992149 1.8140761 1.8530339 1.9828153 1.9363950 2.0002122 2.0033257 1.9925927 2.3132498 1.3441849 1.3508179 2.2114430 0.9792097 0.8823459 0.8308015 0.9699386 0.0000000 1.2461049 1.9162764 1.6373656 1.4077190 1.4105713 1.4453898 1.3567664 1.2936809 1.4179348 1.8784534 2.2579021 2.3307056 2.3234486 1.8750719 
Eublepharidae     2.9634189 3.0337980 2.8984604 2.7057632 2.4416788 2.6497634 2.8451945 3.1116345 2.9204817 2.5721243 2.3106324 2.6929491 3.1726927 2.6363034 3.0720356 6.8459818 3.6519215 4.3056422 2.3468466 2.1887107 2.1707976 2.1587735 2.2419825 2.4260988 2.4676428 2.4454616 2.4210416 2.3864844 2.6481336 1.6837363 1.6777648 2.4586137 1.4288396 1.3155308 1.2640600 1.4210678 1.2461049 0.0000000 2.3621181 2.0047382 1.7130275 1.7404285 1.7315795 1.7289938 1.7087512 1.7982734 2.1712565 2.8511335 2.5298555 2.5165914 2.0881549 
Dicamptodontidae  2.8867421 2.9030209 3.0750841 3.0649690 2.7031226 2.8951215 3.2680488 3.0157142 2.9854284 2.8381674 2.9518863 2.7566397 3.5151306 2.8882076 3.6935484 4.7863263 5.6779674 4.4892092 2.6453470 2.4058726 2.4455519 2.1824735 2.3876880 2.6901845 2.5051036 2.6525957 2.6583872 2.5175541 2.8328786 1.9934341 1.8804458 2.6780283 2.0642905 2.1671792 2.1034533 2.2364402 1.9162764 2.3621181 0.0000000 1.5692288 1.1777936 1.2366759 1.1983942 1.1895048 1.1890485 1.2256524 1.8138082 2.7699786 2.2600999 2.2329566 2.2510962 
Alytidae          2.8572922 2.7894361 2.6826948 2.6412497 2.3129941 2.4700830 3.3340845 3.1548412 2.9035443 2.6503328 2.5863403 2.5636798 3.6639164 2.5417639 3.1035348 4.9847045 3.0569975 3.3915615 2.4124314 2.0958868 2.2074714 2.1317335 2.3364582 2.3836390 2.2666666 2.3103176 2.4086703 2.3172458 2.4399072 1.5890145 1.6071517 2.3793338 1.9092169 1.8382775 1.7036270 1.8921559 1.6373656 2.0047382 1.5692288 0.0000000 0.7831960 0.7945914 0.8140477 0.7133520 0.7115985 0.7804329 1.6509063 2.6503298 2.0161023 2.0681890 1.9054828 
Heleophrynidae    2.5874109 2.4599835 2.4342846 2.2769321 2.1299610 2.3030527 2.4724900 2.4079809 2.3386461 2.1786348 2.1389455 2.0701742 2.8848315 2.2750651 2.5901532 4.7139347 2.8531508 3.0745916 2.1010532 1.8145204 1.8733571 1.7643563 1.8544936 2.0572779 1.9899861 1.9284827 2.0034015 2.0655657 2.2818444 1.4339322 1.4612066 2.0349080 1.6653067 1.4755091 1.4202429 1.6155589 1.4077190 1.7130275 1.1777936 0.7831960 0.0000000 0.3334161 0.3366270 0.2740780 0.2862168 0.3225378 1.3797885 2.1651195 1.7368410 1.8114761 1.6052458 
Leptodactylidae   2.4705252 2.4627846 2.2574904 2.2554567 2.0678455 2.1529759 2.5129524 2.4328727 2.4018188 2.1859230 2.1721057 2.1721099 2.8322736 2.2098318 2.5786848 5.1170860 3.1777267 3.1359881 1.8741604 1.7100119 1.8591237 1.7854866 1.8461327 1.8911977 1.9679632 1.9112204 1.8522392 1.9646797 2.3641186 1.3822440 1.4046440 1.9644079 1.6341024 1.4787948 1.4119429 1.6233741 1.4105713 1.7404285 1.2366759 0.7945914 0.3334161 0.0000000 0.0848812 0.2778244 0.2839007 0.3294543 1.3503882 2.3573062 1.7803646 1.7680594 1.5455286 
Strabomantidae    2.5016085 2.4222840 2.3107043 2.3003565 2.1265635 2.2045424 2.5934607 2.4728008 2.4894629 2.1997758 2.1932852 2.1809572 2.8208641 2.2477733 2.6099144 5.0267258 3.0987052 3.1979661 1.9387736 1.8161724 1.9398796 1.8777205 1.9720667 2.0024632 2.0794386 2.0287748 1.9936146 2.0445375 2.4020515 1.4125334 1.4302023 2.0106322 1.6738429 1.4997176 1.4339588 1.6752456 1.4453898 1.7315795 1.1983942 0.8140477 0.3366270 0.0848812 0.0000000 0.2756112 0.2836320 0.3171818 1.3474385 2.3192573 1.8132559 1.7976499 1.5662362 
Micrixalidae      2.6484597 2.4812155 2.4216160 2.2356906 2.1516101 2.3130008 2.6813023 2.6508296 2.5253366 2.2304362 2.1128595 2.1422121 2.8703825 2.2160548 2.6644398 4.8431233 3.0694903 3.1318511 1.9220406 1.7382597 1.8832489 1.7758396 1.8938993 2.0172486 1.9693139 1.9560581 1.9295011 1.9902381 2.3519375 1.3701675 1.4128483 2.0093776 1.6770772 1.4510335 1.3813063 1.5909146 1.3567664 1.7289938 1.1895048 0.7133520 0.2740780 0.2778244 0.2756112 0.0000000 0.1478234 0.2012068 1.3284225 2.1105723 1.7915011 1.7573692 1.6003674 
Hemisotidae       2.5427448 2.4898837 2.5090062 2.3694563 2.0987099 2.2680170 2.5600296 2.5369722 2.4139185 2.1796540 2.1279428 2.1477589 2.9801449 2.2050612 2.5670160 4.9517838 2.9798853 3.2499783 2.0086287 1.7662191 1.8435405 1.8112591 1.9099414 2.0706472 2.0215252 1.9640899 2.0024133 2.0443198 2.3858206 1.3767348 1.3752983 1.9670486 1.6598139 1.4289399 1.3666892 1.5529382 1.2936809 1.7087512 1.1890485 0.7115985 0.2862168 0.2839007 0.2836320 0.1478234 0.0000000 0.2063075 1.3590153 2.0801069 1.6719489 1.7071850 1.5735412 
Asterophryidae    2.4754643 2.5151430 2.4964251 2.3525749 2.1961343 2.3656311 2.8078134 2.5923501 2.4845068 2.3980342 2.2971292 2.2421169 3.1014654 2.3354203 2.6277227 5.0715029 3.0581852 3.3376126 1.9891670 1.7978132 1.8715385 1.8389149 1.9230276 2.0394752 2.0878255 1.9676895 2.0479638 2.0855723 2.3155567 1.4582035 1.4429381 2.1291000 1.7173685 1.5232709 1.4176035 1.6410554 1.4179348 1.7982734 1.2256524 0.7804329 0.3225378 0.3294543 0.3171818 0.2012068 0.2063075 0.0000000 1.3441814 2.2988813 1.7350025 1.7729513 1.6472642 
Caeciliidae2      3.0274682 2.8286450 2.8268275 2.6817571 2.5128076 2.8266601 3.1561049 3.0941818 2.7998394 2.5593603 2.4072086 2.5054875 3.3796741 2.8616496 3.4449116 4.9553013 4.0053349 3.4545442 2.5712354 2.2844423 2.3166886 2.3423500 2.3679138 2.4749630 2.5134442 2.4439355 2.5314690 2.5363161 2.7091377 1.8020041 1.8088602 2.4369233 2.1087801 1.8879136 1.8254835 2.0670322 1.8784534 2.1712565 1.8138082 1.6509063 1.3797885 1.3503882 1.3474385 1.3284225 1.3590153 1.3441814 0.0000000 2.7844274 2.1730886 2.1678461 2.1247479 
Polypteriformes   4.8508498 3.4901711 3.6979818 4.0284785 3.8046652 3.4441292 4.6529067 3.4507038 3.7842261 3.3589248 3.2431343 3.3198812 4.2969142 3.5808316 3.7576723 4.1895102 6.4621529 4.7489731 3.0568270 2.9847541 3.2341012 2.6926732 2.8826181 3.0499073 3.1476029 3.3751212 3.0087345 2.8840762 3.8777450 2.4912716 2.6731788 2.9537346 2.5538201 2.5565802 2.3775683 2.4485238 2.2579021 2.8511335 2.7699786 2.6503298 2.1651195 2.3573062 2.3192573 2.1105723 2.0801069 2.2988813 2.7844274 0.0000000 2.2259631 2.1509250 2.1351712 
Channichthyidae   3.5650873 3.0638521 3.8538794 3.7049328 3.0082977 3.4625279 3.8320529 3.3644958 3.1236214 3.0263133 2.8436044 2.8739116 3.4864497 3.1842274 4.5367412 6.3600070 3.7427584 4.0389030 2.8237999 2.6798057 2.9039128 2.6133411 2.9169269 3.0707729 2.9619448 2.9003962 3.0355889 2.9191490 3.0799364 2.0870456 2.0396359 3.0008547 2.5741734 2.2489514 2.2770822 2.6502597 2.3307056 2.5298555 2.2600999 2.0161023 1.7368410 1.7803646 1.8132559 1.7915011 1.6719489 1.7350025 2.1730886 2.2259631 0.0000000 0.1294777 1.7828977 
Pseudaphritidae   3.7584740 3.1471567 3.7474517 3.6701330 3.0420643 3.4379644 4.0920320 3.3343635 3.1066482 2.9792499 2.8447467 2.8219607 3.5824166 3.2552905 4.1352941 5.8375296 3.6623243 4.0354370 2.8521213 2.6794388 3.0154127 2.6762479 2.9702008 3.1089432 2.9673189 2.9653134 3.1681781 2.9738430 3.0276518 2.1035690 2.0519500 2.9439514 2.4994280 2.2459954 2.2896856 2.6737410 2.3234486 2.5165914 2.2329566 2.0681890 1.8114761 1.7680594 1.7976499 1.7573692 1.7071850 1.7729513 2.1678461 2.1509250 0.1294777 0.0000000 1.7305248 
Carcharhinidae    3.8743907 3.5014694 3.2329539 3.2030548 3.0290465 2.8976749 3.1065981 3.3141707 3.2901484 3.0782478 2.6152863 2.7396635 3.4443259 3.3710387 3.4943924 9.0000000 4.4081307 4.3616819 2.5031412 2.3354524 2.5905520 2.5313102 2.5427616 2.5716124 2.4198547 2.5569289 2.5505611 2.5052452 3.1952050 1.8222280 1.8102926 2.6988937 2.1539951 2.0140084 1.8936949 2.1706516 1.8750719 2.0881549 2.2510962 1.9054828 1.6052458 1.5455286 1.5662362 1.6003674 1.5735412 1.6472642 2.1247479 2.1351712 1.7828977 1.7305248 0.0000000 
