51
Pitheciidae       0.0000000 0.5489695 0.5912005 0.5657488 0.5552967 0.6645326 0.7455867 0.7901413 0.7488730 0.7535684 0.8333864 0.8044341 0.6292711 0.6165652 0.5861833 1.2081366 1.3574229 1.5527876 4.3907241 4.4931439 3.3477217 3.3558612 4.1018765 4.2006552 3.4690934 3.1511200 3.6692065 4.7625832 3.0615102 2.6960694 2.9665583 2.2279282 2.5202779 2.6047400 3.2891117 3.4781018 2.6149417 2.9520819 1.9846898 1.9407937 2.1984733 2.1151758 2.0986091 2.4386431 2.3473146 2.1194233 1.8074011 2.1073280 3.2846526 3.0055317 4.1720601 
Scandentia        0.5489695 0.0000000 0.6787876 0.7445893 0.5772898 0.7332650 0.7965264 0.8885512 0.8545130 0.8404488 0.7790372 0.9414781 0.7390301 0.7245723 0.6820842 1.2487066 1.3304775 1.8340650 3.3822317 3.7367293 3.7498469 3.2898916 3.9209069 3.2528324 3.3851552 3.0789795 3.7987726 4.7358336 3.2815028 2.6198479 2.9852674 2.5417885 2.9062631 2.6264569 3.2188466 3.5476439 2.5907116 2.9067823 2.3307618 2.2138868 2.1538792 2.1871169 2.0648399 3.0018948 2.8082286 2.4934883 1.8676037 2.3011863 3.7838871 3.9481371 5.2482213 
Erethizontidae    0.5912005 0.6787876 0.0000000 0.2369117 0.5306787 0.5811433 0.8121268 0.8771259 0.7601079 0.9166804 0.8644549 0.9696631 0.7474554 0.7233770 0.6498297 1.4420198 1.5559860 2.1094229 4.0854988 3.4955190 4.6455556 3.1216227 4.1743266 3.1605786 4.0077969 2.8345300 3.4246009 4.3691857 3.1429045 2.9358013 2.7241084 2.1195643 3.6511534 2.5058676 3.2558079 3.2310478 2.9117743 3.3038461 2.2162345 2.4207008 2.3500725 2.2240669 2.1909779 2.6172774 2.9163380 2.4593653 1.7318897 2.5362179 3.3265896 3.2840779 3.7385052 
Capromyidae       0.5657488 0.7445893 0.2369117 0.0000000 0.5499629 0.6302539 0.8945685 0.8357310 0.7827509 0.9290411 0.9692723 0.9914795 0.6964389 0.7765653 0.7007114 1.4622317 1.5995293 1.8980387 4.0795932 4.1562324 4.6459035 2.9967285 3.6846239 3.1538383 3.9981671 2.8858127 3.4310763 4.8907030 3.1594412 2.8260910 2.8896142 2.3310779 3.5065850 2.8623646 3.6014302 3.2413388 2.5806182 3.4211184 2.2076707 2.1902500 2.2143378 2.1743165 2.1802770 2.4908866 2.7412733 2.3692849 1.8176993 2.6350992 3.2091620 3.1576220 3.9184299 
Muridae           0.5552967 0.5772898 0.5306787 0.5499629 0.0000000 0.5516633 0.7225130 0.7911381 0.7893376 0.7874981 0.9393789 0.9179819 0.6031685 0.7605106 0.6513032 1.2978624 1.4236788 1.9352644 4.0864255 7.3394881 6.3915538 4.5275511 4.3998029 4.8095703 5.7671383 4.5347168 5.1184917 8.9999985 3.8103734 2.6346820 3.0891845 2.2762912 2.9851798 2.6346081 3.7372338 3.1229744 2.3292954 3.7166416 2.2301430 1.8556142 2.4760925 2.3221811 2.2951959 2.6697533 2.4791635 2.3716436 1.8322382 2.1344442 3.4730526 3.5596791 4.2745430 
Castoridae        0.6645326 0.7332650 0.5811433 0.6302539 0.5516633 0.0000000 0.8526083 0.9658497 0.8376931 0.9143138 0.9725614 0.9263529 0.7151715 0.8106946 0.7573800 1.4312897 1.4847344 2.1173548 5.0856761 4.6174131 5.2946995 5.0945798 5.7256978 4.2966609 4.1862364 3.5930106 4.2713154 8.9999980 4.5192144 2.4381297 3.2342677 2.4162466 3.5489648 3.0267189 4.3002853 3.9302084 2.6409836 3.7184733 2.3136181 2.0305851 2.2865101 2.1671208 2.0978819 2.4820456 2.4699551 2.1859929 1.9956198 2.1598208 3.9347231 3.3414148 3.3357851 
Suidae            0.7455867 0.7965264 0.8121268 0.8945685 0.7225130 0.8526083 0.0000000 0.5778240 0.4918238 0.7981794 0.8086508 0.9107242 0.6537872 0.7062119 0.7977953 1.3536158 1.4537354 1.8078642 8.9999989 4.7782683 4.5050866 4.6271940 5.1165947 4.9486352 4.7865009 3.9775284 4.6402176 8.9999984 3.2949886 2.7338421 4.0221476 2.5584323 2.8091132 2.7655397 3.3909347 4.1973712 2.7773651 2.5875974 2.3580980 2.3178509 2.0992761 2.4021410 2.2052013 2.8779164 2.5163756 2.6872162 1.9835740 1.9979255 3.4013681 3.2952396 3.2604506 
Hippopotamidae    0.7901413 0.8885512 0.8771259 0.8357310 0.7911381 0.9658497 0.5778240 0.0000000 0.5061360 0.8499331 0.9233899 1.0521030 0.7818650 0.8256934 0.7927940 1.7749951 1.8374758 2.2316975 6.3381709 3.7517347 4.2981941 4.1592964 4.3112980 4.4155355 4.3103822 3.8273662 4.9370113 8.9999980 3.5243932 3.1016930 4.1828549 2.4564733 3.3320416 2.6891798 3.3860281 3.6795096 3.1134721 3.1742228 2.2515326 2.0350573 2.2367919 2.2478003 2.1703168 2.7342141 2.4409729 2.3621962 1.7151856 2.1314583 3.8169134 3.8184784 3.3845855 
Hyperoodontidae   0.7488730 0.8545130 0.7601079 0.7827509 0.7893376 0.8376931 0.4918238 0.5061360 0.0000000 0.8049426 0.9410565 1.0052204 0.6614650 0.7491688 0.6782729 1.6138651 1.6420018 1.9660101 4.9276703 3.3563474 3.0425153 3.0082044 3.0984363 3.5422147 3.9191290 3.2616611 3.3984731 5.0702638 3.6944884 2.9651924 4.6367985 2.2693607 3.4645943 2.9317303 4.2017815 3.6796271 2.8131723 3.2522733 2.5583515 2.3959603 2.4043327 2.5428444 2.2815386 3.3383314 2.7327003 2.6675092 1.8520982 2.3197362 3.3651374 3.4916066 3.7015315 
Vespertilionidae  0.7535684 0.8404488 0.9166804 0.9290411 0.7874981 0.9143138 0.7981794 0.8499331 0.8049426 0.0000000 0.5739327 0.7415621 0.7481954 0.7505039 0.8851870 1.6294560 1.6422575 1.9482760 4.9401647 3.5847894 4.0785346 3.1467190 3.5843542 4.0023857 4.0758287 3.2235396 3.1235446 6.7110599 3.7879644 3.0470777 3.4411723 2.1506439 4.0870187 2.7878305 3.8464836 4.2168572 2.3072684 2.6608096 2.2205740 2.1844699 2.5257137 2.2739518 2.2160754 2.4611007 2.5152517 2.3926822 1.7361983 1.8248487 3.1734182 2.9755431 4.4078798 
Furipteridae      0.8333864 0.7790372 0.8644549 0.9692723 0.9393789 0.9725614 0.8086508 0.9233899 0.9410565 0.5739327 0.0000000 0.8161397 0.7327097 0.7185038 0.9188883 1.9216453 1.9422523 2.1783628 4.9207966 4.0886524 3.7297034 4.1804929 5.1071370 4.0002213 3.6003920 3.2874439 4.1672597 5.4704259 4.6697951 3.2132134 3.3177938 2.1704824 3.1919570 2.3046658 2.8151798 3.8519760 2.4702864 2.8994477 2.4457189 2.4536584 2.4381656 2.4996848 2.3149120 2.7104749 2.7748202 2.6794068 1.7973581 1.7529149 3.5338322 3.3735226 4.2027381 
Rhinolophidae     0.8044341 0.9414781 0.9696631 0.9914795 0.9179819 0.9263529 0.9107242 1.0521030 1.0052204 0.7415621 0.8161397 0.0000000 0.8394054 0.8387227 0.8238127 1.5653381 1.9924948 2.2365763 5.4723688 4.6156787 4.6569604 4.7694280 3.9794087 5.5013306 4.2039002 3.7315478 4.5127299 8.9999985 4.0629129 2.7080298 2.9870914 2.4465200 3.7991739 2.8907003 3.4145506 3.4788520 2.8979931 2.7983055 2.2543269 2.3470644 2.4184870 2.5056846 2.3687950 2.8301280 2.8129548 2.5686717 1.8948829 2.1733978 3.4453231 2.9819616 3.7555761 
Viverridae        0.6292711 0.7390301 0.7474554 0.6964389 0.6031685 0.7151715 0.6537872 0.7818650 0.6614650 0.7481954 0.7327097 0.8394054 0.0000000 0.4662604 0.6630432 1.5901072 1.6152776 1.9301064 5.7138654 4.2760370 4.5209491 3.6505258 4.2876768 4.4053086 4.7785970 3.0599077 3.8086855 7.9987634 4.4054201 3.4165980 4.1643421 2.3167707 3.2922611 2.8465662 4.9478430 3.8481897 2.8192593 2.9940692 2.3403581 2.4849283 2.4282098 2.5482733 2.3440226 2.9926943 2.9840221 2.4521581 1.9341891 2.1573638 3.1019938 2.8719692 3.9892040 
Procyonidae       0.6165652 0.7245723 0.7233770 0.7765653 0.7605106 0.8106946 0.7062119 0.8256934 0.7491688 0.7505039 0.7185038 0.8387227 0.4662604 0.0000000 0.6278887 1.5602126 1.4696900 2.0294108 4.3991718 3.8829212 4.0864411 3.9858995 5.0918172 5.7357812 4.2799370 3.3486559 4.3812283 8.9999988 3.9893061 3.0819586 4.1664491 2.7738853 3.1862223 2.8612654 4.2007943 3.8324550 2.5883416 2.8672606 2.5033070 2.5251787 2.5367075 2.5385029 2.3227223 2.4253678 2.7426086 2.3048147 2.1327326 2.1405786 2.8906494 2.6291198 3.4044021 
Myrmecophagidae   0.5861833 0.6820842 0.6498297 0.7007114 0.6513032 0.7573800 0.7977953 0.7927940 0.6782729 0.8851870 0.9188883 0.8238127 0.6630432 0.6278887 0.0000000 1.4192632 1.4478699 1.6457459 3.9084843 4.6187156 3.1543426 3.0833301 3.5265258 3.9122505 3.6873034 3.4597414 4.0924352 4.3481607 3.4822017 2.5156384 2.8853055 2.1102329 3.0178588 2.6473434 3.1898399 3.3792404 2.6923125 2.6896802 2.3769750 2.2378223 2.4314587 2.2434580 2.2216289 2.7035143 2.6886272 2.4136593 1.8475509 2.1338614 3.3464868 2.7811350 4.5068408 
Caluromyidae      1.2081366 1.2487066 1.4420198 1.4622317 1.2978624 1.4312897 1.3536158 1.7749951 1.6138651 1.6294560 1.9216453 1.5653381 1.5901072 1.5602126 1.4192632 0.0000000 0.7547144 0.8559962 5.2701223 5.0538478 4.2588537 3.7082210 3.2044928 3.0465349 3.3362511 3.6415742 4.6226381 8.9999989 4.6682760 3.2951121 3.3505698 2.3521321 3.0872838 2.4892072 3.5065475 2.7638526 2.9462915 3.7852035 2.1188405 2.5521832 2.1327233 2.0063075 1.7965838 2.4961800 2.4079184 2.1512734 1.9998508 2.1064552 3.0775121 2.7708605 3.4818054 
Thylacomyidae     1.3574229 1.3304775 1.5559860 1.5995293 1.4236788 1.4847344 1.4537354 1.8374758 1.6420018 1.6422575 1.9422523 1.9924948 1.6152776 1.4696900 1.4478699 0.7547144 0.0000000 0.8756593 5.2893927 5.9966261 5.4982592 4.9495493 4.0961637 3.6451187 3.2075177 4.1723343 5.7433463 5.0743981 3.7035550 3.7243079 3.2688034 2.9270280 2.9830477 2.5601007 3.5484914 3.5111684 3.2518293 5.2838470 2.7315565 2.6787953 2.6713636 2.1528352 1.9848762 2.9364217 2.7502614 2.4520333 2.3254505 2.2664866 3.1332805 3.1102919 3.8044948 
Phalangeridae     1.5527876 1.8340650 2.1094229 1.8980387 1.9352644 2.1173548 1.8078642 2.2316975 1.9660101 1.9482760 2.1783628 2.2365763 1.9301064 2.0294108 1.6457459 0.8559962 0.8756593 0.0000000 8.9999981 4.5170976 4.7654413 4.4151506 4.2642177 4.3916259 3.7426222 7.2979407 8.9999985 8.0576174 3.8072097 4.7870960 3.5092721 3.2346608 4.0793380 2.6952812 9.0000000 3.8027659 3.8847700 4.9335079 2.4672105 3.4802344 2.7824398 2.6703638 2.3419781 3.3983771 3.5659372 3.0404486 2.4985068 2.2418247 3.6793534 3.1780771 5.3126663 
Tityridae         4.3907241 3.3822317 4.0854988 4.0795932 4.0864255 5.0856761 8.9999989 6.3381709 4.9276703 4.9401647 4.9207966 5.4723688 5.7138654 4.3991718 3.9084843 5.2701223 5.2893927 8.9999981 0.0000000 2.5725546 3.1651405 2.3971766 2.6829574 2.4335647 2.6922510 2.9416777 2.9116239 2.5750650 4.1800221 3.7015837 4.3826825 3.5185914 5.0570941 4.6433653 4.3781970 3.8238588 5.1013756 4.3884566 3.6200579 3.7353149 3.5195092 3.9358814 4.3034435 3.5033848 3.2253283 3.4872135 4.3969398 5.7043798 4.9474269 5.2704907 5.7283480 
Ptilonorhynchidae 4.4931439 3.7367293 3.4955190 4.1562324 7.3394881 4.6174131 4.7782683 3.7517347 3.3563474 3.5847894 4.0886524 4.6156787 4.2760370 3.8829212 4.6187156 5.0538478 5.9966261 4.5170976 2.5725546 0.0000000 1.6888703 1.4193605 1.5968814 1.3554019 1.3892283 1.4295090 1.5322041 1.8902228 3.3450079 8.9999988 3.5838745 3.1922005 5.6885654 4.1198269 4.8050899 4.7780605 7.2616239 3.8739654 3.2575161 3.3933514 3.4214411 4.3985312 4.4008083 5.0780677 4.3657769 3.5764631 4.5088055 5.0789624 4.2799240 4.2765655 4.2574504 
Callaeatidae      3.3477217 3.7498469 4.6455556 4.6459035 6.3915538 5.2946995 4.5050866 4.2981941 3.0425153 4.0785346 3.7297034 4.6569604 4.5209491 4.0864411 3.1543426 4.2588537 5.4982592 4.7654413 3.1651405 1.6888703 0.0000000 1.1932159 1.1715120 1.1702250 0.9452621 1.0364704 1.1473428 1.1479772 3.0756462 3.8397860 8.9999987 4.0952130 3.9399563 8.9999984 5.5230068 8.2874485 6.3508507 3.6145145 3.2548996 3.7120741 3.7237455 3.5373280 3.8517056 4.0797069 4.1725005 3.7120916 3.9131333 4.2851347 3.7446033 3.7579610 6.8048586 
Monarchidae       3.3558612 3.2898916 3.1216227 2.9967285 4.5275511 5.0945798 4.6271940 4.1592964 3.0082044 3.1467190 4.1804929 4.7694280 3.6505258 3.9858995 3.0833301 3.7082210 4.9495493 4.4151506 2.3971766 1.4193605 1.1932159 0.0000000 0.9257764 1.2201749 1.1502356 1.1517779 1.2213475 1.3464986 3.1584359 4.2953359 4.6563127 3.1342782 4.7818030 8.9999987 4.9640189 6.3808691 6.0183054 4.9359988 3.3753040 3.5238484 2.9419438 3.0264663 3.0412999 3.2382048 3.7237643 2.9707191 3.2123185 3.0205104 3.6523263 4.3877982 4.6839978 
Malaconotidae     4.1018765 3.9209069 4.1743266 3.6846239 4.3998029 5.7256978 5.1165947 4.3112980 3.0984363 3.5843542 5.1071370 3.9794087 4.2876768 5.0918172 3.5265258 3.2044928 4.0961637 4.2642177 2.6829574 1.5968814 1.1715120 0.9257764 0.0000000 1.1462945 1.1716413 1.1408304 1.1642808 1.3188052 3.5792441 4.3901704 4.7797296 3.8791517 3.8135708 4.8059233 4.7887776 8.9999990 4.9460168 5.1120972 4.0393519 4.0192986 4.0882795 3.5498530 3.6922108 4.7874654 4.1814143 4.5286305 3.3295183 3.9018258 3.4169720 3.4804907 4.8009966 
Certhiidae        4.2006552 3.2528324 3.1605786 3.1538383 4.8095703 4.2966609 4.9486352 4.4155355 3.5422147 4.0023857 4.0002213 5.5013306 4.4053086 5.7357812 3.9122505 3.0465349 3.6451187 4.3916259 2.4335647 1.3554019 1.1702250 1.2201749 1.1462945 0.0000000 0.9037172 0.8471096 0.9031810 1.1298616 3.2601596 6.0041146 4.6326493 3.5330831 5.0844412 3.6616737 3.3783487 4.1934734 4.2969062 4.9355885 3.5056372 3.6383100 3.5056034 3.3222044 3.6091676 3.9568463 4.5026370 3.9697403 3.1810880 4.0231750 3.9700511 3.8203321 5.7599806 
Cinclidae         3.4690934 3.3851552 4.0077969 3.9981671 5.7671383 4.1862364 4.7865009 4.3103822 3.9191290 4.0758287 3.6003920 4.2039002 4.7785970 4.2799370 3.6873034 3.3362511 3.2075177 3.7426222 2.6922510 1.3892283 0.9452621 1.1502356 1.1716413 0.9037172 0.0000000 0.8621492 0.9520656 0.9482209 2.7570374 4.6421062 4.5235416 4.0636660 3.9748946 5.5060154 4.5314143 6.0340848 4.1615416 3.6321248 3.4249823 3.6848411 3.0854225 2.9793752 3.1940756 3.4210931 3.5007668 3.1581414 3.1264124 3.2634728 5.5031607 5.4795155 5.4993102 
Ploceidae         3.1511200 3.0789795 2.8345300 2.8858127 4.5347168 3.5930106 3.9775284 3.8273662 3.2616611 3.2235396 3.2874439 3.7315478 3.0599077 3.3486559 3.4597414 3.6415742 4.1723343 7.2979407 2.9416777 1.4295090 1.0364704 1.1517779 1.1408304 0.8471096 0.8621492 0.0000000 0.5795968 1.0745578 4.1452294 5.9601076 4.9157276 2.9387191 3.8493376 4.9297608 3.9578204 4.6146858 3.7215867 3.3858712 3.3899884 3.3675379 3.1371171 3.0727294 3.3245705 3.6601728 3.8968930 3.3699179 2.9856499 4.1879350 4.1473130 4.6380671 4.9146285 
Thraupidae        3.6692065 3.7987726 3.4246009 3.4310763 5.1184917 4.2713154 4.6402176 4.9370113 3.3984731 3.1235446 4.1672597 4.5127299 3.8086855 4.3812283 4.0924352 4.6226381 5.7433463 8.9999985 2.9116239 1.5322041 1.1473428 1.2213475 1.1642808 0.9031810 0.9520656 0.5795968 0.0000000 1.2831983 3.9883828 6.7428612 4.6492490 3.3144860 3.5829819 8.9999982 4.6556951 6.3655846 5.1097502 3.9979381 3.4803614 3.9358733 4.1980977 3.9000479 4.5271697 4.4011986 4.7884283 4.3869659 3.8494016 3.7219119 3.7921175 3.8244333 7.3773907 
Alaudidae         4.7625832 4.7358336 4.3691857 4.8907030 8.9999985 8.9999980 8.9999984 8.9999980 5.0702638 6.7110599 5.4704259 8.9999985 7.9987634 8.9999988 4.3481607 8.9999989 5.0743981 8.0576174 2.5750650 1.8902228 1.1479772 1.3464986 1.3188052 1.1298616 0.9482209 1.0745578 1.2831983 0.0000000 2.9069646 3.9732654 4.7405845 5.4390180 4.6333585 4.0776332 3.7618283 5.4648634 7.2044936 3.7278422 3.4525149 4.1707249 4.2605094 3.8390751 4.1823788 4.2617350 4.3577284 3.8676123 3.2906178 5.9399641 8.9999986 5.4634168 9.0000000 
Coraciiformes     3.0615102 3.2815028 3.1429045 3.1594412 3.8103734 4.5192144 3.2949886 3.5243932 3.6944884 3.7879644 4.6697951 4.0629129 4.4054201 3.9893061 3.4822017 4.6682760 3.7035550 3.8072097 4.1800221 3.3450079 3.0756462 3.1584359 3.5792441 3.2601596 2.7570374 4.1452294 3.9883828 2.9069646 0.0000000 3.4258325 3.1096126 3.1062795 3.1917439 6.4149001 7.5021250 4.3975944 3.2215125 4.6604091 2.8299672 3.4768138 3.0690628 3.0282027 2.9372320 3.8358639 4.1000461 3.3952367 2.9697940 4.1887195 3.3031514 3.2945587 8.9999985 
Crocodylidae      2.6960694 2.6198479 2.9358013 2.8260910 2.6346820 2.4381297 2.7338421 3.1016930 2.9651924 3.0470777 3.2132134 2.7080298 3.4165980 3.0819586 2.5156384 3.2951121 3.7243079 4.7870960 3.7015837 8.9999988 3.8397860 4.2953359 4.3901704 6.0041146 4.6421062 5.9601076 6.7428612 3.9732654 3.4258325 0.0000000 2.3771581 2.5547632 2.9131951 2.9739928 3.2973521 4.2670421 2.5373121 3.0114611 2.4255616 3.1596092 2.7103986 2.7488419 2.6566192 3.0626994 3.0935017 2.7356123 2.7667279 2.7578758 5.1133135 5.0924069 5.4960136 
Carettochelyidae  2.9665583 2.9852674 2.7241084 2.8896142 3.0891845 3.2342677 4.0221476 4.1828549 4.6367985 3.4411723 3.3177938 2.9870914 4.1643421 4.1664491 2.8853055 3.3505698 3.2688034 3.5092721 4.3826825 3.5838745 8.9999987 4.6563127 4.7797296 4.6326493 4.5235416 4.9157276 4.6492490 4.7405845 3.1096126 2.3771581 0.0000000 1.6435026 2.7462289 2.4528700 3.0164820 3.6161773 2.2802843 3.2376541 2.5025737 2.7572222 2.5498241 2.4187014 2.4024681 3.0221189 3.2148696 3.0576406 2.3202745 2.5055078 2.7069716 2.6874095 4.6267832 
Kinosternidae     2.2279282 2.5417885 2.1195643 2.3310779 2.2762912 2.4162466 2.5584323 2.4564733 2.2693607 2.1506439 2.1704824 2.4465200 2.3167707 2.7738853 2.1102329 2.3521321 2.9270280 3.2346608 3.5185914 3.1922005 4.0952130 3.1342782 3.8791517 3.5330831 4.0636660 2.9387191 3.3144860 5.4390180 3.1062795 2.5547632 1.6435026 0.0000000 2.6175074 2.4718389 3.1466907 2.8535767 2.3649030 2.4981991 2.3392171 2.0965569 1.9949810 1.7714961 1.8198985 2.0880961 2.3504206 2.1769387 1.7224371 2.1404088 3.1841322 3.3631259 4.1759684 
Anomalepididae    2.5202779 2.9062631 3.6511534 3.5065850 2.9851798 3.5489648 2.8091132 3.3320416 3.4645943 4.0870187 3.1919570 3.7991739 3.2922611 3.1862223 3.0178588 3.0872838 2.9830477 4.0793380 5.0570941 5.6885654 3.9399563 4.7818030 3.8135708 5.0844412 3.9748946 3.8493376 3.5829819 4.6333585 3.1917439 2.9131951 2.7462289 2.6175074 0.0000000 2.1435614 2.1989586 2.6304946 2.3985437 2.7059336 3.2033574 2.5671316 2.5042936 2.1737153 2.2020116 2.1958633 2.1771663 2.5061772 2.2697402 2.7292461 4.5177166 3.7359770 5.0866876 
Loxocemidae       2.6047400 2.6264569 2.5058676 2.8623646 2.6346081 3.0267189 2.7655397 2.6891798 2.9317303 2.7878305 2.3046658 2.8907003 2.8465662 2.8612654 2.6473434 2.4892072 2.5601007 2.6952812 4.6433653 4.1198269 8.9999984 8.9999987 4.8059233 3.6616737 5.5060154 4.9297608 8.9999982 4.0776332 6.4149001 2.9739928 2.4528700 2.4718389 2.1435614 0.0000000 1.2128452 2.3143131 1.7640976 3.0397336 3.0373592 2.8819450 2.6316462 2.6291979 2.4522351 2.3455406 2.9720413 2.5972505 2.0705851 2.1058764 3.4098557 2.9138228 4.9844685 
Natricidae        3.2891117 3.2188466 3.2558079 3.6014302 3.7372338 4.3002853 3.3909347 3.3860281 4.2017815 3.8464836 2.8151798 3.4145506 4.9478430 4.2007943 3.1898399 3.5065475 3.5484914 9.0000000 4.3781970 4.8050899 5.5230068 4.9640189 4.7887776 3.3783487 4.5314143 3.9578204 4.6556951 3.7618283 7.5021250 3.2973521 3.0164820 3.1466907 2.1989586 1.2128452 0.0000000 2.6001642 2.0182944 3.3679778 3.2540581 3.2144633 2.8308233 2.8592147 3.1409344 2.5661783 2.7055850 2.9919925 2.7848767 2.3052899 5.3348891 3.5131379 3.1718370 
Xenosauridae      3.4781018 3.5476439 3.2310478 3.2413388 3.1229744 3.9302084 4.1973712 3.6795096 3.6796271 4.2168572 3.8519760 3.4788520 3.8481897 3.8324550 3.3792404 2.7638526 3.5111684 3.8027659 3.8238588 4.7780605 8.2874485 6.3808691 8.9999990 4.1934734 6.0340848 4.6146858 6.3655846 5.4648634 4.3975944 4.2670421 3.6161773 2.8535767 2.6304946 2.3143131 2.6001642 0.0000000 2.5134015 3.3641891 3.2737933 3.0125615 2.7421190 2.7809725 2.6784628 2.6111456 3.0625018 2.9718373 2.4540248 3.6589418 3.8336884 3.8341220 4.1929533 
Teiidae           2.6149417 2.5907116 2.9117743 2.5806182 2.3292954 2.6409836 2.7773651 3.1134721 2.8131723 2.3072684 2.4702864 2.8979931 2.8192593 2.5883416 2.6923125 2.9462915 3.2518293 3.8847700 5.1013756 7.2616239 6.3508507 6.0183054 4.9460168 4.2969062 4.1615416 3.7215867 5.1097502 7.2044936 3.2215125 2.5373121 2.2802843 2.3649030 2.3985437 1.7640976 2.0182944 2.5134015 0.0000000 2.2687621 2.9348194 2.4604341 2.7096723 2.1391020 2.1446472 2.2825999 2.7649580 2.6381062 2.2395525 2.3500571 4.0671711 3.8570644 3.7394742 
Eublepharidae     2.9520819 2.9067823 3.3038461 3.4211184 3.7166416 3.7184733 2.5875974 3.1742228 3.2522733 2.6608096 2.8994477 2.7983055 2.9940692 2.8672606 2.6896802 3.7852035 5.2838470 4.9335079 4.3884566 3.8739654 3.6145145 4.9359988 5.1120972 4.9355885 3.6321248 3.3858712 3.9979381 3.7278422 4.6604091 3.0114611 3.2376541 2.4981991 2.7059336 3.0397336 3.3679778 3.3641891 2.2687621 0.0000000 3.7902304 2.9177595 2.1482137 2.5809810 2.3388904 3.0407963 3.3175441 2.5285263 2.3428302 3.0811246 7.3776432 4.9404613 5.2996967 
Dicamptodontidae  1.9846898 2.3307618 2.2162345 2.2076707 2.2301430 2.3136181 2.3580980 2.2515326 2.5583515 2.2205740 2.4457189 2.2543269 2.3403581 2.5033070 2.3769750 2.1188405 2.7315565 2.4672105 3.6200579 3.2575161 3.2548996 3.3753040 4.0393519 3.5056372 3.4249823 3.3899884 3.4803614 3.4525149 2.8299672 2.4255616 2.5025737 2.3392171 3.2033574 3.0373592 3.2540581 3.2737933 2.9348194 3.7902304 0.0000000 1.3474851 1.1513308 1.1604276 1.1582472 1.4365188 1.3381621 1.2857054 1.4494718 2.0568857 2.6449471 2.8536298 4.9280281 
Alytidae          1.9407937 2.2138868 2.4207008 2.1902500 1.8556142 2.0305851 2.3178509 2.0350573 2.3959603 2.1844699 2.4536584 2.3470644 2.4849283 2.5251787 2.2378223 2.5521832 2.6787953 3.4802344 3.7353149 3.3933514 3.7120741 3.5238484 4.0192986 3.6383100 3.6848411 3.3675379 3.9358733 4.1707249 3.4768138 3.1596092 2.7572222 2.0965569 2.5671316 2.8819450 3.2144633 3.0125615 2.4604341 2.9177595 1.3474851 0.0000000 1.1116602 0.9333330 0.9566308 1.2729704 1.1959084 1.1838652 1.1941135 1.8277826 3.2355288 4.0845760 2.6486022 
Heleophrynidae    2.1984733 2.1538792 2.3500725 2.2143378 2.4760925 2.2865101 2.0992761 2.2367919 2.4043327 2.5257137 2.4381656 2.4184870 2.4282098 2.5367075 2.4314587 2.1327233 2.6713636 2.7824398 3.5195092 3.4214411 3.7237455 2.9419438 4.0882795 3.5056034 3.0854225 3.1371171 4.1980977 4.2605094 3.0690628 2.7103986 2.5498241 1.9949810 2.5042936 2.6316462 2.8308233 2.7421190 2.7096723 2.1482137 1.1513308 1.1116602 0.0000000 0.5987674 0.6418655 0.8662720 0.8169207 0.6645053 1.2689416 1.8465340 2.3979113 2.9115994 3.2183520 
Leptodactylidae   2.1151758 2.1871169 2.2240669 2.1743165 2.3221811 2.1671208 2.4021410 2.2478003 2.5428444 2.2739518 2.4996848 2.5056846 2.5482733 2.5385029 2.2434580 2.0063075 2.1528352 2.6703638 3.9358814 4.3985312 3.5373280 3.0264663 3.5498530 3.3222044 2.9793752 3.0727294 3.9000479 3.8390751 3.0282027 2.7488419 2.4187014 1.7714961 2.1737153 2.6291979 2.8592147 2.7809725 2.1391020 2.5809810 1.1604276 0.9333330 0.5987674 0.0000000 0.1201851 0.5764222 0.5802985 0.4624297 0.9208076 1.6883319 2.0428178 2.6787026 2.8199587 
Strabomantidae    2.0986091 2.0648399 2.1909779 2.1802770 2.2951959 2.0978819 2.2052013 2.1703168 2.2815386 2.2160754 2.3149120 2.3687950 2.3440226 2.3227223 2.2216289 1.7965838 1.9848762 2.3419781 4.3034435 4.4008083 3.8517056 3.0412999 3.6922108 3.6091676 3.1940756 3.3245705 4.5271697 4.1823788 2.9372320 2.6566192 2.4024681 1.8198985 2.2020116 2.4522351 3.1409344 2.6784628 2.1446472 2.3388904 1.1582472 0.9566308 0.6418655 0.1201851 0.0000000 0.6198853 0.6108749 0.5206390 0.8737786 1.6509043 2.1086937 2.7486904 2.6725567 
Micrixalidae      2.4386431 3.0018948 2.6172774 2.4908866 2.6697533 2.4820456 2.8779164 2.7342141 3.3383314 2.4611007 2.7104749 2.8301280 2.9926943 2.4253678 2.7035143 2.4961800 2.9364217 3.3983771 3.5033848 5.0780677 4.0797069 3.2382048 4.7874654 3.9568463 3.4210931 3.6601728 4.4011986 4.2617350 3.8358639 3.0626994 3.0221189 2.0880961 2.1958633 2.3455406 2.5661783 2.6111456 2.2825999 3.0407963 1.4365188 1.2729704 0.8662720 0.5764222 0.6198853 0.0000000 0.6360926 0.5612955 1.3127890 1.9762562 2.6034260 2.7339527 3.1247250 
Hemisotidae       2.3473146 2.8082286 2.9163380 2.7412733 2.4791635 2.4699551 2.5163756 2.4409729 2.7327003 2.5152517 2.7748202 2.8129548 2.9840221 2.7426086 2.6886272 2.4079184 2.7502614 3.5659372 3.2253283 4.3657769 4.1725005 3.7237643 4.1814143 4.5026370 3.5007668 3.8968930 4.7884283 4.3577284 4.1000461 3.0935017 3.2148696 2.3504206 2.1771663 2.9720413 2.7055850 3.0625018 2.7649580 3.3175441 1.3381621 1.1959084 0.8169207 0.5802985 0.6108749 0.6360926 0.0000000 0.5880764 1.3280335 2.1657286 2.3637400 3.1796825 2.7772269 
Asterophryidae    2.1194233 2.4934883 2.4593653 2.3692849 2.3716436 2.1859929 2.6872162 2.3621962 2.6675092 2.3926822 2.6794068 2.5686717 2.4521581 2.3048147 2.4136593 2.1512734 2.4520333 3.0404486 3.4872135 3.5764631 3.7120916 2.9707191 4.5286305 3.9697403 3.1581414 3.3699179 4.3869659 3.8676123 3.3952367 2.7356123 3.0576406 2.1769387 2.5061772 2.5972505 2.9919925 2.9718373 2.6381062 2.5285263 1.2857054 1.1838652 0.6645053 0.4624297 0.5206390 0.5612955 0.5880764 0.0000000 1.2065354 1.7714851 2.1356179 2.9309362 3.0343565 
Caeciliidae2      1.8074011 1.8676037 1.7318897 1.8176993 1.8322382 1.9956198 1.9835740 1.7151856 1.8520982 1.7361983 1.7973581 1.8948829 1.9341891 2.1327326 1.8475509 1.9998508 2.3254505 2.4985068 4.3969398 4.5088055 3.9131333 3.2123185 3.3295183 3.1810880 3.1264124 2.9856499 3.8494016 3.2906178 2.9697940 2.7667279 2.3202745 1.7224371 2.2697402 2.0705851 2.7848767 2.4540248 2.2395525 2.3428302 1.4494718 1.1941135 1.2689416 0.9208076 0.8737786 1.3127890 1.3280335 1.2065354 0.0000000 1.4376622 2.6994116 2.9409683 2.8350783 
Polypteriformes   2.1073280 2.3011863 2.5362179 2.6350992 2.1344442 2.1598208 1.9979255 2.1314583 2.3197362 1.8248487 1.7529149 2.1733978 2.1573638 2.1405786 2.1338614 2.1064552 2.2664866 2.2418247 5.7043798 5.0789624 4.2851347 3.0205104 3.9018258 4.0231750 3.2634728 4.1879350 3.7219119 5.9399641 4.1887195 2.7578758 2.5055078 2.1404088 2.7292461 2.1058764 2.3052899 3.6589418 2.3500571 3.0811246 2.0568857 1.8277826 1.8465340 1.6883319 1.6509043 1.9762562 2.1657286 1.7714851 1.4376622 0.0000000 1.9948469 1.9592402 2.2759287 
Channichthyidae   3.2846526 3.7838871 3.3265896 3.2091620 3.4730526 3.9347231 3.4013681 3.8169134 3.3651374 3.1734182 3.5338322 3.4453231 3.1019938 2.8906494 3.3464868 3.0775121 3.1332805 3.6793534 4.9474269 4.2799240 3.7446033 3.6523263 3.4169720 3.9700511 5.5031607 4.1473130 3.7921175 8.9999986 3.3031514 5.1133135 2.7069716 3.1841322 4.5177166 3.4098557 5.3348891 3.8336884 4.0671711 7.3776432 2.6449471 3.2355288 2.3979113 2.0428178 2.1086937 2.6034260 2.3637400 2.1356179 2.6994116 1.9948469 0.0000000 0.5890002 3.3740090 
Pseudaphritidae   3.0055317 3.9481371 3.2840779 3.1576220 3.5596791 3.3414148 3.2952396 3.8184784 3.4916066 2.9755431 3.3735226 2.9819616 2.8719692 2.6291198 2.7811350 2.7708605 3.1102919 3.1780771 5.2704907 4.2765655 3.7579610 4.3877982 3.4804907 3.8203321 5.4795155 4.6380671 3.8244333 5.4634168 3.2945587 5.0924069 2.6874095 3.3631259 3.7359770 2.9138228 3.5131379 3.8341220 3.8570644 4.9404613 2.8536298 4.0845760 2.9115994 2.6787026 2.7486904 2.7339527 3.1796825 2.9309362 2.9409683 1.9592402 0.5890002 0.0000000 3.6369915 
Carcharhinidae    4.1720601 5.2482213 3.7385052 3.9184299 4.2745430 3.3357851 3.2604506 3.3845855 3.7015315 4.4078798 4.2027381 3.7555761 3.9892040 3.4044021 4.5068408 3.4818054 3.8044948 5.3126663 5.7283480 4.2574504 6.8048586 4.6839978 4.8009966 5.7599806 5.4993102 4.9146285 7.3773907 9.0000000 8.9999985 5.4960136 4.6267832 4.1759684 5.0866876 4.9844685 3.1718370 4.1929533 3.7394742 5.2996967 4.9280281 2.6486022 3.2183520 2.8199587 2.6725567 3.1247250 2.7772269 3.0343565 2.8350783 2.2759287 3.3740090 3.6369915 0.0000000 
