51
Pitheciidae       0.0000000 0.4799440 0.4978445 0.4894328 0.4258047 0.5280883 0.6641192 0.5834611 0.5768470 0.6675247 0.7272072 0.6260791 0.6141728 0.6477968 0.5529268 1.1335405 1.0156038 1.0690044 1.6513562 1.6038637 1.6168585 1.6361888 1.6510045 1.6780009 1.5848073 1.5933228 1.6051647 1.7110415 1.7160820 1.3604170 1.5284404 1.3172554 1.5903108 1.5815199 1.5629184 1.5655113 1.5624096 1.4570500 1.7522167 2.2879765 1.6542275 1.6844066 1.7708179 1.5979701 1.6084530 1.5921267 1.4529560 1.8088897 2.5507299 2.5992357 2.6357017 
Scandentia        0.4799440 0.0000000 0.4137219 0.4424034 0.3550052 0.4685947 0.6524109 0.5493742 0.5306079 0.6464634 0.7131389 0.6225981 0.5883517 0.6370284 0.4884176 1.0298277 0.9622069 1.0073280 1.6651263 1.6368861 1.6605351 1.6536815 1.6685103 1.7074197 1.6309202 1.6077123 1.6367182 1.7194132 1.7571996 1.4193345 1.5527538 1.3464640 1.5378411 1.5684686 1.5644213 1.5487687 1.5530605 1.4181686 1.7297492 2.2834705 1.5858565 1.6800972 1.7823470 1.5404499 1.5450700 1.5397367 1.4426031 1.7214279 2.4719464 2.5153640 2.6161400 
Erethizontidae    0.4978445 0.4137219 0.0000000 0.1728723 0.3180504 0.4419697 0.6300219 0.5491370 0.5384345 0.6607325 0.7504238 0.6173210 0.5993263 0.6414507 0.4939397 1.0700754 0.9754153 0.9904533 1.6660690 1.6293081 1.6053682 1.6419617 1.6853309 1.6746600 1.6109353 1.6010463 1.6113484 1.6846606 1.7537624 1.3205736 1.5181077 1.3756491 1.5730439 1.5433843 1.5362211 1.5438412 1.5319019 1.3971594 1.7399215 2.2989625 1.6502585 1.7227208 1.7760242 1.5779785 1.5848079 1.5822730 1.4532695 1.8286390 2.5703409 2.6295987 2.4385294 
Capromyidae       0.4894328 0.4424034 0.1728723 0.0000000 0.3322269 0.4336803 0.6246486 0.5622476 0.5489784 0.6557272 0.7313720 0.5885304 0.5921203 0.6425355 0.4860640 1.0936811 1.0046577 0.9993757 1.6314364 1.5811393 1.6052139 1.6425453 1.6938628 1.6706615 1.5992300 1.5787259 1.5839551 1.6753584 1.7418115 1.3416789 1.4465976 1.3445826 1.5024595 1.5109884 1.5072771 1.5575446 1.5110050 1.3987419 1.7541502 2.3090543 1.6594532 1.7234811 1.7875547 1.6172412 1.6034092 1.6084566 1.4272857 1.7767831 2.5482624 2.6383593 2.4195820 
Muridae           0.4258047 0.3550052 0.3180504 0.3322269 0.0000000 0.3148069 0.5593176 0.4600339 0.4470218 0.5705855 0.6615963 0.5315566 0.4893999 0.5493405 0.4239145 0.9762932 0.8849287 0.8852232 1.5113427 1.4810321 1.4342295 1.4849680 1.5125787 1.5363640 1.4535632 1.4493541 1.4507604 1.5305077 1.5514080 1.2451070 1.3471965 1.2449161 1.4107591 1.4224146 1.3965880 1.3888785 1.4199683 1.2799332 1.6127476 2.1098846 1.4612496 1.5731886 1.6411541 1.4120719 1.4107743 1.4161500 1.2968981 1.6702239 2.3937058 2.4840686 2.3606529 
Castoridae        0.5280883 0.4685947 0.4419697 0.4336803 0.3148069 0.0000000 0.6174602 0.5295666 0.5238791 0.6827546 0.7505230 0.5989209 0.5840224 0.6185927 0.5117126 1.0456762 0.9765067 0.9580310 1.5475012 1.5235208 1.5115356 1.5708217 1.6005858 1.6112356 1.5070553 1.5049189 1.4969566 1.6153114 1.6553585 1.2727662 1.4420510 1.2808881 1.5384927 1.5101325 1.4725397 1.5041881 1.4793564 1.3377394 1.7285373 2.2544022 1.5563862 1.6582700 1.7335837 1.5023397 1.4869931 1.4835645 1.3618392 1.7166921 2.4940167 2.6517178 2.4008210 
Suidae            0.6641192 0.6524109 0.6300219 0.6246486 0.5593176 0.6174602 0.0000000 0.4381118 0.4290892 0.7126248 0.7079890 0.6122308 0.6034718 0.6316980 0.6031307 1.1556168 1.0195905 1.0469930 1.7192129 1.6550491 1.6769386 1.6749019 1.7084756 1.7424140 1.6859325 1.6640127 1.6842550 1.7467030 1.8173808 1.4132144 1.6505224 1.4143823 1.6389256 1.6127169 1.6345976 1.6410949 1.6240445 1.5217424 1.8362999 2.4846940 1.7128886 1.7850891 1.8826267 1.6098614 1.6259285 1.6532014 1.5029821 1.8122258 2.5282125 2.6054101 2.4859858 
Hippopotamidae    0.5834611 0.5493742 0.5491370 0.5622476 0.4600339 0.5295666 0.4381118 0.0000000 0.2690913 0.6521137 0.6660496 0.5430514 0.5266856 0.5631162 0.5134075 1.1262631 0.9587260 0.9840110 1.6139001 1.5583243 1.5567756 1.5620333 1.6002953 1.5959093 1.5704505 1.5655322 1.5671153 1.6415905 1.7095871 1.3533026 1.5714842 1.3910657 1.5489315 1.5813429 1.5842859 1.5738833 1.5598418 1.4433070 1.7439414 2.2572314 1.6537914 1.7167967 1.7857344 1.5543141 1.5396016 1.5784335 1.4328858 1.7663407 2.4969765 2.6182774 2.4335876 
Hyperoodontidae   0.5768470 0.5306079 0.5384345 0.5489784 0.4470218 0.5238791 0.4290892 0.2690913 0.0000000 0.6220164 0.6639579 0.5122239 0.5126434 0.5405685 0.5116149 1.0645523 0.9648297 0.9872662 1.5711247 1.5043878 1.4971171 1.5372269 1.5761372 1.5741445 1.5236945 1.5316918 1.5501943 1.6028577 1.6512652 1.2685957 1.4845274 1.3341829 1.5310713 1.5151680 1.5333524 1.4856660 1.4906024 1.4089633 1.7558116 2.3082629 1.6122585 1.6801676 1.7546474 1.5055202 1.4975257 1.5104382 1.3800666 1.7340139 2.4579079 2.4880815 2.3646682 
Vespertilionidae  0.6675247 0.6464634 0.6607325 0.6557272 0.5705855 0.6827546 0.7126248 0.6521137 0.6220164 0.0000000 0.5557092 0.4951825 0.6427302 0.7002782 0.6459538 1.2397490 1.1082804 1.1429347 1.7818457 1.7175164 1.7330365 1.7692908 1.8280194 1.8376774 1.7682443 1.7491837 1.7261836 1.8019773 1.8819028 1.5064197 1.6341801 1.4854436 1.7710102 1.8004592 1.7458162 1.7253359 1.7383134 1.6174620 1.9337052 2.5288128 1.8077098 1.8988618 1.9572305 1.7262034 1.7669359 1.7466473 1.6412688 1.8963102 2.6495752 2.8482849 2.7545783 
Furipteridae      0.7272072 0.7131389 0.7504238 0.7313720 0.6615963 0.7505230 0.7079890 0.6660496 0.6639579 0.5557092 0.0000000 0.5402074 0.6432490 0.7533836 0.7009798 1.3057670 1.2065763 1.1839635 1.7532253 1.6814337 1.6485458 1.6986958 1.7619822 1.7239933 1.6748150 1.6223260 1.6657722 1.7407407 1.8516023 1.5144450 1.6563126 1.5169415 1.6627315 1.7330260 1.7147926 1.7701722 1.7521350 1.5750211 1.8899319 2.4820667 1.7959743 1.9189148 1.9831047 1.7569255 1.7678185 1.7749378 1.6290547 1.8253518 2.8727481 2.8737360 2.6409895 
Rhinolophidae     0.6260791 0.6225981 0.6173210 0.5885304 0.5315566 0.5989209 0.6122308 0.5430514 0.5122239 0.4951825 0.5402074 0.0000000 0.5834214 0.6222029 0.5650186 1.1325104 1.0125737 1.0419729 1.6028963 1.5888035 1.5594435 1.5791293 1.6497116 1.6515036 1.5994174 1.5456138 1.5719229 1.6514082 1.7545088 1.3753934 1.5503748 1.3736837 1.5681449 1.5712902 1.5561223 1.5368074 1.5447205 1.4476812 1.7752795 2.3946209 1.6296252 1.7052460 1.7915587 1.5355482 1.5584738 1.5729606 1.4425171 1.8088293 2.6441990 2.7215255 2.5033756 
Viverridae        0.6141728 0.5883517 0.5993263 0.5921203 0.4893999 0.5840224 0.6034718 0.5266856 0.5126434 0.6427302 0.6432490 0.5834214 0.0000000 0.4118362 0.5530788 1.0746563 0.9851314 0.9940026 1.6214057 1.6049718 1.5988261 1.6151566 1.6896291 1.6900774 1.6216654 1.6052650 1.6001298 1.6640095 1.7668229 1.3953807 1.5213750 1.3681688 1.5578536 1.5846127 1.5698483 1.5843602 1.5613279 1.4088599 1.6736818 2.2981224 1.5512102 1.6358545 1.7096965 1.5132167 1.5206977 1.5118903 1.3805419 1.7756988 2.4570762 2.5641142 2.5722129 
Procyonidae       0.6477968 0.6370284 0.6414507 0.6425355 0.5493405 0.6185927 0.6316980 0.5631162 0.5405685 0.7002782 0.7533836 0.6222029 0.4118362 0.0000000 0.5893167 1.1657617 1.0872068 1.1146869 1.6844131 1.6666687 1.6302210 1.6630742 1.7301444 1.7281078 1.6865843 1.6795167 1.6900032 1.7525441 1.7137397 1.3584759 1.4982920 1.3868022 1.6403126 1.6345951 1.5814540 1.6968876 1.6379809 1.5260012 1.6777955 2.2802506 1.5705751 1.7003407 1.7878098 1.5501722 1.5687273 1.5291837 1.4504704 1.8009804 2.5910791 2.6383908 2.5793162 
Myrmecophagidae   0.5529268 0.4884176 0.4939397 0.4860640 0.4239145 0.5117126 0.6031307 0.5134075 0.5116149 0.6459538 0.7009798 0.5650186 0.5530788 0.5893167 0.0000000 1.0208292 0.9189409 0.9216658 1.5297543 1.4690412 1.4706581 1.5195736 1.5950006 1.5504558 1.5067565 1.4870211 1.4810084 1.5394140 1.6764659 1.2297525 1.4092603 1.2349095 1.4659303 1.4937455 1.4614359 1.4858648 1.4607956 1.3161230 1.6203268 2.1333046 1.4995749 1.6287698 1.7176724 1.4745907 1.4742863 1.4342395 1.2902310 1.6607740 2.3243137 2.3521340 2.3746307 
Caluromyidae      1.1335405 1.0298277 1.0700754 1.0936811 0.9762932 1.0456762 1.1556168 1.1262631 1.0645523 1.2397490 1.3057670 1.1325104 1.0746563 1.1657617 1.0208292 0.0000000 0.3531091 0.3866210 1.4534772 1.4598262 1.4827711 1.4708959 1.5033782 1.4958677 1.4589083 1.4575186 1.4471636 1.5138431 1.5871385 1.2334134 1.3602592 1.2456875 1.5172596 1.5632040 1.5869851 1.5959941 1.5086159 1.3902037 1.5900483 2.3092868 1.4658259 1.5919554 1.6465210 1.5473119 1.5101397 1.4789937 1.3760488 1.7057557 2.5271597 2.5562391 2.5201477 
Thylacomyidae     1.0156038 0.9622069 0.9754153 1.0046577 0.8849287 0.9765067 1.0195905 0.9587260 0.9648297 1.1082804 1.2065763 1.0125737 0.9851314 1.0872068 0.9189409 0.3531091 0.0000000 0.2447020 1.4532438 1.4113142 1.4440687 1.4436228 1.4819863 1.4709050 1.4196527 1.4243417 1.4230157 1.4858521 1.5679675 1.1649244 1.3701070 1.1968684 1.4386021 1.5157095 1.5497581 1.4831361 1.4772314 1.3548522 1.5705659 2.2766195 1.4811911 1.6116086 1.6748465 1.4430486 1.4862255 1.4501588 1.3215956 1.6455758 2.6445622 2.7112953 2.4001656 
Phalangeridae     1.0690044 1.0073280 0.9904533 0.9993757 0.8852232 0.9580310 1.0469930 0.9840110 0.9872662 1.1429347 1.1839635 1.0419729 0.9940026 1.1146869 0.9216658 0.3866210 0.2447020 0.0000000 1.4556011 1.4212534 1.4860628 1.4829106 1.5102115 1.5024150 1.4744679 1.4326254 1.4587235 1.5214928 1.5669235 1.1397051 1.3621638 1.1626747 1.4526409 1.4418523 1.4741885 1.4781431 1.4198232 1.3175131 1.5297645 2.2130545 1.4410240 1.6002479 1.6851736 1.5091681 1.4875438 1.4657187 1.3238941 1.5993607 2.5747317 2.5464053 2.4042580 
Tityridae         1.6513562 1.6651263 1.6660690 1.6314364 1.5113427 1.5475012 1.7192129 1.6139001 1.5711247 1.7818457 1.7532253 1.6028963 1.6214057 1.6844131 1.5297543 1.4534772 1.4532438 1.4556011 0.0000000 0.2906758 0.3150718 0.3017019 0.3166235 0.3108951 0.3065487 0.3083501 0.3136880 0.3430062 0.4955194 0.6194131 0.8755878 0.7173511 1.0678558 1.0132021 1.0010288 0.9948119 1.0939046 0.9005059 1.2874811 1.8221189 1.1442986 1.2853351 1.4208497 1.1771126 1.1014279 1.1670988 1.0101901 1.4013400 2.1136748 2.0925362 2.1622064 
Ptilonorhynchidae 1.6038637 1.6368861 1.6293081 1.5811393 1.4810321 1.5235208 1.6550491 1.5583243 1.5043878 1.7175164 1.6814337 1.5888035 1.6049718 1.6666687 1.4690412 1.4598262 1.4113142 1.4212534 0.2906758 0.0000000 0.2614341 0.2534007 0.2620293 0.2752496 0.2484220 0.2637573 0.2466994 0.2975069 0.4935361 0.5733459 0.8382521 0.6523077 1.0654298 0.9621067 1.0428604 1.0033549 1.0248398 0.8814938 1.2595527 1.7856342 1.1011467 1.2748764 1.3938051 1.1341703 1.0793925 1.1465035 0.9694822 1.3717287 2.1204138 2.0908338 2.1330889 
Callaeatidae      1.6168585 1.6605351 1.6053682 1.6052139 1.4342295 1.5115356 1.6769386 1.5567756 1.4971171 1.7330365 1.6485458 1.5594435 1.5988261 1.6302210 1.4706581 1.4827711 1.4440687 1.4860628 0.3150718 0.2614341 0.0000000 0.1846875 0.1906511 0.2083645 0.1894991 0.2085289 0.2057762 0.2429972 0.4890308 0.6226816 0.8686622 0.7057309 1.0939653 1.0036257 1.0100717 0.9918497 1.0849960 0.9105354 1.2963032 1.8361646 1.1503182 1.2968230 1.4116388 1.2017814 1.1617859 1.1766572 1.0483532 1.3832373 1.9967296 1.9881742 2.2610940 
Monarchidae       1.6361888 1.6536815 1.6419617 1.6425453 1.4849680 1.5708217 1.6749019 1.5620333 1.5372269 1.7692908 1.6986958 1.5791293 1.6151566 1.6630742 1.5195736 1.4708959 1.4436228 1.4829106 0.3017019 0.2534007 0.1846875 0.0000000 0.1142634 0.1980049 0.1844824 0.1974383 0.1982468 0.2138041 0.5037641 0.5972358 0.8518553 0.6791646 1.1103517 0.9710991 1.0096647 1.0048681 1.0373085 0.9273264 1.2603746 1.7465586 1.1310336 1.2581770 1.3987710 1.1710829 1.1099448 1.1610435 1.0037289 1.3563910 2.1246336 2.0585550 2.2210216 
Malaconotidae     1.6510045 1.6685103 1.6853309 1.6938628 1.5125787 1.6005858 1.7084756 1.6002953 1.5761372 1.8280194 1.7619822 1.6497116 1.6896291 1.7301444 1.5950006 1.5033782 1.4819863 1.5102115 0.3166235 0.2620293 0.1906511 0.1142634 0.0000000 0.1952967 0.1854168 0.2007053 0.2014628 0.2178603 0.5184780 0.6077586 0.8553626 0.6979541 1.1159257 1.0046072 1.0248226 1.0116688 1.0551628 0.8945942 1.3118143 1.8001223 1.1351918 1.2763098 1.4204265 1.1892245 1.1297053 1.1949902 1.0358080 1.3832231 2.1567337 2.0953087 2.2164949 
Certhiidae        1.6780009 1.7074197 1.6746600 1.6706615 1.5363640 1.6112356 1.7424140 1.5959093 1.5741445 1.8376774 1.7239933 1.6515036 1.6900774 1.7281078 1.5504558 1.4958677 1.4709050 1.5024150 0.3108951 0.2752496 0.2083645 0.1980049 0.1952967 0.0000000 0.1594109 0.1728115 0.1686496 0.2117110 0.5297486 0.6559004 0.8867191 0.7306140 1.0945238 1.0228381 1.0255802 0.9785976 1.0688847 0.9308760 1.3381927 1.8085611 1.2118527 1.3213217 1.4417252 1.2223391 1.1909004 1.2168438 1.0619604 1.4229409 2.1567811 2.0894202 2.3011485 
Cinclidae         1.5848073 1.6309202 1.6109353 1.5992300 1.4535632 1.5070553 1.6859325 1.5704505 1.5236945 1.7682443 1.6748150 1.5994174 1.6216654 1.6865843 1.5067565 1.4589083 1.4196527 1.4744679 0.3065487 0.2484220 0.1894991 0.1844824 0.1854168 0.1594109 0.0000000 0.1434545 0.1450379 0.1868877 0.4886894 0.6180875 0.8609193 0.7116487 1.0860094 0.9903139 1.0349086 0.9924585 1.0712040 0.9218384 1.2793487 1.7993938 1.1636236 1.2741392 1.4236380 1.1939509 1.1647895 1.2010431 0.9936930 1.3810255 2.1503194 2.1128015 2.2531286 
Ploceidae         1.5933228 1.6077123 1.6010463 1.5787259 1.4493541 1.5049189 1.6640127 1.5655322 1.5316918 1.7491837 1.6223260 1.5456138 1.6052650 1.6795167 1.4870211 1.4575186 1.4243417 1.4326254 0.3083501 0.2637573 0.2085289 0.1974383 0.2007053 0.1728115 0.1434545 0.0000000 0.1021292 0.2051167 0.5074295 0.6075472 0.8628658 0.7015393 1.0747887 0.9783203 0.9878976 1.0004767 1.0639568 0.9162567 1.3224449 1.7756489 1.1852000 1.3013806 1.4243825 1.1979937 1.1806786 1.2065855 1.0199776 1.3299256 2.1231762 2.0711189 2.2240604 
Thraupidae        1.6051647 1.6367182 1.6113484 1.5839551 1.4507604 1.4969566 1.6842550 1.5671153 1.5501943 1.7261836 1.6657722 1.5719229 1.6001298 1.6900032 1.4810084 1.4471636 1.4230157 1.4587235 0.3136880 0.2466994 0.2057762 0.1982468 0.2014628 0.1686496 0.1450379 0.1021292 0.0000000 0.1984609 0.4899689 0.6047206 0.8455630 0.7034148 1.0876054 0.9941928 1.0237878 1.0026145 1.0641061 0.8930405 1.3258518 1.7842840 1.2043223 1.2909701 1.4375440 1.2095708 1.2009410 1.2292891 1.0485734 1.3881643 2.1221436 2.1038212 2.2425443 
Alaudidae         1.7110415 1.7194132 1.6846606 1.6753584 1.5305077 1.6153114 1.7467030 1.6415905 1.6028577 1.8019773 1.7407407 1.6514082 1.6640095 1.7525441 1.5394140 1.5138431 1.4858521 1.5214928 0.3430062 0.2975069 0.2429972 0.2138041 0.2178603 0.2117110 0.1868877 0.2051167 0.1984609 0.0000000 0.5644561 0.6748692 0.9260184 0.7671302 1.0749456 1.0048825 1.0707410 0.9860572 1.1413456 0.9578750 1.3574060 1.7930825 1.1794745 1.3447253 1.4813847 1.2256343 1.1942438 1.2239819 1.0995063 1.4309279 2.2050839 2.1420755 2.2290153 
Coraciiformes     1.7160820 1.7571996 1.7537624 1.7418115 1.5514080 1.6553585 1.8173808 1.7095871 1.6512652 1.8819028 1.8516023 1.7545088 1.7668229 1.7137397 1.6764659 1.5871385 1.5679675 1.5669235 0.4955194 0.4935361 0.4890308 0.5037641 0.5184780 0.5297486 0.4886894 0.5074295 0.4899689 0.5644561 0.0000000 0.6697033 0.9435843 0.8296076 1.2182315 1.0940697 1.1755471 1.1419611 1.1290817 1.0216695 1.3686344 1.8604906 1.2389802 1.3942128 1.5221132 1.2894268 1.2124119 1.2657878 1.1406869 1.5563861 2.4204753 2.3375378 2.3286375 
Crocodylidae      1.3604170 1.4193345 1.3205736 1.3416789 1.2451070 1.2727662 1.4132144 1.3533026 1.2685957 1.5064197 1.5144450 1.3753934 1.3953807 1.3584759 1.2297525 1.2334134 1.1649244 1.1397051 0.6194131 0.5733459 0.6226816 0.5972358 0.6077586 0.6559004 0.6180875 0.6075472 0.6047206 0.6748692 0.6697033 0.0000000 0.6661011 0.4559241 0.8211002 0.7582682 0.7773531 0.7993724 0.8645014 0.6806521 1.1026216 1.5969621 0.9470263 1.0480987 1.2259146 0.9117937 0.8929229 0.9447188 0.7933781 1.1375413 2.1040251 2.1030433 1.9346523 
Carettochelyidae  1.5284404 1.5527538 1.5181077 1.4465976 1.3471965 1.4420510 1.6505224 1.5714842 1.4845274 1.6341801 1.6563126 1.5503748 1.5213750 1.4982920 1.4092603 1.3602592 1.3701070 1.3621638 0.8755878 0.8382521 0.8686622 0.8518553 0.8553626 0.8867191 0.8609193 0.8628658 0.8455630 0.9260184 0.9435843 0.6661011 0.0000000 0.5621310 1.0889749 1.0075859 1.0296482 1.0521899 1.0479798 0.9503841 1.2313313 1.7067702 1.1655150 1.2572732 1.4135558 1.1897828 1.1427204 1.1877277 0.9937799 1.4322225 2.2153857 2.1526637 1.9779854 
Kinosternidae     1.3172554 1.3464640 1.3756491 1.3445826 1.2449161 1.2808881 1.4143823 1.3910657 1.3341829 1.4854436 1.5169415 1.3736837 1.3681688 1.3868022 1.2349095 1.2456875 1.1968684 1.1626747 0.7173511 0.6523077 0.7057309 0.6791646 0.6979541 0.7306140 0.7116487 0.7015393 0.7034148 0.7671302 0.8296076 0.4559241 0.5621310 0.0000000 0.8698213 0.8254167 0.8518763 0.8554599 0.9054606 0.7306334 1.1950416 1.6662190 1.0159813 1.1923051 1.3032662 0.9828907 0.9792127 1.0177613 0.8680247 1.2259206 2.0683984 2.0173993 2.0220131 
Anomalepididae    1.5903108 1.5378411 1.5730439 1.5024595 1.4107591 1.5384927 1.6389256 1.5489315 1.5310713 1.7710102 1.6627315 1.5681449 1.5578536 1.6403126 1.4659303 1.5172596 1.4386021 1.4526409 1.0678558 1.0654298 1.0939653 1.1103517 1.1159257 1.0945238 1.0860094 1.0747887 1.0876054 1.0749456 1.2182315 0.8211002 1.0889749 0.8698213 0.0000000 0.5966051 0.6325023 0.5962886 0.7549373 0.6787887 1.4119176 1.8244993 1.2427844 1.3814606 1.5373594 1.2273948 1.1678398 1.2183147 1.0734211 1.4438228 2.2545264 2.2255483 2.2058499 
Loxocemidae       1.5815199 1.5684686 1.5433843 1.5109884 1.4224146 1.5101325 1.6127169 1.5813429 1.5151680 1.8004592 1.7330260 1.5712902 1.5846127 1.6345951 1.4937455 1.5632040 1.5157095 1.4418523 1.0132021 0.9621067 1.0036257 0.9710991 1.0046072 1.0228381 0.9903139 0.9783203 0.9941928 1.0048825 1.0940697 0.7582682 1.0075859 0.8254167 0.5966051 0.0000000 0.3825567 0.5494725 0.7244055 0.6572958 1.3509900 1.7643794 1.1957172 1.3766289 1.5442769 1.1959704 1.1537261 1.1908807 1.0713350 1.3351217 2.1704257 2.1506019 2.1441830 
Natricidae        1.5629184 1.5644213 1.5362211 1.5072771 1.3965880 1.4725397 1.6345976 1.5842859 1.5333524 1.7458162 1.7147926 1.5561223 1.5698483 1.5814540 1.4614359 1.5869851 1.5497581 1.4741885 1.0010288 1.0428604 1.0100717 1.0096647 1.0248226 1.0255802 1.0349086 0.9878976 1.0237878 1.0707410 1.1755471 0.7773531 1.0296482 0.8518763 0.6325023 0.3825567 0.0000000 0.6658555 0.7993921 0.6815600 1.3790204 1.8830593 1.2620847 1.4383127 1.5891939 1.2289865 1.2362049 1.2618718 1.1312826 1.3332711 2.1849572 2.2153400 2.1554957 
Xenosauridae      1.5655113 1.5487687 1.5438412 1.5575446 1.3888785 1.5041881 1.6410949 1.5738833 1.4856660 1.7253359 1.7701722 1.5368074 1.5843602 1.6968876 1.4858648 1.5959941 1.4831361 1.4781431 0.9948119 1.0033549 0.9918497 1.0048681 1.0116688 0.9785976 0.9924585 1.0004767 1.0026145 0.9860572 1.1419611 0.7993724 1.0521899 0.8554599 0.5962886 0.5494725 0.6658555 0.0000000 0.6824056 0.6318077 1.3146772 1.7892815 1.2495047 1.3202213 1.4932856 1.1675687 1.1672276 1.2026434 1.0593285 1.4605172 2.2006353 2.1903355 2.0259835 
Teiidae           1.5624096 1.5530605 1.5319019 1.5110050 1.4199683 1.4793564 1.6240445 1.5598418 1.4906024 1.7383134 1.7521350 1.5447205 1.5613279 1.6379809 1.4607956 1.5086159 1.4772314 1.4198232 1.0939046 1.0248398 1.0849960 1.0373085 1.0551628 1.0688847 1.0712040 1.0639568 1.0641061 1.1413456 1.1290817 0.8645014 1.0479798 0.9054606 0.7549373 0.7244055 0.7993921 0.6824056 0.0000000 0.6739712 1.4109253 1.7449695 1.1921305 1.3004977 1.4608577 1.2160901 1.1675774 1.2164351 1.0812314 1.4348076 2.2781371 2.1911528 2.1595209 
Eublepharidae     1.4570500 1.4181686 1.3971594 1.3987419 1.2799332 1.3377394 1.5217424 1.4433070 1.4089633 1.6174620 1.5750211 1.4476812 1.4088599 1.5260012 1.3161230 1.3902037 1.3548522 1.3175131 0.9005059 0.8814938 0.9105354 0.9273264 0.8945942 0.9308760 0.9218384 0.9162567 0.8930405 0.9578750 1.0216695 0.6806521 0.9503841 0.7306334 0.6787887 0.6572958 0.6815600 0.6318077 0.6739712 0.0000000 1.2018684 1.7379507 1.0880835 1.1895778 1.3997754 1.0795184 1.0409371 1.1001814 0.9389191 1.2991870 2.1165530 2.1794578 2.0363420 
Dicamptodontidae  1.7522167 1.7297492 1.7399215 1.7541502 1.6127476 1.7285373 1.8362999 1.7439414 1.7558116 1.9337052 1.8899319 1.7752795 1.6736818 1.6777955 1.6203268 1.5900483 1.5705659 1.5297645 1.2874811 1.2595527 1.2963032 1.2603746 1.3118143 1.3381927 1.2793487 1.3224449 1.3258518 1.3574060 1.3686344 1.1026216 1.2313313 1.1950416 1.4119176 1.3509900 1.3790204 1.3146772 1.4109253 1.2018684 0.0000000 1.5764470 0.8636666 1.0030143 1.1682760 0.9255189 0.8603048 0.9108198 0.8794392 1.4655154 2.2516650 2.2952801 2.1183420 
Alytidae          2.2879765 2.2834705 2.2989625 2.3090543 2.1098846 2.2544022 2.4846940 2.2572314 2.3082629 2.5288128 2.4820667 2.3946209 2.2981224 2.2802506 2.1333046 2.3092868 2.2766195 2.2130545 1.8221189 1.7856342 1.8361646 1.7465586 1.8001223 1.8085611 1.7993938 1.7756489 1.7842840 1.7930825 1.8604906 1.5969621 1.7067702 1.6662190 1.8244993 1.7643794 1.8830593 1.7892815 1.7449695 1.7379507 1.5764470 0.0000000 1.2605690 1.3999182 1.5485100 1.2519304 1.2381011 1.2548810 1.2838168 1.9330134 2.6463444 2.7768847 2.4380786 
Heleophrynidae    1.6542275 1.5858565 1.6502585 1.6594532 1.4612496 1.5563862 1.7128886 1.6537914 1.6122585 1.8077098 1.7959743 1.6296252 1.5512102 1.5705751 1.4995749 1.4658259 1.4811911 1.4410240 1.1442986 1.1011467 1.1503182 1.1310336 1.1351918 1.2118527 1.1636236 1.1852000 1.2043223 1.1794745 1.2389802 0.9470263 1.1655150 1.0159813 1.2427844 1.1957172 1.2620847 1.2495047 1.1921305 1.0880835 0.8636666 1.2605690 0.0000000 0.5071827 0.5948975 0.3876530 0.3450922 0.3748308 0.6824754 1.2832870 2.0189618 2.1172909 2.0274266 
Leptodactylidae   1.6844066 1.6800972 1.7227208 1.7234811 1.5731886 1.6582700 1.7850891 1.7167967 1.6801676 1.8988618 1.9189148 1.7052460 1.6358545 1.7003407 1.6287698 1.5919554 1.6116086 1.6002479 1.2853351 1.2748764 1.2968230 1.2581770 1.2763098 1.3213217 1.2741392 1.3013806 1.2909701 1.3447253 1.3942128 1.0480987 1.2572732 1.1923051 1.3814606 1.3766289 1.4383127 1.3202213 1.3004977 1.1895778 1.0030143 1.3999182 0.5071827 0.0000000 0.2805047 0.4656721 0.4420218 0.4752549 0.8474059 1.3993482 2.2338225 2.2490980 2.1860242 
Strabomantidae    1.7708179 1.7823470 1.7760242 1.7875547 1.6411541 1.7335837 1.8826267 1.7857344 1.7546474 1.9572305 1.9831047 1.7915587 1.7096965 1.7878098 1.7176724 1.6465210 1.6748465 1.6851736 1.4208497 1.3938051 1.4116388 1.3987710 1.4204265 1.4417252 1.4236380 1.4243825 1.4375440 1.4813847 1.5221132 1.2259146 1.4135558 1.3032662 1.5373594 1.5442769 1.5891939 1.4932856 1.4608577 1.3997754 1.1682760 1.5485100 0.5948975 0.2805047 0.0000000 0.6045755 0.5740701 0.5941166 0.9617856 1.5302134 2.2865481 2.3446219 2.3202693 
Micrixalidae      1.5979701 1.5404499 1.5779785 1.6172412 1.4120719 1.5023397 1.6098614 1.5543141 1.5055202 1.7262034 1.7569255 1.5355482 1.5132167 1.5501722 1.4745907 1.5473119 1.4430486 1.5091681 1.1771126 1.1341703 1.2017814 1.1710829 1.1892245 1.2223391 1.1939509 1.1979937 1.2095708 1.2256343 1.2894268 0.9117937 1.1897828 0.9828907 1.2273948 1.1959704 1.2289865 1.1675687 1.2160901 1.0795184 0.9255189 1.2519304 0.3876530 0.4656721 0.6045755 0.0000000 0.2148857 0.2376638 0.6685117 1.2650500 1.9635639 2.0464260 1.9673010 
Hemisotidae       1.6084530 1.5450700 1.5848079 1.6034092 1.4107743 1.4869931 1.6259285 1.5396016 1.4975257 1.7669359 1.7678185 1.5584738 1.5206977 1.5687273 1.4742863 1.5101397 1.4862255 1.4875438 1.1014279 1.0793925 1.1617859 1.1099448 1.1297053 1.1909004 1.1647895 1.1806786 1.2009410 1.1942438 1.2124119 0.8929229 1.1427204 0.9792127 1.1678398 1.1537261 1.2362049 1.1672276 1.1675774 1.0409371 0.8603048 1.2381011 0.3450922 0.4420218 0.5740701 0.2148857 0.0000000 0.1989418 0.6343268 1.2567070 1.9506939 2.0476593 1.9725727 
Asterophryidae    1.5921267 1.5397367 1.5822730 1.6084566 1.4161500 1.4835645 1.6532014 1.5784335 1.5104382 1.7466473 1.7749378 1.5729606 1.5118903 1.5291837 1.4342395 1.4789937 1.4501588 1.4657187 1.1670988 1.1465035 1.1766572 1.1610435 1.1949902 1.2168438 1.2010431 1.2065855 1.2292891 1.2239819 1.2657878 0.9447188 1.1877277 1.0177613 1.2183147 1.1908807 1.2618718 1.2026434 1.2164351 1.1001814 0.9108198 1.2548810 0.3748308 0.4752549 0.5941166 0.2376638 0.1989418 0.0000000 0.7109742 1.2719973 1.9788292 2.0868803 1.9336627 
Caeciliidae2      1.4529560 1.4426031 1.4532695 1.4272857 1.2968981 1.3618392 1.5029821 1.4328858 1.3800666 1.6412688 1.6290547 1.4425171 1.3805419 1.4504704 1.2902310 1.3760488 1.3215956 1.3238941 1.0101901 0.9694822 1.0483532 1.0037289 1.0358080 1.0619604 0.9936930 1.0199776 1.0485734 1.0995063 1.1406869 0.7933781 0.9937799 0.8680247 1.0734211 1.0713350 1.1312826 1.0593285 1.0812314 0.9389191 0.8794392 1.2838168 0.6824754 0.8474059 0.9617856 0.6685117 0.6343268 0.7109742 0.0000000 1.1424177 1.8874730 1.9439549 1.8371151 
Polypteriformes   1.8088897 1.7214279 1.8286390 1.7767831 1.6702239 1.7166921 1.8122258 1.7663407 1.7340139 1.8963102 1.8253518 1.8088293 1.7756988 1.8009804 1.6607740 1.7057557 1.6455758 1.5993607 1.4013400 1.3717287 1.3832373 1.3563910 1.3832231 1.4229409 1.3810255 1.3299256 1.3881643 1.4309279 1.5563861 1.1375413 1.4322225 1.2259206 1.4438228 1.3351217 1.3332711 1.4605172 1.4348076 1.2991870 1.4655154 1.9330134 1.2832870 1.3993482 1.5302134 1.2650500 1.2567070 1.2719973 1.1424177 0.0000000 1.7723383 1.9015435 1.9262433 
Channichthyidae   2.5507299 2.4719464 2.5703409 2.5482624 2.3937058 2.4940167 2.5282125 2.4969765 2.4579079 2.6495752 2.8727481 2.6441990 2.4570762 2.5910791 2.3243137 2.5271597 2.6445622 2.5747317 2.1136748 2.1204138 1.9967296 2.1246336 2.1567337 2.1567811 2.1503194 2.1231762 2.1221436 2.2050839 2.4204753 2.1040251 2.2153857 2.0683984 2.2545264 2.1704257 2.1849572 2.2006353 2.2781371 2.1165530 2.2516650 2.6463444 2.0189618 2.2338225 2.2865481 1.9635639 1.9506939 1.9788292 1.8874730 1.7723383 0.0000000 0.3640322 3.0234778 
Pseudaphritidae   2.5992357 2.5153640 2.6295987 2.6383593 2.4840686 2.6517178 2.6054101 2.6182774 2.4880815 2.8482849 2.8737360 2.7215255 2.5641142 2.6383908 2.3521340 2.5562391 2.7112953 2.5464053 2.0925362 2.0908338 1.9881742 2.0585550 2.0953087 2.0894202 2.1128015 2.0711189 2.1038212 2.1420755 2.3375378 2.1030433 2.1526637 2.0173993 2.2255483 2.1506019 2.2153400 2.1903355 2.1911528 2.1794578 2.2952801 2.7768847 2.1172909 2.2490980 2.3446219 2.0464260 2.0476593 2.0868803 1.9439549 1.9015435 0.3640322 0.0000000 3.0401597 
Carcharhinidae    2.6357017 2.6161400 2.4385294 2.4195820 2.3606529 2.4008210 2.4859858 2.4335876 2.3646682 2.7545783 2.6409895 2.5033756 2.5722129 2.5793162 2.3746307 2.5201477 2.4001656 2.4042580 2.1622064 2.1330889 2.2610940 2.2210216 2.2164949 2.3011485 2.2531286 2.2240604 2.2425443 2.2290153 2.3286375 1.9346523 1.9779854 2.0220131 2.2058499 2.1441830 2.1554957 2.0259835 2.1595209 2.0363420 2.1183420 2.4380786 2.0274266 2.1860242 2.3202693 1.9673010 1.9725727 1.9336627 1.8371151 1.9262433 3.0234778 3.0401597 0.0000000 
