51
Pitheciidae       0.0000000 0.7008357 0.4868170 0.4877810 0.5208322 0.7658416 0.6269950 0.7300664 0.7732788 0.8768098 0.7006636 0.8039847 0.9661495 0.7603490 0.7682255 1.2585310 1.1794651 1.0686272 1.7694566 1.9021330 1.6629511 1.7458414 1.6332759 1.8004965 1.7861183 1.6347412 1.7759250 1.7296149 1.8130285 1.7510783 1.5743656 1.4990174 1.6371886 1.4044184 1.5274187 1.5790221 1.3923163 1.3429647 1.4722938 1.4470024 1.4888247 1.7496079 1.8754723 1.6724770 1.8827424 1.6591536 1.4151198 1.8568138 2.2192526 2.1935212 1.9144102 
Scandentia        0.7008357 0.0000000 0.6129598 0.6685545 0.6600731 0.8254457 0.7585272 0.9204263 0.9785039 0.9761220 0.8675437 0.9335753 1.0734314 0.9069087 0.8768132 1.3625700 1.3097787 1.2392341 2.1285226 1.9995875 1.9336871 2.0051136 1.8486493 2.0599031 1.9773927 1.9044388 2.0246897 1.9689591 1.9855558 1.9343015 1.6482947 1.7251815 1.8401721 1.6011702 1.7848888 1.6056061 1.5160961 1.4018639 1.6208595 1.6247385 1.7046173 1.9710411 2.1640338 1.6377392 1.9662820 1.7997760 1.6033316 1.9315672 2.1961134 2.3970368 2.1635617 
Erethizontidae    0.4868170 0.6129598 0.0000000 0.1115951 0.3789622 0.5405745 0.5833838 0.6696598 0.7264487 0.7402680 0.5655814 0.7716439 0.9146169 0.6820769 0.6028974 1.2218697 1.1444466 1.0880658 1.8479092 1.8218265 1.6087453 1.7591929 1.6276923 1.7202391 1.7304287 1.6809191 1.7837299 1.7526298 1.8442598 1.7457931 1.5153266 1.4284018 1.6987600 1.4093498 1.5374279 1.5195387 1.4027331 1.2910586 1.4450657 1.3741795 1.4206119 1.7053428 1.9013929 1.5529563 1.6938243 1.5528393 1.3574549 1.9414057 1.9832090 2.0488552 1.8827137 
Capromyidae       0.4877810 0.6685545 0.1115951 0.0000000 0.3891509 0.5798286 0.5767322 0.6839513 0.7068280 0.7937730 0.6132580 0.7938583 0.9906796 0.7277746 0.6269129 1.2044671 1.0743215 1.0500649 1.8750311 1.8911883 1.6735423 1.8312345 1.7204950 1.8445176 1.8133075 1.7465573 1.8714763 1.8189194 1.8457390 1.7623097 1.5350128 1.3976059 1.7300969 1.4051873 1.5249520 1.5500607 1.4368338 1.3393857 1.4434513 1.3443559 1.3694765 1.6263507 1.8325272 1.4741987 1.6495867 1.4823424 1.3188506 1.8857990 1.9898986 2.0546091 1.8315640 
Muridae           0.5208322 0.6600731 0.3789622 0.3891509 0.0000000 0.5928227 0.5352144 0.6814955 0.7021835 0.7642513 0.5808177 0.7484473 0.9448534 0.7032248 0.6037027 1.2346564 1.1158198 1.1392578 1.7276992 1.8064874 1.5852682 1.7202801 1.6059826 1.7264379 1.7612669 1.6505411 1.7600380 1.6800841 1.8173746 1.6513101 1.5992529 1.3796225 1.6647190 1.4980140 1.5150496 1.4856345 1.3967229 1.3216220 1.4907019 1.4046616 1.4720791 1.7142304 1.9899668 1.4849781 1.6878855 1.5633247 1.3672261 1.8326742 1.9880497 2.0753917 1.9660843 
Castoridae        0.7658416 0.8254457 0.5405745 0.5798286 0.5928227 0.0000000 0.8150161 0.8795343 0.9985012 0.9716391 0.8347292 0.9778943 1.1916683 1.0200559 0.9329613 1.6119540 1.4480967 1.3732761 2.0822955 2.3743463 2.0922841 2.1847677 2.1552197 2.1350324 2.1754181 2.1819004 2.2159127 2.1953061 2.2795173 2.1846918 1.9804739 1.8142117 1.9165070 1.7472164 1.8235002 1.8091109 1.6741025 1.5590714 1.8619073 1.7509893 1.6336106 1.9435471 2.1620292 1.7398887 2.0000835 1.7333913 1.6919518 2.2046732 2.4812131 2.4395331 2.3029809 
Suidae            0.6269950 0.7585272 0.5833838 0.5767322 0.5352144 0.8150161 0.0000000 0.4286685 0.5009622 0.7469156 0.5389016 0.7091107 0.8596011 0.7127851 0.7277359 1.2803798 1.1447601 1.0970376 1.8920385 1.9536509 1.8364321 1.9929871 1.7757162 1.9897296 1.8939762 1.8372332 1.9005883 1.8356221 1.9908191 1.7383096 1.6174026 1.4555062 1.6698505 1.5004427 1.6242049 1.5819469 1.4333851 1.3614175 1.4717038 1.5783153 1.5330808 1.7813510 2.1408519 1.7097093 1.8108495 1.7176743 1.5076210 2.0372894 2.1098393 2.1034103 2.1273872 
Hippopotamidae    0.7300664 0.9204263 0.6696598 0.6839513 0.6814955 0.8795343 0.4286685 0.0000000 0.5070018 0.8478915 0.7096639 0.8806415 1.0179059 0.8016503 0.8508602 1.3694043 1.2132150 1.1479527 2.0177130 2.2262958 2.0135624 2.0716820 1.7871332 2.0809451 2.0681621 1.9916665 2.1987454 2.0426732 2.0629936 2.0385935 1.7746262 1.7603197 1.7286626 1.7804855 1.7875168 1.8441600 1.6085176 1.5620235 1.6759422 1.7247639 1.7039164 1.9923735 2.1349001 1.8727902 1.9437887 1.7867110 1.6269306 2.2141493 2.2182175 2.2831127 2.2164210 
Hyperoodontidae   0.7732788 0.9785039 0.7264487 0.7068280 0.7021835 0.9985012 0.5009622 0.5070018 0.0000000 0.8212156 0.6900352 0.8288668 1.0966819 0.9220095 0.9405494 1.3647627 1.2662009 1.1936573 2.0491111 2.3476076 2.0725756 2.2023669 1.9870173 2.2452574 2.1687588 2.0812057 2.2040573 2.0970017 2.3429366 1.9521572 1.7223992 1.7245069 1.8673343 1.7746069 1.8252595 1.9060552 1.7108848 1.6729389 1.7241524 1.7380051 1.7307553 2.0281522 2.1940562 1.9413115 1.8867000 1.7981380 1.8006480 1.9834066 2.1055545 2.1383274 2.1195171 
Vespertilionidae  0.8768098 0.9761220 0.7402680 0.7937730 0.7642513 0.9716391 0.7469156 0.8478915 0.8212156 0.0000000 0.5607702 0.7880338 1.1321325 0.9008285 0.9505645 1.6521452 1.5172466 1.4185428 2.0536365 2.2153682 2.0456224 2.2394762 2.0786843 2.3219164 2.2497605 2.1759383 2.2991589 2.1785927 2.4166897 1.8805466 1.9595620 1.8067259 1.8895365 1.8074427 1.9282278 1.7769738 1.7960215 1.7242124 1.6148716 1.8363595 1.9410093 2.0499995 2.2743528 1.8155728 1.9821751 1.9488245 1.7363817 2.1726256 2.1876578 2.2161028 2.2111637 
Furipteridae      0.7006636 0.8675437 0.5655814 0.6132580 0.5808177 0.8347292 0.5389016 0.7096639 0.6900352 0.5607702 0.0000000 0.6441847 0.9581673 0.7783107 0.7885883 1.3850165 1.3242476 1.2466319 1.9751249 2.1610129 1.8734386 2.0233328 1.9103119 1.9787477 1.9965879 1.9387702 2.1008685 2.0003573 2.1273168 1.8962525 1.7428429 1.5866148 1.8138508 1.5849998 1.6845047 1.6451645 1.5290747 1.3790764 1.5145141 1.5502031 1.6470038 1.7548747 2.0283345 1.6449076 1.7819418 1.6377564 1.5027521 2.0341993 2.0971443 2.0719546 2.0046895 
Rhinolophidae     0.8039847 0.9335753 0.7716439 0.7938583 0.7484473 0.9778943 0.7091107 0.8806415 0.8288668 0.7880338 0.6441847 0.0000000 1.0035677 0.9281966 0.9024792 1.4570584 1.3517684 1.3547353 2.2111054 2.2732011 2.0398593 2.2322373 2.0315379 2.3167572 2.2545432 2.2726724 2.3518775 2.1852429 2.2424788 2.0382526 1.9247024 1.7373269 1.8044363 1.6641835 1.7174528 1.7304950 1.6322081 1.5343894 1.6796296 1.7486735 1.7772941 2.0123603 2.2864234 1.8442646 1.9779194 1.8386950 1.7423475 2.0269979 2.1782530 2.1793353 2.1039794 
Viverridae        0.9661495 1.0734314 0.9146169 0.9906796 0.9448534 1.1916683 0.8596011 1.0179059 1.0966819 1.1321325 0.9581673 1.0035677 0.0000000 0.6288790 1.1245976 1.5170430 1.6100982 1.4507249 2.5133610 2.5938535 2.2942807 2.4064573 2.2609578 2.3714120 2.4555422 2.2135393 2.3595921 2.3425062 2.5471642 2.2321305 2.1863726 1.9365708 2.0055971 1.8963795 2.0161442 2.0990913 2.0978101 1.8824014 2.0962809 2.4174735 2.2261330 2.5873858 2.7306271 2.4426810 2.6263429 2.3184147 2.1503678 2.4981685 2.4963400 2.6182983 2.3224668 
Procyonidae       0.7603490 0.9069087 0.6820769 0.7277746 0.7032248 1.0200559 0.7127851 0.8016503 0.9220095 0.9008285 0.7783107 0.9281966 0.6288790 0.0000000 0.8642757 1.4083104 1.4452573 1.2604729 2.2146135 2.3608667 2.2151992 2.1183187 2.1155138 2.2278515 2.1919884 2.1804864 2.3776903 2.2577216 2.3377175 2.0091161 1.8284184 1.7797118 2.0604166 1.8386232 1.8751323 1.9164897 1.8269855 1.6913422 1.7988079 1.8832423 1.9228397 2.3461846 2.6665680 2.0646680 2.3091801 1.9838265 1.6279758 2.4054359 2.5539293 2.6354937 2.2981098 
Myrmecophagidae   0.7682255 0.8768132 0.6028974 0.6269129 0.6037027 0.9329613 0.7277359 0.8508602 0.9405494 0.9505645 0.7885883 0.9024792 1.1245976 0.8642757 0.0000000 1.3792538 1.2467374 1.1657402 1.8238402 1.8674480 1.6247946 1.8483067 1.7537792 1.8685060 1.6528045 1.7430028 1.8607134 1.7483607 1.8615580 1.8148180 1.4930785 1.4885026 1.5459421 1.4710933 1.4284117 1.4386974 1.2751701 1.3287545 1.3848133 1.6088979 1.5248586 1.7896096 2.0069002 1.6882833 1.8172765 1.7294664 1.4522930 1.8648939 1.9372138 2.0478460 2.0059439 
Caluromyidae      1.2585310 1.3625700 1.2218697 1.2044671 1.2346564 1.6119540 1.2803798 1.3694043 1.3647627 1.6521452 1.3850165 1.4570584 1.5170430 1.4083104 1.3792538 0.0000000 0.5403750 0.4334148 1.7942324 1.8591464 1.7548848 1.8246615 1.9183854 1.8027261 1.7801777 1.6596531 1.7346274 1.8254101 1.8135168 1.5462495 1.5267774 1.6399795 1.5137475 1.5100324 1.6766322 1.4805125 1.3495333 1.2159997 1.4284143 1.5263246 1.4521517 1.6708396 1.9258443 1.8543328 1.6757858 1.5991187 1.3076739 1.7547717 1.9906745 1.9641901 1.8725460 
Thylacomyidae     1.1794651 1.3097787 1.1444466 1.0743215 1.1158198 1.4480967 1.1447601 1.2132150 1.2662009 1.5172466 1.3242476 1.3517684 1.6100982 1.4452573 1.2467374 0.5403750 0.0000000 0.3992963 1.6397879 1.7124115 1.6346709 1.7178902 1.7443742 1.6996269 1.6082421 1.5841600 1.6769848 1.5988722 1.7047772 1.5420530 1.5084648 1.5089549 1.4881435 1.3903480 1.4877492 1.3445158 1.1837376 1.1661172 1.4253249 1.4434452 1.3336997 1.5498574 1.6834672 1.5901462 1.6300510 1.5204968 1.2582240 1.5831623 1.8577514 1.8837976 1.8395609 
Phalangeridae     1.0686272 1.2392341 1.0880658 1.0500649 1.1392578 1.3732761 1.0970376 1.1479527 1.1936573 1.4185428 1.2466319 1.3547353 1.4507249 1.2604729 1.1657402 0.4334148 0.3992963 0.0000000 1.6428913 1.7791294 1.6082445 1.7367932 1.7486293 1.6670850 1.6243257 1.5671588 1.7691680 1.6679086 1.8164061 1.6148492 1.5331662 1.4761331 1.4028407 1.4265497 1.5303030 1.3616263 1.2290280 1.1574633 1.3585763 1.4071343 1.4019396 1.6195218 1.7305288 1.6613246 1.6978159 1.5922466 1.2207927 1.6832228 1.8841178 1.8633539 1.8425824 
Tityridae         1.7694566 2.1285226 1.8479092 1.8750311 1.7276992 2.0822955 1.8920385 2.0177130 2.0491111 2.0536365 1.9751249 2.2111054 2.5133610 2.2146135 1.8238402 1.7942324 1.6397879 1.6428913 0.0000000 0.4843559 0.5215512 0.5915834 0.6055512 0.5304241 0.5592622 0.5362411 0.5780941 0.5089405 0.7312311 1.2501368 1.1663730 1.0337862 1.2593192 1.1166687 1.2340107 1.1157863 1.0533681 1.0237554 1.3687967 1.4420644 1.3597108 1.5676134 1.5859607 1.7276820 1.4947851 1.4944968 1.1588605 1.6942410 1.5289033 1.4952645 1.6476921 
Ptilonorhynchidae 1.9021330 1.9995875 1.8218265 1.8911883 1.8064874 2.3743463 1.9536509 2.2262958 2.3476076 2.2153682 2.1610129 2.2732011 2.5938535 2.3608667 1.8674480 1.8591464 1.7124115 1.7791294 0.4843559 0.0000000 0.3362426 0.3665191 0.3911137 0.3642317 0.3726340 0.3167842 0.3658371 0.3146247 0.6715651 1.1848440 1.0083839 0.9840804 1.2189217 1.2455227 1.1679387 1.0192194 0.9912985 1.0412972 1.3698649 1.4057957 1.3883922 1.4651137 1.6304597 1.5350493 1.3953126 1.4679991 1.1759378 1.7197305 1.6330886 1.5999971 1.7182586 
Callaeatidae      1.6629511 1.9336871 1.6087453 1.6735423 1.5852682 2.0922841 1.8364321 2.0135624 2.0725756 2.0456224 1.8734386 2.0398593 2.2942807 2.2151992 1.6247946 1.7548848 1.6346709 1.6082445 0.5215512 0.3362426 0.0000000 0.2920283 0.3056869 0.2882193 0.2628903 0.2723067 0.2858102 0.2448780 0.7095416 1.2665222 1.0180588 0.8888788 1.1629308 1.1134083 1.0228407 0.9793934 0.9639587 0.9467090 1.2702891 1.3523001 1.4136434 1.3995668 1.4828586 1.4191953 1.3786822 1.4511228 1.0737976 1.6590917 1.5566880 1.4829600 1.5493417 
Monarchidae       1.7458414 2.0051136 1.7591929 1.8312345 1.7202801 2.1847677 1.9929871 2.0716820 2.2023669 2.2394762 2.0233328 2.2322373 2.4064573 2.1183187 1.8483067 1.8246615 1.7178902 1.7367932 0.5915834 0.3665191 0.2920283 0.0000000 0.2260348 0.3170888 0.2923563 0.2954545 0.3204817 0.2696586 0.7124847 1.3415829 1.1373551 1.0403724 1.1971232 1.2424415 1.1605958 1.0262848 1.0620066 1.0332502 1.4321586 1.5370716 1.4655166 1.4353096 1.5981135 1.5212146 1.3964317 1.4537634 1.2097791 1.8960136 1.8002100 1.7345799 1.6633918 
Malaconotidae     1.6332759 1.8486493 1.6276923 1.7204950 1.6059826 2.1552197 1.7757162 1.7871332 1.9870173 2.0786843 1.9103119 2.0315379 2.2609578 2.1155138 1.7537792 1.9183854 1.7443742 1.7486293 0.6055512 0.3911137 0.3056869 0.2260348 0.0000000 0.3355679 0.2923125 0.3099067 0.3320610 0.2786330 0.7463325 1.3634910 1.1638703 1.0373976 1.2102200 1.1742669 1.1157454 1.0384090 1.0770112 1.0231807 1.3564876 1.5172528 1.4212162 1.3939468 1.5699192 1.4707776 1.4582519 1.5699710 1.1700705 1.8154837 1.7907791 1.7284160 1.6182533 
Certhiidae        1.8004965 2.0599031 1.7202391 1.8445176 1.7264379 2.1350324 1.9897296 2.0809451 2.2452574 2.3219164 1.9787477 2.3167572 2.3714120 2.2278515 1.8685060 1.8027261 1.6996269 1.6670850 0.5304241 0.3642317 0.2882193 0.3170888 0.3355679 0.0000000 0.2367109 0.2368191 0.2424650 0.2273114 0.6872775 1.3585234 1.0562296 0.9481611 1.1401841 1.0851840 1.0959429 0.9522058 0.9151687 0.9163554 1.3795942 1.4303947 1.3912671 1.4149454 1.5143503 1.5293847 1.3922559 1.5257931 1.1091205 1.6057811 1.6142589 1.5609168 1.6198153 
Cinclidae         1.7861183 1.9773927 1.7304287 1.8133075 1.7612669 2.1754181 1.8939762 2.0681621 2.1687588 2.2497605 1.9965879 2.2545432 2.4555422 2.1919884 1.6528045 1.7801777 1.6082421 1.6243257 0.5592622 0.3726340 0.2628903 0.2923563 0.2923125 0.2367109 0.0000000 0.2382823 0.2568910 0.2223624 0.6691504 1.2549332 0.9698966 0.9369705 1.1609742 1.0852567 1.0881240 0.9628396 0.9489571 0.9157307 1.2832344 1.3198599 1.4316906 1.3528026 1.4443703 1.4556699 1.3532424 1.4472026 1.0673318 1.6367710 1.6194448 1.6116746 1.6652053 
Ploceidae         1.6347412 1.9044388 1.6809191 1.7465573 1.6505411 2.1819004 1.8372332 1.9916665 2.0812057 2.1759383 1.9387702 2.2726724 2.2135393 2.1804864 1.7430028 1.6596531 1.5841600 1.5671588 0.5362411 0.3167842 0.2723067 0.2954545 0.3099067 0.2368191 0.2382823 0.0000000 0.1734195 0.1974821 0.6739675 1.1811605 0.9907726 0.9353897 1.1601170 1.1581460 1.1164251 0.9578870 0.9711916 1.0075821 1.3454765 1.3939983 1.3183076 1.3585259 1.4569389 1.4706789 1.3916708 1.4625811 1.0500927 1.6186780 1.6207438 1.5818398 1.5567218 
Thraupidae        1.7759250 2.0246897 1.7837299 1.8714763 1.7600380 2.2159127 1.9005883 2.1987454 2.2040573 2.2991589 2.1008685 2.3518775 2.3595921 2.3776903 1.8607134 1.7346274 1.6769848 1.7691680 0.5780941 0.3658371 0.2858102 0.3204817 0.3320610 0.2424650 0.2568910 0.1734195 0.0000000 0.2325287 0.7420614 1.2047239 1.0912621 0.9735342 1.1801463 1.1276810 1.1335557 1.0098627 1.0062844 1.0138980 1.3625310 1.4337642 1.3523492 1.4160636 1.4899834 1.4992040 1.3904275 1.4704486 1.1017180 1.6583309 1.6556945 1.5927385 1.6024784 
Alaudidae         1.7296149 1.9689591 1.7526298 1.8189194 1.6800841 2.1953061 1.8356221 2.0426732 2.0970017 2.1785927 2.0003573 2.1852429 2.3425062 2.2577216 1.7483607 1.8254101 1.5988722 1.6679086 0.5089405 0.3146247 0.2448780 0.2696586 0.2786330 0.2273114 0.2223624 0.1974821 0.2325287 0.0000000 0.6863024 1.3085884 0.9929952 0.9469727 1.2442106 1.1466963 1.0633887 1.0099505 0.9911454 0.9404928 1.3727888 1.3736453 1.4036445 1.4221240 1.5652816 1.4354101 1.4511966 1.5006965 1.1437535 1.6049870 1.5785927 1.5142105 1.5577180 
Coraciiformes     1.8130285 1.9855558 1.8442598 1.8457390 1.8173746 2.2795173 1.9908191 2.0629936 2.3429366 2.4166897 2.1273168 2.2424788 2.5471642 2.3377175 1.8615580 1.8135168 1.7047772 1.8164061 0.7312311 0.6715651 0.7095416 0.7124847 0.7463325 0.6872775 0.6691504 0.6739675 0.7420614 0.6863024 0.0000000 1.2350742 1.0481945 1.0437068 1.2875082 1.1037508 1.1658001 1.0534662 0.9840386 0.9681285 1.5513258 1.5772362 1.4970978 1.4777500 1.6567718 1.7508459 1.6202322 1.6009643 1.3099574 1.6844472 1.7077461 1.6885675 1.8330011 
Crocodylidae      1.7510783 1.9343015 1.7457931 1.7623097 1.6513101 2.1846918 1.7383096 2.0385935 1.9521572 1.8805466 1.8962525 2.0382526 2.2321305 2.0091161 1.8148180 1.5462495 1.5420530 1.6148492 1.2501368 1.1848440 1.2665222 1.3415829 1.3634910 1.3585234 1.2549332 1.1811605 1.2047239 1.3085884 1.2350742 0.0000000 1.0873735 0.9349481 1.1583850 1.1781862 1.2018335 0.9926194 0.9488907 0.9928850 1.3588636 1.3728289 1.3613605 1.5233580 1.6450229 1.5582812 1.5071160 1.4981408 1.1834410 1.8426673 1.8579556 1.8406544 1.6361026 
Carettochelyidae  1.5743656 1.6482947 1.5153266 1.5350128 1.5992529 1.9804739 1.6174026 1.7746262 1.7223992 1.9595620 1.7428429 1.9247024 2.1863726 1.8284184 1.4930785 1.5267774 1.5084648 1.5331662 1.1663730 1.0083839 1.0180588 1.1373551 1.1638703 1.0562296 0.9698966 0.9907726 1.0912621 0.9929952 1.0481945 1.0873735 0.0000000 0.6086415 1.0605567 0.9469416 0.9719834 0.8060997 0.8037282 0.8135490 1.1186650 1.2144453 1.2326142 1.3507660 1.4373698 1.4131527 1.2369048 1.3793861 1.0384204 1.6073788 1.5113475 1.4577802 1.5448810 
Kinosternidae     1.4990174 1.7251815 1.4284018 1.3976059 1.3796225 1.8142117 1.4555062 1.7603197 1.7245069 1.8067259 1.5866148 1.7373269 1.9365708 1.7797118 1.4885026 1.6399795 1.5089549 1.4761331 1.0337862 0.9840804 0.8888788 1.0403724 1.0373976 0.9481611 0.9369705 0.9353897 0.9735342 0.9469727 1.0437068 0.9349481 0.6086415 0.0000000 0.9685173 0.9176766 0.9124169 0.8207143 0.8515255 0.8168063 0.9971987 1.1305991 1.2416444 1.1284210 1.2987322 1.2418488 1.1882077 1.2822274 0.8881607 1.5392246 1.4644996 1.4923288 1.3983992 
Anomalepididae    1.6371886 1.8401721 1.6987600 1.7300969 1.6647190 1.9165070 1.6698505 1.7286626 1.8673343 1.8895365 1.8138508 1.8044363 2.0055971 2.0604166 1.5459421 1.5137475 1.4881435 1.4028407 1.2593192 1.2189217 1.1629308 1.1971232 1.2102200 1.1401841 1.1609742 1.1601170 1.1801463 1.2442106 1.2875082 1.1583850 1.0605567 0.9685173 0.0000000 0.6401791 0.5954874 0.5372473 0.5187266 0.5478719 1.1787334 1.2815157 1.3068078 1.2816335 1.4756962 1.5290296 1.2836166 1.4439530 1.0102852 1.5636687 1.5568559 1.5310824 1.6325550 
Loxocemidae       1.4044184 1.6011702 1.4093498 1.4051873 1.4980140 1.7472164 1.5004427 1.7804855 1.7746069 1.8074427 1.5849998 1.6641835 1.8963795 1.8386232 1.4710933 1.5100324 1.3903480 1.4265497 1.1166687 1.2455227 1.1134083 1.2424415 1.1742669 1.0851840 1.0852567 1.1581460 1.1276810 1.1466963 1.1037508 1.1781862 0.9469416 0.9176766 0.6401791 0.0000000 0.3626425 0.5371518 0.4876986 0.4992703 1.0446888 1.1991667 1.2484605 1.2291717 1.4451492 1.3781746 1.3678342 1.3676229 1.0128682 1.4771784 1.6004634 1.6204873 1.6133504 
Natricidae        1.5274187 1.7848888 1.5374279 1.5249520 1.5150496 1.8235002 1.6242049 1.7875168 1.8252595 1.9282278 1.6845047 1.7174528 2.0161442 1.8751323 1.4284117 1.6766322 1.4877492 1.5303030 1.2340107 1.1679387 1.0228407 1.1605958 1.1157454 1.0959429 1.0881240 1.1164251 1.1335557 1.0633887 1.1658001 1.2018335 0.9719834 0.9124169 0.5954874 0.3626425 0.0000000 0.5371138 0.5008856 0.5388268 1.0816463 1.2406445 1.2610581 1.2369618 1.4319058 1.3046149 1.2512642 1.4021743 1.0029213 1.5258096 1.5307402 1.4859919 1.5958006 
Xenosauridae      1.5790221 1.6056061 1.5195387 1.5500607 1.4856345 1.8091109 1.5819469 1.8441600 1.9060552 1.7769738 1.6451645 1.7304950 2.0990913 1.9164897 1.4386974 1.4805125 1.3445158 1.3616263 1.1157863 1.0192194 0.9793934 1.0262848 1.0384090 0.9522058 0.9628396 0.9578870 1.0098627 1.0099505 1.0534662 0.9926194 0.8060997 0.8207143 0.5372473 0.5371518 0.5371138 0.0000000 0.3746513 0.3917932 0.9397071 1.1183563 1.1104686 1.1207701 1.3308036 1.2284635 1.1201783 1.2904422 0.8292878 1.4719755 1.4634148 1.4116625 1.4368380 
Teiidae           1.3923163 1.5160961 1.4027331 1.4368338 1.3967229 1.6741025 1.4333851 1.6085176 1.7108848 1.7960215 1.5290747 1.6322081 2.0978101 1.8269855 1.2751701 1.3495333 1.1837376 1.2290280 1.0533681 0.9912985 0.9639587 1.0620066 1.0770112 0.9151687 0.9489571 0.9711916 1.0062844 0.9911454 0.9840386 0.9488907 0.8037282 0.8515255 0.5187266 0.4876986 0.5008856 0.3746513 0.0000000 0.3482108 0.8838001 0.9611551 0.9994089 1.0706216 1.1527899 1.1459207 1.0072863 1.1469751 0.7985147 1.2922443 1.2613272 1.2360757 1.3628154 
Eublepharidae     1.3429647 1.4018639 1.2910586 1.3393857 1.3216220 1.5590714 1.3614175 1.5620235 1.6729389 1.7242124 1.3790764 1.5343894 1.8824014 1.6913422 1.3287545 1.2159997 1.1661172 1.1574633 1.0237554 1.0412972 0.9467090 1.0332502 1.0231807 0.9163554 0.9157307 1.0075821 1.0138980 0.9404928 0.9681285 0.9928850 0.8135490 0.8168063 0.5478719 0.4992703 0.5388268 0.3917932 0.3482108 0.0000000 0.8373085 0.9531090 0.9922682 1.0073257 1.2242226 1.1082568 1.0646196 1.0905528 0.7853051 1.3414931 1.3313384 1.3040897 1.4485958 
Dicamptodontidae  1.4722938 1.6208595 1.4450657 1.4434513 1.4907019 1.8619073 1.4717038 1.6759422 1.7241524 1.6148716 1.5145141 1.6796296 2.0962809 1.7988079 1.3848133 1.4284143 1.4253249 1.3585763 1.3687967 1.3698649 1.2702891 1.4321586 1.3564876 1.3795942 1.2832344 1.3454765 1.3625310 1.3727888 1.5513258 1.3588636 1.1186650 0.9971987 1.1787334 1.0446888 1.0816463 0.9397071 0.8838001 0.8373085 0.0000000 0.6411899 0.6298711 0.7998098 0.8680999 0.8175378 0.6996651 0.8544342 0.4825025 1.3302600 1.2047635 1.2008808 1.3103708 
Alytidae          1.4470024 1.6247385 1.3741795 1.3443559 1.4046616 1.7509893 1.5783153 1.7247639 1.7380051 1.8363595 1.5502031 1.7486735 2.4174735 1.8832423 1.6088979 1.5263246 1.4434452 1.4071343 1.4420644 1.4057957 1.3523001 1.5370716 1.5172528 1.4303947 1.3198599 1.3939983 1.4337642 1.3736453 1.5772362 1.3728289 1.2144453 1.1305991 1.2815157 1.1991667 1.2406445 1.1183563 0.9611551 0.9531090 0.6411899 0.0000000 0.6163968 0.8483734 0.9116270 0.8253094 0.6970658 0.8524389 0.5587129 1.4464291 1.2722125 1.1850547 1.4730807 
Heleophrynidae    1.4888247 1.7046173 1.4206119 1.3694765 1.4720791 1.6336106 1.5330808 1.7039164 1.7307553 1.9410093 1.6470038 1.7772941 2.2261330 1.9228397 1.5248586 1.4521517 1.3336997 1.4019396 1.3597108 1.3883922 1.4136434 1.4655166 1.4212162 1.3912671 1.4316906 1.3183076 1.3523492 1.4036445 1.4970978 1.3613605 1.2326142 1.2416444 1.3068078 1.2484605 1.2610581 1.1104686 0.9994089 0.9922682 0.6298711 0.6163968 0.0000000 0.6669936 0.7445351 0.6644511 0.5248906 0.6606501 0.5421860 1.3550100 1.3389640 1.2889850 1.5326482 
Leptodactylidae   1.7496079 1.9710411 1.7053428 1.6263507 1.7142304 1.9435471 1.7813510 1.9923735 2.0281522 2.0499995 1.7548747 2.0123603 2.5873858 2.3461846 1.7896096 1.6708396 1.5498574 1.6195218 1.5676134 1.4651137 1.3995668 1.4353096 1.3939468 1.4149454 1.3528026 1.3585259 1.4160636 1.4221240 1.4777500 1.5233580 1.3507660 1.1284210 1.2816335 1.2291717 1.2369618 1.1207701 1.0706216 1.0073257 0.7998098 0.8483734 0.6669936 0.0000000 0.4285112 0.7216040 0.6207275 0.7275896 0.7036001 1.4186222 1.4801007 1.4399454 1.4835700 
Strabomantidae    1.8754723 2.1640338 1.9013929 1.8325272 1.9899668 2.1620292 2.1408519 2.1349001 2.1940562 2.2743528 2.0283345 2.2864234 2.7306271 2.6665680 2.0069002 1.9258443 1.6834672 1.7305288 1.5859607 1.6304597 1.4828586 1.5981135 1.5699192 1.5143503 1.4443703 1.4569389 1.4899834 1.5652816 1.6567718 1.6450229 1.4373698 1.2987322 1.4756962 1.4451492 1.4319058 1.3308036 1.1527899 1.2242226 0.8680999 0.9116270 0.7445351 0.4285112 0.0000000 0.8604909 0.7376883 0.8315418 0.7712384 1.4600921 1.4479213 1.3979141 1.4827462 
Micrixalidae      1.6724770 1.6377392 1.5529563 1.4741987 1.4849781 1.7398887 1.7097093 1.8727902 1.9413115 1.8155728 1.6449076 1.8442646 2.4426810 2.0646680 1.6882833 1.8543328 1.5901462 1.6613246 1.7276820 1.5350493 1.4191953 1.5212146 1.4707776 1.5293847 1.4556699 1.4706789 1.4992040 1.4354101 1.7508459 1.5582812 1.4131527 1.2418488 1.5290296 1.3781746 1.3046149 1.2284635 1.1459207 1.1082568 0.8175378 0.8253094 0.6644511 0.7216040 0.8604909 0.0000000 0.5884016 0.7093014 0.7534230 1.6440472 1.5767934 1.5562138 1.7348253 
Hemisotidae       1.8827424 1.9662820 1.6938243 1.6495867 1.6878855 2.0000835 1.8108495 1.9437887 1.8867000 1.9821751 1.7819418 1.9779194 2.6263429 2.3091801 1.8172765 1.6757858 1.6300510 1.6978159 1.4947851 1.3953126 1.3786822 1.3964317 1.4582519 1.3922559 1.3532424 1.3916708 1.3904275 1.4511966 1.6202322 1.5071160 1.2369048 1.1882077 1.2836166 1.3678342 1.2512642 1.1201783 1.0072863 1.0646196 0.6996651 0.6970658 0.5248906 0.6207275 0.7376883 0.5884016 0.0000000 0.5305325 0.6362634 1.4963732 1.3385749 1.3072748 1.5446883 
Asterophryidae    1.6591536 1.7997760 1.5528393 1.4823424 1.5633247 1.7333913 1.7176743 1.7867110 1.7981380 1.9488245 1.6377564 1.8386950 2.3184147 1.9838265 1.7294664 1.5991187 1.5204968 1.5922466 1.4944968 1.4679991 1.4511228 1.4537634 1.5699710 1.5257931 1.4472026 1.4625811 1.4704486 1.5006965 1.6009643 1.4981408 1.3793861 1.2822274 1.4439530 1.3676229 1.4021743 1.2904422 1.1469751 1.0905528 0.8544342 0.8524389 0.6606501 0.7275896 0.8315418 0.7093014 0.5305325 0.0000000 0.8085939 1.4996291 1.3930186 1.4122245 1.6553193 
Caeciliidae2      1.4151198 1.6033316 1.3574549 1.3188506 1.3672261 1.6919518 1.5076210 1.6269306 1.8006480 1.7363817 1.5027521 1.7423475 2.1503678 1.6279758 1.4522930 1.3076739 1.2582240 1.2207927 1.1588605 1.1759378 1.0737976 1.2097791 1.1700705 1.1091205 1.0673318 1.0500927 1.1017180 1.1437535 1.3099574 1.1834410 1.0384204 0.8881607 1.0102852 1.0128682 1.0029213 0.8292878 0.7985147 0.7853051 0.4825025 0.5587129 0.5421860 0.7036001 0.7712384 0.7534230 0.6362634 0.8085939 0.0000000 1.0608805 1.1891113 1.1604471 1.2566532 
Polypteriformes   1.8568138 1.9315672 1.9414057 1.8857990 1.8326742 2.2046732 2.0372894 2.2141493 1.9834066 2.1726256 2.0341993 2.0269979 2.4981685 2.4054359 1.8648939 1.7547717 1.5831623 1.6832228 1.6942410 1.7197305 1.6590917 1.8960136 1.8154837 1.6057811 1.6367710 1.6186780 1.6583309 1.6049870 1.6844472 1.8426673 1.6073788 1.5392246 1.5636687 1.4771784 1.5258096 1.4719755 1.2922443 1.3414931 1.3302600 1.4464291 1.3550100 1.4186222 1.4600921 1.6440472 1.4963732 1.4996291 1.0608805 0.0000000 0.9830977 0.9927194 1.2697233 
Channichthyidae   2.2192526 2.1961134 1.9832090 1.9898986 1.9880497 2.4812131 2.1098393 2.2182175 2.1055545 2.1876578 2.0971443 2.1782530 2.4963400 2.5539293 1.9372138 1.9906745 1.8577514 1.8841178 1.5289033 1.6330886 1.5566880 1.8002100 1.7907791 1.6142589 1.6194448 1.6207438 1.6556945 1.5785927 1.7077461 1.8579556 1.5113475 1.4644996 1.5568559 1.6004634 1.5307402 1.4634148 1.2613272 1.3313384 1.2047635 1.2722125 1.3389640 1.4801007 1.4479213 1.5767934 1.3385749 1.3930186 1.1891113 0.9830977 0.0000000 0.1173288 1.2561057 
Pseudaphritidae   2.1935212 2.3970368 2.0488552 2.0546091 2.0753917 2.4395331 2.1034103 2.2831127 2.1383274 2.2161028 2.0719546 2.1793353 2.6182983 2.6354937 2.0478460 1.9641901 1.8837976 1.8633539 1.4952645 1.5999971 1.4829600 1.7345799 1.7284160 1.5609168 1.6116746 1.5818398 1.5927385 1.5142105 1.6885675 1.8406544 1.4577802 1.4923288 1.5310824 1.6204873 1.4859919 1.4116625 1.2360757 1.3040897 1.2008808 1.1850547 1.2889850 1.4399454 1.3979141 1.5562138 1.3072748 1.4122245 1.1604471 0.9927194 0.1173288 0.0000000 1.3108491 
Carcharhinidae    1.9144102 2.1635617 1.8827137 1.8315640 1.9660843 2.3029809 2.1273872 2.2164210 2.1195171 2.2111637 2.0046895 2.1039794 2.3224668 2.2981098 2.0059439 1.8725460 1.8395609 1.8425824 1.6476921 1.7182586 1.5493417 1.6633918 1.6182533 1.6198153 1.6652053 1.5567218 1.6024784 1.5577180 1.8330011 1.6361026 1.5448810 1.3983992 1.6325550 1.6133504 1.5958006 1.4368380 1.3628154 1.4485958 1.3103708 1.4730807 1.5326482 1.4835700 1.4827462 1.7348253 1.5446883 1.6553193 1.2566532 1.2697233 1.2561057 1.3108491 0.0000000 
