51
Pitheciidae       0.0000000 0.4895821 0.3269083 0.3667592 0.4403891 0.3068461 0.4012133 0.5315781 0.4594877 0.3471494 0.4353526 0.4893656 0.3030609 0.3354248 0.4343978 0.6186668 0.5772297 0.6405474 0.8955117 0.9526530 0.9089653 0.9159785 0.8521222 0.9620584 0.9503922 0.9522885 1.0313780 0.9905548 0.9160818 0.8202210 0.9431010 0.8679522 1.0144873 0.9868441 1.0232211 1.0785185 0.9927643 0.9207384 1.0884989 0.9545897 1.5638220 1.2820213 1.3055527 1.5480822 1.1286952 1.4254585 1.0334941 2.0487676 2.2140187 2.2521120 2.0415312 
Scandentia        0.4895821 0.0000000 0.5253569 0.6296899 0.6638308 0.5453463 0.6975342 0.7368469 0.7634485 0.5418963 0.6757706 0.7544400 0.5523598 0.4971072 0.6768726 0.7824316 0.7496280 0.8786025 0.9536252 1.0137504 1.0220528 1.0636904 0.9970753 1.0266006 1.0658576 1.0556562 1.1552786 1.1379043 1.1146617 1.1456989 1.2065818 1.1219551 1.1720332 1.0109992 1.0780957 1.1033673 1.0777029 1.1921563 1.5041627 1.3639348 1.9737661 1.7461974 1.8421230 1.8373030 1.4708579 1.9195252 1.5129906 2.3578268 2.1318484 2.1918527 2.1956719 
Erethizontidae    0.3269083 0.5253569 0.0000000 0.1709584 0.5133327 0.2684788 0.4243114 0.4864408 0.4504427 0.3779539 0.4591678 0.6374600 0.3494966 0.3672971 0.4324034 0.6518383 0.5965787 0.6738875 0.9329758 0.9477727 0.9528540 0.9954877 0.9091532 0.9913826 1.0016362 1.0036263 1.0842780 1.0714454 0.9205843 0.8204663 0.9335664 0.9986317 1.1581141 0.9711446 1.0683155 1.1131649 0.9808131 0.9916932 1.2331357 0.9956895 1.6700210 1.4136463 1.3067592 1.4742228 1.0157814 1.2767520 1.2098966 2.1283929 2.1175579 2.4722556 1.9532758 
Capromyidae       0.3667592 0.6296899 0.1709584 0.0000000 0.4958276 0.3266916 0.4772727 0.6275276 0.5975653 0.4298340 0.4645226 0.6443690 0.3987121 0.3989667 0.4476146 0.7102900 0.6295156 0.6607752 0.9613336 1.0527026 1.0000805 1.0315749 0.9552283 1.0490607 1.0585466 1.0782396 1.1478226 1.1345999 0.9764830 0.9292629 1.0502646 1.0753638 1.2505093 1.0026271 1.0927591 1.2216550 1.0272321 0.9952102 1.2644148 0.9567970 1.6309153 1.4570612 1.3235770 1.6127457 1.1867363 1.4433557 1.2420298 1.9968545 2.1427351 2.4225905 2.0658434 
Muridae           0.4403891 0.6638308 0.5133327 0.4958276 0.0000000 0.4054647 0.5100429 0.6337965 0.6688206 0.5048386 0.5398660 0.6821078 0.4418221 0.4306631 0.5093534 0.7924162 0.6641031 0.7527319 1.0512068 1.0829369 0.9639842 1.0952461 0.9446124 1.0602467 1.0094297 1.0452751 1.1624321 1.0906151 1.1146853 1.0911715 1.1321032 1.2135284 1.2859491 1.1931122 1.2196730 1.1404658 0.9804419 1.1392878 1.3798200 1.1479394 1.8973982 1.5630296 1.5537406 1.8677832 1.5953629 1.8229630 1.3896049 1.9977944 2.4868150 2.7917948 2.2504245 
Castoridae        0.3068461 0.5453463 0.2684788 0.3266916 0.4054647 0.0000000 0.3569061 0.4870436 0.4538299 0.3308316 0.4292473 0.5094428 0.3205985 0.3176550 0.3615931 0.6299223 0.6052720 0.6164395 0.8665990 0.9119793 0.8530416 0.8955110 0.7911474 0.8599199 0.8411033 0.8900264 0.9109532 0.9257731 0.8956042 0.8874867 0.9175645 0.9241896 1.0466454 1.0287067 1.0713877 1.0413755 0.9326207 0.9579474 1.1109386 0.9744461 1.5376827 1.3672270 1.3313044 1.5606737 1.1155649 1.3797569 1.1653026 2.0807993 1.9301654 2.1968793 1.8312755 
Suidae            0.4012133 0.6975342 0.4243114 0.4772727 0.5100429 0.3569061 0.0000000 0.2982607 0.3252606 0.3457089 0.3737454 0.5260829 0.2717620 0.2739832 0.4646116 0.6174745 0.5375239 0.5836629 0.8969466 0.8329030 0.7350846 0.8399005 0.7893464 0.8114581 0.8016170 0.8295411 0.8512048 0.9002873 0.8926460 0.8468590 0.9463120 0.9826103 0.9232926 0.8412110 0.8680145 0.8906864 0.9150250 0.7878884 1.0920012 1.0423274 1.5429296 1.2455225 1.2754096 1.6077131 1.2544281 1.3592307 1.0851542 2.0324857 2.1284716 2.3896412 2.0313535 
Hippopotamidae    0.5315781 0.7368469 0.4864408 0.6275276 0.6337965 0.4870436 0.2982607 0.0000000 0.3141908 0.3879193 0.4527840 0.5159091 0.3672521 0.3860868 0.5686784 0.7512849 0.6479229 0.7016254 0.9467522 1.0309293 0.8427427 0.8829603 0.8300441 0.9153818 0.9131042 0.8945937 0.9296571 1.0048553 0.9095085 0.9019202 0.9130863 0.8623412 0.9641826 0.8542110 0.7884382 0.9169328 0.9921144 0.9480429 1.0869720 1.1001935 1.6771156 1.2488616 1.3231446 1.7579490 1.3393935 1.4751124 1.0693637 2.2523782 2.2054413 2.1107079 2.1500174 
Hyperoodontidae   0.4594877 0.7634485 0.4504427 0.5975653 0.6688206 0.4538299 0.3252606 0.3141908 0.0000000 0.3505372 0.3830942 0.4930361 0.2719696 0.3498996 0.5118330 0.6938263 0.6283201 0.6462416 0.8992719 0.9274262 0.8007244 0.8139559 0.7919285 0.8354169 0.8421513 0.8968517 0.8953942 0.9683455 0.9269965 0.9155694 0.9698021 0.9122544 0.9372022 0.9794009 0.9724745 1.0334056 1.0119463 1.0757956 1.1480292 1.0805058 1.6364873 1.2783706 1.3198745 1.6861620 1.3964972 1.3760597 1.0939548 2.2311492 2.1817457 2.1627659 1.9626688 
Vespertilionidae  0.3471494 0.5418963 0.3779539 0.4298340 0.5048386 0.3308316 0.3457089 0.3879193 0.3505372 0.0000000 0.2189688 0.2888947 0.2575957 0.2724225 0.4006199 0.5880984 0.5140726 0.5427974 0.8595168 0.8701252 0.7997745 0.8219445 0.7570963 0.8524616 0.7925046 0.8677584 0.8814154 0.8870217 0.8057436 0.8265136 0.9211431 0.8322738 1.0376063 0.9520129 0.9929817 0.9520129 1.0244589 0.9969985 1.1551946 1.0532376 1.5503739 1.3981276 1.3374628 1.6018855 1.3233057 1.5616409 1.2755956 2.2416038 2.3434009 2.5447811 1.7760169 
Furipteridae      0.4353526 0.6757706 0.4591678 0.4645226 0.5398660 0.4292473 0.3737454 0.4527840 0.3830942 0.2189688 0.0000000 0.3233693 0.3003195 0.3015387 0.4299451 0.6276419 0.5691292 0.6105394 0.8603161 0.8990037 0.7917196 0.8303262 0.8145685 0.8286336 0.8444255 0.8943943 0.9087123 0.9069881 0.8071569 0.8410363 0.9767348 0.9312855 1.0613944 0.8574039 0.9236099 0.9706822 0.8586706 0.9407743 1.2718786 1.0253589 1.5460518 1.4232345 1.3047173 1.6414790 1.4116352 1.6021851 1.3425056 2.0159609 2.1271803 2.3217660 2.0261413 
Rhinolophidae     0.4893656 0.7544400 0.6374600 0.6443690 0.6821078 0.5094428 0.5260829 0.5159091 0.4930361 0.2888947 0.3233693 0.0000000 0.4194430 0.4192508 0.4397151 0.6945728 0.6311401 0.6710223 0.9894362 1.0403705 0.9095822 0.9461859 0.9318592 0.9847822 0.9740834 1.0242201 0.9556197 1.0288039 0.9417869 1.0175492 0.9998148 0.9930850 1.0105157 1.0654073 1.1614269 1.0118547 1.0784209 0.9601490 1.2142348 1.1603643 1.5392549 1.3273686 1.2583443 1.6245104 1.3265826 1.6019096 1.3373353 2.1758816 2.3735047 2.4976086 2.2373337 
Viverridae        0.3030609 0.5523598 0.3494966 0.3987121 0.4418221 0.3205985 0.2717620 0.3672521 0.2719696 0.2575957 0.3003195 0.4194430 0.0000000 0.1735013 0.3732853 0.5033906 0.4397860 0.4923963 0.8349688 0.8945601 0.7542790 0.8384371 0.7600724 0.8031665 0.8170314 0.8660483 0.8636888 0.8475842 0.8330274 0.7548626 0.8241574 0.7319201 0.8832506 0.8734410 0.8600684 0.9178170 0.8884341 0.8314662 0.9876457 0.9083070 1.5001811 1.2125742 1.1853816 1.5738244 1.1777352 1.3683830 1.1027073 1.9458593 2.1168047 2.4666771 1.7652091 
Procyonidae       0.3354248 0.4971072 0.3672971 0.3989667 0.4306631 0.3176550 0.2739832 0.3860868 0.3498996 0.2724225 0.3015387 0.4192508 0.1735013 0.0000000 0.4009321 0.5397551 0.4726109 0.5141334 0.7959846 0.8530498 0.7446754 0.8224459 0.7930933 0.8113561 0.8257404 0.8505193 0.8844806 0.8798843 0.7594907 0.8060723 0.8477952 0.7544820 0.8967018 0.9252561 0.8554495 0.8963844 0.9098538 0.8181612 0.9725047 0.9208829 1.4867896 1.2044935 1.2092900 1.3420647 1.1212083 1.3103748 1.0836798 1.8777741 2.1185969 2.3962370 1.7722266 
Myrmecophagidae   0.4343978 0.6768726 0.4324034 0.4476146 0.5093534 0.3615931 0.4646116 0.5686784 0.5118330 0.4006199 0.4299451 0.4397151 0.3732853 0.4009321 0.0000000 0.6065911 0.5000004 0.5733557 0.9182635 0.8635465 0.8052164 0.8813645 0.8106897 0.8709776 0.8849208 0.8849177 0.9531426 0.9756746 0.9278983 0.7740915 0.8491743 0.8477469 0.9546035 0.9049381 1.0187423 1.0078532 0.8342245 0.7893811 0.9798111 0.9756665 1.5214924 1.2809852 1.1992180 1.4195164 1.1266796 1.2764870 1.0952009 1.8950575 2.0201563 2.2742800 1.9088665 
Caluromyidae      0.6186668 0.7824316 0.6518383 0.7102900 0.7924162 0.6299223 0.6174745 0.7512849 0.6938263 0.5880984 0.6276419 0.6945728 0.5033906 0.5397551 0.6065911 0.0000000 0.1590662 0.2198495 0.9259092 0.8661779 0.8376321 0.8657009 0.8114535 0.8641096 0.8313617 0.8752452 0.9125929 0.9826919 0.9208474 0.7514742 0.8637418 0.8920048 1.0035824 0.9639633 0.8991826 0.9198133 0.9445415 0.8842962 1.0774438 1.1068719 1.6737623 1.3996668 1.2746203 1.3755421 1.2078850 1.3419190 1.1659450 1.9278191 2.2329181 2.5106136 1.9082676 
Thylacomyidae     0.5772297 0.7496280 0.5965787 0.6295156 0.6641031 0.6052720 0.5375239 0.6479229 0.6283201 0.5140726 0.5691292 0.6311401 0.4397860 0.4726109 0.5000004 0.1590662 0.0000000 0.1669398 0.8494618 0.7504939 0.7470061 0.7865960 0.7240528 0.8041733 0.7535832 0.7834124 0.8264735 0.8688761 0.8379609 0.7475974 0.8059684 0.8224535 0.8281167 0.8392089 0.8393818 0.8301688 0.7872214 0.7812908 1.0336463 1.0170289 1.5840309 1.2369380 1.2105274 1.3873335 1.2476315 1.2991348 1.1014013 1.7835327 2.1956724 2.4747511 1.8220719 
Phalangeridae     0.6405474 0.8786025 0.6738875 0.6607752 0.7527319 0.6164395 0.5836629 0.7016254 0.6462416 0.5427974 0.6105394 0.6710223 0.4923963 0.5141334 0.5733557 0.2198495 0.1669398 0.0000000 0.9182169 0.8513242 0.7877338 0.7908496 0.7627339 0.8348360 0.7810841 0.8110734 0.8665057 0.8877995 0.9370119 0.7960115 0.9091273 0.9056327 0.8347370 0.8838437 0.8127254 0.9379349 0.8868626 0.8556224 1.0095020 1.0878223 1.6080567 1.2861248 1.2465450 1.4552861 1.2756930 1.3634236 1.2529405 1.7958048 2.1391768 2.3903225 1.9086779 
Tityridae         0.8955117 0.9536252 0.9329758 0.9613336 1.0512068 0.8665990 0.8969466 0.9467522 0.8992719 0.8595168 0.8603161 0.9894362 0.8349688 0.7959846 0.9182635 0.9259092 0.8494618 0.9182169 0.0000000 0.1872511 0.1403155 0.1549911 0.1676986 0.1075190 0.1299613 0.1443413 0.1670631 0.1596544 0.2559758 0.4123723 0.5760499 0.6639123 0.7038032 0.7503914 0.6941181 0.6708052 0.7627525 0.8590179 0.9998553 0.8759552 1.6463343 1.0509951 1.0525542 1.2793193 1.3205943 1.4600386 1.0404033 1.9934913 2.2995481 2.5851380 2.0244481 
Ptilonorhynchidae 0.9526530 1.0137504 0.9477727 1.0527026 1.0829369 0.9119793 0.8329030 1.0309293 0.9274262 0.8701252 0.8990037 1.0403705 0.8945601 0.8530498 0.8635465 0.8661779 0.7504939 0.8513242 0.1872511 0.0000000 0.1195022 0.1489879 0.1667097 0.1057602 0.1288186 0.1335271 0.1719059 0.1702440 0.2351686 0.4529162 0.6168390 0.7029763 0.7108276 0.7487323 0.7503419 0.7112124 0.7892506 0.8024477 1.1023127 0.9489565 1.6364049 1.1801159 1.1940816 1.1626101 1.2197252 1.3445443 1.1384280 2.1964622 2.4158783 2.6949727 2.0979763 
Callaeatidae      0.9089653 1.0220528 0.9528540 1.0000805 0.9639842 0.8530416 0.7350846 0.8427427 0.8007244 0.7997745 0.7917196 0.9095822 0.7542790 0.7446754 0.8052164 0.8376321 0.7470061 0.7877338 0.1403155 0.1195022 0.0000000 0.0925217 0.0933215 0.0447076 0.0655042 0.0784969 0.1022603 0.0994896 0.2211889 0.3972461 0.5462886 0.6179003 0.6539494 0.7286021 0.6646226 0.6214974 0.7423512 0.7577093 0.9182272 0.8580239 1.4809377 1.0201121 1.0303833 1.2068892 1.1954102 1.3276221 1.0447278 1.9971226 2.4114854 2.7011886 1.9775185 
Monarchidae       0.9159785 1.0636904 0.9954877 1.0315749 1.0952461 0.8955110 0.8399005 0.8829603 0.8139559 0.8219445 0.8303262 0.9461859 0.8384371 0.8224459 0.8813645 0.8657009 0.7865960 0.7908496 0.1549911 0.1489879 0.0925217 0.0000000 0.1070726 0.0749416 0.0964537 0.1100520 0.1257237 0.1332118 0.2265763 0.4223440 0.6295352 0.6518994 0.6074502 0.7619209 0.7267153 0.7251135 0.7712697 0.8389051 1.0146874 0.8923284 1.4617843 1.0663861 1.0481536 1.3131869 1.2699993 1.4202894 1.0301776 2.0137708 2.4077575 2.6915544 2.0476356 
Malaconotidae     0.8521222 0.9970753 0.9091532 0.9552283 0.9446124 0.7911474 0.7893464 0.8300441 0.7919285 0.7570963 0.8145685 0.9318592 0.7600724 0.7930933 0.8106897 0.8114535 0.7240528 0.7627339 0.1676986 0.1667097 0.0933215 0.1070726 0.0000000 0.0802807 0.0929378 0.1066164 0.1321368 0.1298053 0.2224347 0.4192074 0.5487398 0.5725549 0.7024500 0.7613202 0.7416292 0.7311474 0.7920556 0.7649671 0.9809759 0.8434796 1.4721775 1.0567956 1.0672721 1.3098318 1.1447002 1.3260644 1.0805934 2.0240813 2.3586195 2.6222555 1.9183698 
Certhiidae        0.9620584 1.0266006 0.9913826 1.0490607 1.0602467 0.8599199 0.8114581 0.9153818 0.8354169 0.8524616 0.8286336 0.9847822 0.8031665 0.8113561 0.8709776 0.8641096 0.8041733 0.8348360 0.1075190 0.1057602 0.0447076 0.0749416 0.0802807 0.0000000 0.0358577 0.0482370 0.0704041 0.0672053 0.2056352 0.3819763 0.5753840 0.6162631 0.6596788 0.6929068 0.6573165 0.6569326 0.7313183 0.8121584 0.9665923 0.8691593 1.4968829 1.0383806 1.0520528 1.2523037 1.2606908 1.3752993 1.0463285 2.0585230 2.3683926 2.6413354 2.0061819 
Cinclidae         0.9503922 1.0658576 1.0016362 1.0585466 1.0094297 0.8411033 0.8016170 0.9131042 0.8421513 0.7925046 0.8444255 0.9740834 0.8170314 0.8257404 0.8849208 0.8313617 0.7535832 0.7810841 0.1299613 0.1288186 0.0655042 0.0964537 0.0929378 0.0358577 0.0000000 0.0602885 0.0828089 0.0798060 0.2201115 0.4068132 0.6105482 0.6507745 0.6619789 0.7387111 0.7190164 0.6594263 0.7780191 0.7885816 0.9746837 0.8586864 1.4905135 1.0348312 0.9862374 1.2659031 1.2486215 1.3861464 1.0786184 2.0594069 2.3610975 2.6398935 1.9745574 
Ploceidae         0.9522885 1.0556562 1.0036263 1.0782396 1.0452751 0.8900264 0.8295411 0.8945937 0.8968517 0.8677584 0.8943943 1.0242201 0.8660483 0.8505193 0.8849177 0.8752452 0.7834124 0.8110734 0.1443413 0.1335271 0.0784969 0.1100520 0.1066164 0.0482370 0.0602885 0.0000000 0.0694788 0.0841588 0.2374608 0.4511450 0.6117283 0.6980056 0.7041658 0.7329885 0.7414040 0.6817733 0.7462743 0.8132712 1.0171858 0.8765725 1.4796545 1.0843347 1.0858623 1.2631291 1.2970223 1.3663260 1.0550874 2.0931326 2.3733123 2.6493471 2.0090831 
Thraupidae        1.0313780 1.1552786 1.0842780 1.1478226 1.1624321 0.9109532 0.8512048 0.9296571 0.8953942 0.8814154 0.9087123 0.9556197 0.8636888 0.8844806 0.9531426 0.9125929 0.8264735 0.8665057 0.1670631 0.1719059 0.1022603 0.1257237 0.1321368 0.0704041 0.0828089 0.0694788 0.0000000 0.1086014 0.2295544 0.4519225 0.6777867 0.6658290 0.7176203 0.8029882 0.7599483 0.6824130 0.8007405 0.8722062 1.0810015 0.9963129 1.5897170 1.1750472 1.1802230 1.3732960 1.4148216 1.5303069 1.1554372 2.1399279 2.4302482 2.7123115 1.9475476 
Alaudidae         0.9905548 1.1379043 1.0714454 1.1345999 1.0906151 0.9257731 0.9002873 1.0048553 0.9683455 0.8870217 0.9069881 1.0288039 0.8475842 0.8798843 0.9756746 0.9826919 0.8688761 0.8877995 0.1596544 0.1702440 0.0994896 0.1332118 0.1298053 0.0672053 0.0798060 0.0841588 0.1086014 0.0000000 0.2291262 0.4351850 0.5666975 0.6264211 0.7243156 0.7709340 0.7831308 0.6612181 0.7688742 0.8481577 1.0063157 0.8525702 1.5296674 0.9931045 1.0741342 1.3156739 1.3081894 1.4589396 1.0791583 2.0999624 2.3953831 2.5838761 2.0614192 
Coraciiformes     0.9160818 1.1146617 0.9205843 0.9764830 1.1146853 0.8956042 0.8926460 0.9095085 0.9269965 0.8057436 0.8071569 0.9417869 0.8330274 0.7594907 0.9278983 0.9208474 0.8379609 0.9370119 0.2559758 0.2351686 0.2211889 0.2265763 0.2224347 0.2056352 0.2201115 0.2374608 0.2295544 0.2291262 0.0000000 0.4850044 0.6372740 0.6618153 0.8055326 0.8664665 0.7697179 0.8185453 0.9443926 0.8450558 1.0782310 0.8599322 1.6563671 1.1754570 1.1782298 1.2823349 1.2857484 1.4302620 1.1669574 2.0088497 2.4988862 2.7932479 1.9220633 
Crocodylidae      0.8202210 1.1456989 0.8204663 0.9292629 1.0911715 0.8874867 0.8468590 0.9019202 0.9155694 0.8265136 0.8410363 1.0175492 0.7548626 0.8060723 0.7740915 0.7514742 0.7475974 0.7960115 0.4123723 0.4529162 0.3972461 0.4223440 0.4192074 0.3819763 0.4068132 0.4511450 0.4519225 0.4351850 0.4850044 0.0000000 0.5022862 0.4752613 0.6754046 0.7516927 0.6653673 0.6258704 0.8174704 0.6901752 0.9155624 0.9423352 1.5192240 0.9234706 0.8962200 1.2477404 1.0484854 1.2922073 1.1276688 1.9584294 2.5764726 2.9141755 1.8132867 
Carettochelyidae  0.9431010 1.2065818 0.9335664 1.0502646 1.1321032 0.9175645 0.9463120 0.9130863 0.9698021 0.9211431 0.9767348 0.9998148 0.8241574 0.8477952 0.8491743 0.8637418 0.8059684 0.9091273 0.5760499 0.6168390 0.5462886 0.6295352 0.5487398 0.5753840 0.6105482 0.6117283 0.6777867 0.5666975 0.6372740 0.5022862 0.0000000 0.3926656 0.7741604 0.7069316 0.7705808 0.7142027 0.8869401 0.6519780 0.9128574 0.9702185 1.5364457 1.1645812 1.0897827 1.2550281 1.1014792 1.2704285 1.0046815 1.9818118 2.5238080 2.9307316 2.1109298 
Kinosternidae     0.8679522 1.1219551 0.9986317 1.0753638 1.2135284 0.9241896 0.9826103 0.8623412 0.9122544 0.8322738 0.9312855 0.9930850 0.7319201 0.7544820 0.8477469 0.8920048 0.8224535 0.9056327 0.6639123 0.7029763 0.6179003 0.6518994 0.5725549 0.6162631 0.6507745 0.6980056 0.6658290 0.6264211 0.6618153 0.4752613 0.3926656 0.0000000 0.8183515 0.7874936 0.7745911 0.8082909 0.9718902 0.8106878 1.0604889 1.0686501 1.7217575 1.2079318 1.2106683 1.4084105 1.2555446 1.5936427 1.2003017 2.2310614 2.7021288 2.9018620 2.2053501 
Anomalepididae    1.0144873 1.1720332 1.1581141 1.2505093 1.2859491 1.0466454 0.9232926 0.9641826 0.9372022 1.0376063 1.0613944 1.0105157 0.8832506 0.8967018 0.9546035 1.0035824 0.8281167 0.8347370 0.7038032 0.7108276 0.6539494 0.6074502 0.7024500 0.6596788 0.6619789 0.7041658 0.7176203 0.7243156 0.8055326 0.6754046 0.7741604 0.8183515 0.0000000 0.4276018 0.4337662 0.4527298 0.4773784 0.4859854 1.1786405 1.1551547 1.9517889 1.2916616 1.3232259 1.5321824 1.3044764 1.3173222 1.2839252 2.4748288 2.3733073 2.6489155 2.3224170 
Loxocemidae       0.9868441 1.0109992 0.9711446 1.0026271 1.1931122 1.0287067 0.8412110 0.8542110 0.9794009 0.9520129 0.8574039 1.0654073 0.8734410 0.9252561 0.9049381 0.9639633 0.8392089 0.8838437 0.7503914 0.7487323 0.7286021 0.7619209 0.7613202 0.6929068 0.7387111 0.7329885 0.8029882 0.7709340 0.8664665 0.7516927 0.7069316 0.7874936 0.4276018 0.0000000 0.2582187 0.4929718 0.5029264 0.4057247 1.1699438 1.0148876 1.6833332 1.2435462 1.1233526 1.3753071 1.3113007 1.3303655 1.1299945 2.2938337 2.6614297 2.9832662 2.2634918 
Natricidae        1.0232211 1.0780957 1.0683155 1.0927591 1.2196730 1.0713877 0.8680145 0.7884382 0.9724745 0.9929817 0.9236099 1.1614269 0.8600684 0.8554495 1.0187423 0.8991826 0.8393818 0.8127254 0.6941181 0.7503419 0.6646226 0.7267153 0.7416292 0.6573165 0.7190164 0.7414040 0.7599483 0.7831308 0.7697179 0.6653673 0.7705808 0.7745911 0.4337662 0.2582187 0.0000000 0.4613983 0.5845122 0.5073554 1.1775469 1.1502758 1.8646759 1.3277937 1.2156620 1.6457610 1.4610949 1.5371405 1.2202828 2.4518459 2.4732531 2.8628406 2.4184782 
Xenosauridae      1.0785185 1.1033673 1.1131649 1.2216550 1.1404658 1.0413755 0.8906864 0.9169328 1.0334056 0.9520129 0.9706822 1.0118547 0.9178170 0.8963844 1.0078532 0.9198133 0.8301688 0.9379349 0.6708052 0.7112124 0.6214974 0.7251135 0.7311474 0.6569326 0.6594263 0.6817733 0.6824130 0.6612181 0.8185453 0.6258704 0.7142027 0.8082909 0.4527298 0.4929718 0.4613983 0.0000000 0.5652582 0.5126853 1.2407183 1.0663134 1.7863272 1.1512958 1.1837795 1.3966126 1.4047394 1.4567574 1.0881858 2.3323590 2.3292426 2.6275320 2.2542814 
Teiidae           0.9927643 1.0777029 0.9808131 1.0272321 0.9804419 0.9326207 0.9150250 0.9921144 1.0119463 1.0244589 0.8586706 1.0784209 0.8884341 0.9098538 0.8342245 0.9445415 0.7872214 0.8868626 0.7627525 0.7892506 0.7423512 0.7712697 0.7920556 0.7313183 0.7780191 0.7462743 0.8007405 0.7688742 0.9443926 0.8174704 0.8869401 0.9718902 0.4773784 0.5029264 0.5845122 0.5652582 0.0000000 0.4821648 1.3218033 1.0897181 1.8867348 1.3335573 1.2608833 1.5811336 1.5664949 1.4230953 1.3248798 2.3293292 2.3946926 2.6877486 2.2144205 
Eublepharidae     0.9207384 1.1921563 0.9916932 0.9952102 1.1392878 0.9579474 0.7878884 0.9480429 1.0757956 0.9969985 0.9407743 0.9601490 0.8314662 0.8181612 0.7893811 0.8842962 0.7812908 0.8556224 0.8590179 0.8024477 0.7577093 0.8389051 0.7649671 0.8121584 0.7885816 0.8132712 0.8722062 0.8481577 0.8450558 0.6901752 0.6519780 0.8106878 0.4859854 0.4057247 0.5073554 0.5126853 0.4821648 0.0000000 1.1560923 1.0130227 1.6176126 1.3440898 1.2613372 1.6619079 1.3110836 1.4329298 1.1831123 2.3284315 2.4027945 2.7782555 2.2888413 
Dicamptodontidae  1.0884989 1.5041627 1.2331357 1.2644148 1.3798200 1.1109386 1.0920012 1.0869720 1.1480292 1.1551946 1.2718786 1.2142348 0.9876457 0.9725047 0.9798111 1.0774438 1.0336463 1.0095020 0.9998553 1.1023127 0.9182272 1.0146874 0.9809759 0.9665923 0.9746837 1.0171858 1.0810015 1.0063157 1.0782310 0.9155624 0.9128574 1.0604889 1.1786405 1.1699438 1.1775469 1.2407183 1.3218033 1.1560923 0.0000000 0.7769311 1.2877642 0.9406062 0.8881314 1.1989045 0.9746405 0.9473586 0.9895821 1.6379978 2.1811367 2.5233483 1.8532061 
Alytidae          0.9545897 1.3639348 0.9956895 0.9567970 1.1479394 0.9744461 1.0423274 1.1001935 1.0805058 1.0532376 1.0253589 1.1603643 0.9083070 0.9208829 0.9756665 1.1068719 1.0170289 1.0878223 0.8759552 0.9489565 0.8580239 0.8923284 0.8434796 0.8691593 0.8586864 0.8765725 0.9963129 0.8525702 0.8599322 0.9423352 0.9702185 1.0686501 1.1551547 1.0148876 1.1502758 1.0663134 1.0897181 1.0130227 0.7769311 0.0000000 1.1169505 0.7094426 0.8324116 0.8865504 0.8537712 0.8720361 0.7564759 1.7925967 2.5630153 2.7210996 2.1067293 
Heleophrynidae    1.5638220 1.9737661 1.6700210 1.6309153 1.8973982 1.5376827 1.5429296 1.6771156 1.6364873 1.5503739 1.5460518 1.5392549 1.5001811 1.4867896 1.5214924 1.6737623 1.5840309 1.6080567 1.6463343 1.6364049 1.4809377 1.4617843 1.4721775 1.4968829 1.4905135 1.4796545 1.5897170 1.5296674 1.6563671 1.5192240 1.5364457 1.7217575 1.9517889 1.6833332 1.8646759 1.7863272 1.8867348 1.6176126 1.2877642 1.1169505 0.0000000 0.8655462 0.9011745 1.0758671 1.0257269 0.9316469 1.4677480 2.5646344 3.0143857 3.2285980 2.5269646 
Leptodactylidae   1.2820213 1.7461974 1.4136463 1.4570612 1.5630296 1.3672270 1.2455225 1.2488616 1.2783706 1.3981276 1.4232345 1.3273686 1.2125742 1.2044935 1.2809852 1.3996668 1.2369380 1.2861248 1.0509951 1.1801159 1.0201121 1.0663861 1.0567956 1.0383806 1.0348312 1.0843347 1.1750472 0.9931045 1.1754570 0.9234706 1.1645812 1.2079318 1.2916616 1.2435462 1.3277937 1.1512958 1.3335573 1.3440898 0.9406062 0.7094426 0.8655462 0.0000000 0.2160026 0.6804087 0.6363784 0.6807844 1.0416000 2.1089231 2.6565213 2.7124999 2.1275128 
Strabomantidae    1.3055527 1.8421230 1.3067592 1.3235770 1.5537406 1.3313044 1.2754096 1.3231446 1.3198745 1.3374628 1.3047173 1.2583443 1.1853816 1.2092900 1.1992180 1.2746203 1.2105274 1.2465450 1.0525542 1.1940816 1.0303833 1.0481536 1.0672721 1.0520528 0.9862374 1.0858623 1.1802230 1.0741342 1.1782298 0.8962200 1.0897827 1.2106683 1.3232259 1.1233526 1.2156620 1.1837795 1.2608833 1.2613372 0.8881314 0.8324116 0.9011745 0.2160026 0.0000000 0.6588869 0.6735355 0.6309401 1.0832209 2.0814554 2.7696349 2.8218043 2.1702641 
Micrixalidae      1.5480822 1.8373030 1.4742228 1.6127457 1.8677832 1.5606737 1.6077131 1.7579490 1.6861620 1.6018855 1.6414790 1.6245104 1.5738244 1.3420647 1.4195164 1.3755421 1.3873335 1.4552861 1.2793193 1.1626101 1.2068892 1.3131869 1.3098318 1.2523037 1.2659031 1.2631291 1.3732960 1.3156739 1.2823349 1.2477404 1.2550281 1.4084105 1.5321824 1.3753071 1.6457610 1.3966126 1.5811336 1.6619079 1.1989045 0.8865504 1.0758671 0.6804087 0.6588869 0.0000000 0.5141350 0.5675965 1.2655419 2.4166793 3.1105937 3.1590288 2.5948511 
Hemisotidae       1.1286952 1.4708579 1.0157814 1.1867363 1.5953629 1.1155649 1.2544281 1.3393935 1.3964972 1.3233057 1.4116352 1.3265826 1.1777352 1.1212083 1.1266796 1.2078850 1.2476315 1.2756930 1.3205943 1.2197252 1.1954102 1.2699993 1.1447002 1.2606908 1.2486215 1.2970223 1.4148216 1.3081894 1.2857484 1.0484854 1.1014792 1.2555446 1.3044764 1.3113007 1.4610949 1.4047394 1.5664949 1.3110836 0.9746405 0.8537712 1.0257269 0.6363784 0.6735355 0.5141350 0.0000000 0.4181019 1.2192094 2.2657368 2.9136672 2.9647868 2.2398484 
Asterophryidae    1.4254585 1.9195252 1.2767520 1.4433557 1.8229630 1.3797569 1.3592307 1.4751124 1.3760597 1.5616409 1.6021851 1.6019096 1.3683830 1.3103748 1.2764870 1.3419190 1.2991348 1.3634236 1.4600386 1.3445443 1.3276221 1.4202894 1.3260644 1.3752993 1.3861464 1.3663260 1.5303069 1.4589396 1.4302620 1.2922073 1.2704285 1.5936427 1.3173222 1.3303655 1.5371405 1.4567574 1.4230953 1.4329298 0.9473586 0.8720361 0.9316469 0.6807844 0.6309401 0.5675965 0.4181019 0.0000000 0.9746147 2.1796815 2.5485428 2.6118569 2.2440138 
Caeciliidae2      1.0334941 1.5129906 1.2098966 1.2420298 1.3896049 1.1653026 1.0851542 1.0693637 1.0939548 1.2755956 1.3425056 1.3373353 1.1027073 1.0836798 1.0952009 1.1659450 1.1014013 1.2529405 1.0404033 1.1384280 1.0447278 1.0301776 1.0805934 1.0463285 1.0786184 1.0550874 1.1554372 1.0791583 1.1669574 1.1276688 1.0046815 1.2003017 1.2839252 1.1299945 1.2202828 1.0881858 1.3248798 1.1831123 0.9895821 0.7564759 1.4677480 1.0416000 1.0832209 1.2655419 1.2192094 0.9746147 0.0000000 1.9581580 2.5672107 2.4867920 1.8740636 
Polypteriformes   2.0487676 2.3578268 2.1283929 1.9968545 1.9977944 2.0807993 2.0324857 2.2523782 2.2311492 2.2416038 2.0159609 2.1758816 1.9458593 1.8777741 1.8950575 1.9278191 1.7835327 1.7958048 1.9934913 2.1964622 1.9971226 2.0137708 2.0240813 2.0585230 2.0594069 2.0931326 2.1399279 2.0999624 2.0088497 1.9584294 1.9818118 2.2310614 2.4748288 2.2938337 2.4518459 2.3323590 2.3293292 2.3284315 1.6379978 1.7925967 2.5646344 2.1089231 2.0814554 2.4166793 2.2657368 2.1796815 1.9581580 0.0000000 2.7413862 2.5516658 2.0552140 
Channichthyidae   2.2140187 2.1318484 2.1175579 2.1427351 2.4868150 1.9301654 2.1284716 2.2054413 2.1817457 2.3434009 2.1271803 2.3735047 2.1168047 2.1185969 2.0201563 2.2329181 2.1956724 2.1391768 2.2995481 2.4158783 2.4114854 2.4077575 2.3586195 2.3683926 2.3610975 2.3733123 2.4302482 2.3953831 2.4988862 2.5764726 2.5238080 2.7021288 2.3733073 2.6614297 2.4732531 2.3292426 2.3946926 2.4027945 2.1811367 2.5630153 3.0143857 2.6565213 2.7696349 3.1105937 2.9136672 2.5485428 2.5672107 2.7413862 0.0000000 0.4868911 2.3761211 
Pseudaphritidae   2.2521120 2.1918527 2.4722556 2.4225905 2.7917948 2.1968793 2.3896412 2.1107079 2.1627659 2.5447811 2.3217660 2.4976086 2.4666771 2.3962370 2.2742800 2.5106136 2.4747511 2.3903225 2.5851380 2.6949727 2.7011886 2.6915544 2.6222555 2.6413354 2.6398935 2.6493471 2.7123115 2.5838761 2.7932479 2.9141755 2.9307316 2.9018620 2.6489155 2.9832662 2.8628406 2.6275320 2.6877486 2.7782555 2.5233483 2.7210996 3.2285980 2.7124999 2.8218043 3.1590288 2.9647868 2.6118569 2.4867920 2.5516658 0.4868911 0.0000000 3.0095580 
Carcharhinidae    2.0415312 2.1956719 1.9532758 2.0658434 2.2504245 1.8312755 2.0313535 2.1500174 1.9626688 1.7760169 2.0261413 2.2373337 1.7652091 1.7722266 1.9088665 1.9082676 1.8220719 1.9086779 2.0244481 2.0979763 1.9775185 2.0476356 1.9183698 2.0061819 1.9745574 2.0090831 1.9475476 2.0614192 1.9220633 1.8132867 2.1109298 2.2053501 2.3224170 2.2634918 2.4184782 2.2542814 2.2144205 2.2888413 1.8532061 2.1067293 2.5269646 2.1275128 2.1702641 2.5948511 2.2398484 2.2440138 1.8740636 2.0552140 2.3761211 3.0095580 0.0000000 
