51
Pitheciidae       0.0000000 0.2490057 0.2097718 0.2190657 0.1576309 0.1970909 0.2380234 0.2260629 0.2353917 0.2083210 0.1900174 0.1820687 0.2751045 0.2372221 0.2598179 1.1203360 1.1981121 1.2114110 1.7187231 1.6728037 1.6844737 1.6120507 1.6441241 1.5553088 1.6167766 1.7019067 1.6242921 1.6299674 1.6523411 1.9197787 1.8832091 1.9257425 2.2635027 2.4475974 2.2810666 2.2527305 2.8695363 2.9731527 2.3323395 3.0126493 2.5714518 3.2549455 2.6661858 2.7224048 2.9555277 2.9206658 2.6044246 2.5222874 8.9999981 4.1209799 3.3636288 
Scandentia        0.2490057 0.0000000 0.2497368 0.2842206 0.2455831 0.2792277 0.3226879 0.3021627 0.2961441 0.2902007 0.2649561 0.2514990 0.3259946 0.3060841 0.3567556 1.1694141 1.3888100 1.2344243 1.7912593 1.6618605 1.7148290 1.6550158 1.7210472 1.6310997 1.6882637 1.7199465 1.6587771 1.6541832 1.8067672 1.9117737 1.9192777 2.1512728 2.4928681 2.4830842 2.3081524 2.2912957 3.4193066 3.1223818 2.2735396 2.6256632 2.5221766 3.0035637 2.4542171 2.6816738 2.9231126 2.9787192 2.3800216 2.6202214 8.9999989 4.3997089 3.0983513 
Erethizontidae    0.2097718 0.2497368 0.0000000 0.0801792 0.1774333 0.2031347 0.2659335 0.2437206 0.2537610 0.2554338 0.2187342 0.2142143 0.3030387 0.2720560 0.2750914 1.1097213 1.1414698 1.1920134 1.6721169 1.5470294 1.5807401 1.5276641 1.5949289 1.5037617 1.4855461 1.6328345 1.5502026 1.5296580 1.6654185 1.7906783 1.8856247 1.9758314 2.1856543 2.2575738 2.2985710 2.1613020 3.0454800 2.7817376 2.3248845 2.8998805 2.3622238 3.0457242 2.6134486 2.5554610 2.7852926 2.8757711 2.4670207 2.5194153 8.9999987 4.4954660 3.2455969 
Capromyidae       0.2190657 0.2842206 0.0801792 0.0000000 0.1825412 0.2091009 0.2825395 0.2434078 0.2608441 0.2665387 0.2326045 0.2203970 0.3111481 0.2801377 0.2973072 1.1791353 1.1427214 1.2524963 1.7286775 1.5527645 1.5852825 1.5434579 1.5937551 1.5022523 1.5207345 1.6493297 1.5464646 1.5452647 1.6629341 1.8743970 1.7902536 1.9654263 2.2897399 2.5117028 2.3782084 2.1988407 3.2202399 2.9646225 2.3507869 2.9689976 2.3517699 2.9444906 2.6562056 2.6185783 2.8397048 2.9429434 2.5147616 2.5916244 8.9999987 4.2868089 3.2548839 
Muridae           0.1576309 0.2455831 0.1774333 0.1825412 0.0000000 0.1610825 0.2385560 0.2162102 0.2398863 0.2234569 0.1967169 0.1896294 0.2651245 0.2383122 0.2631502 1.0695371 1.0995396 1.1394869 1.7008102 1.5523423 1.5805321 1.5007663 1.5675857 1.4830102 1.5039124 1.6080340 1.5471795 1.5090472 1.6322019 1.8245439 1.8800055 1.9655090 2.2153817 2.4768215 2.3174886 2.0583627 2.9286916 2.8100661 2.2077403 2.7395303 2.3130325 2.8634714 2.4060098 2.4297343 2.5980635 2.5862888 2.4553184 2.6384345 8.9999984 4.7869811 3.2527989 
Castoridae        0.1970909 0.2792277 0.2031347 0.2091009 0.1610825 0.0000000 0.2441125 0.2731093 0.2758808 0.2297294 0.2250143 0.1989526 0.3202533 0.2739551 0.2686657 1.1740294 1.1906573 1.3037243 1.6993480 1.5152241 1.6146781 1.5657330 1.6044159 1.4936075 1.5484149 1.6355742 1.5576383 1.5057831 1.6432669 1.7408656 1.8106306 1.9693783 2.2462402 2.3706558 2.1555736 2.0017773 3.1553973 3.0554899 2.4086647 2.6210535 2.5915025 3.0444612 2.6209289 2.7537521 2.9739059 3.0370380 2.3817953 2.7424910 8.9999989 5.4248181 3.6270708 
Suidae            0.2380234 0.3226879 0.2659335 0.2825395 0.2385560 0.2441125 0.0000000 0.2040192 0.2027253 0.1774472 0.1533627 0.1686517 0.2822158 0.2637844 0.2943661 1.1559305 1.1067723 1.2746481 1.7313886 1.6560040 1.6881267 1.6174726 1.6693422 1.5969634 1.6248801 1.7462768 1.6275253 1.6365742 1.7396875 1.9628852 1.7497119 1.9198120 2.1886509 2.6642059 2.3794627 2.1336962 3.1304115 2.8065723 2.3157024 2.9013070 2.5122085 3.2584259 2.8619588 2.5303139 2.9911221 3.0542694 2.7470068 3.1073439 8.9999986 4.3211138 3.4108709 
Hippopotamidae    0.2260629 0.3021627 0.2437206 0.2434078 0.2162102 0.2731093 0.2040192 0.0000000 0.1333734 0.2093593 0.1844737 0.1932288 0.2620735 0.2508077 0.2861523 1.2511630 1.1196986 1.3415176 1.5993017 1.4894169 1.5296823 1.4636226 1.5001741 1.4179323 1.4765408 1.5595738 1.4463187 1.4543035 1.6158641 1.9349697 1.8346425 1.8863682 2.4480404 2.6206098 2.3219688 2.2328434 3.1985008 3.0566752 2.0521907 2.9493140 2.4024003 3.0094335 2.5175589 2.4447203 2.7286073 2.7584158 2.6155814 2.6635473 8.9999988 4.0218013 3.3222129 
Hyperoodontidae   0.2353917 0.2961441 0.2537610 0.2608441 0.2398863 0.2758808 0.2027253 0.1333734 0.0000000 0.2043597 0.1897700 0.1850383 0.2539698 0.2378669 0.2927643 1.1682957 1.1235379 1.3006171 1.6877774 1.4875854 1.5769316 1.5352178 1.5311961 1.4664191 1.5417359 1.5902828 1.4945761 1.5015035 1.6504321 1.9974220 1.9305899 2.0254840 2.3846155 2.6936110 2.2411595 2.2536047 3.2523621 3.0061795 2.3601208 2.9387257 2.5680924 3.0291670 2.5222231 2.4899008 2.8543517 3.0014254 2.7035265 2.9697109 8.9999989 4.5240654 3.3782338 
Vespertilionidae  0.2083210 0.2902007 0.2554338 0.2665387 0.2234569 0.2297294 0.1774472 0.2093593 0.2043597 0.0000000 0.0830688 0.0975160 0.2586492 0.2292722 0.2747550 1.1443693 1.1248235 1.2608303 1.6852763 1.6094908 1.6202614 1.5863611 1.6416869 1.5932471 1.5967419 1.6273796 1.6100104 1.6026931 1.7237178 1.9889894 1.8746639 1.9770501 2.3028281 2.5622413 2.3849687 2.3533591 3.3025445 2.8699333 2.2353016 2.9949867 2.6294433 3.4312569 2.7097529 2.7782486 2.9976904 3.0691127 2.6656107 2.7426027 8.9999985 3.8495234 3.7323301 
Furipteridae      0.1900174 0.2649561 0.2187342 0.2326045 0.1967169 0.2250143 0.1533627 0.1844737 0.1897700 0.0830688 0.0000000 0.0652127 0.2392590 0.2109126 0.2355726 1.1135728 1.0392915 1.1263355 1.7302663 1.6618626 1.7225684 1.6566045 1.6945388 1.6390339 1.6814048 1.7828098 1.6662740 1.6741880 1.7259182 2.0332687 1.9072823 2.0315551 2.3124731 2.5073320 2.3367252 2.2849595 3.2448698 2.9295643 2.2277545 2.8540219 2.6772980 3.3647710 2.8377146 2.8547050 3.1652196 3.2401388 2.7632175 2.8283958 8.9999981 3.7848920 3.6516404 
Rhinolophidae     0.1820687 0.2514990 0.2142143 0.2203970 0.1896294 0.1989526 0.1686517 0.1932288 0.1850383 0.0975160 0.0652127 0.0000000 0.2192561 0.1947354 0.2404778 1.1228124 1.0630284 1.2686480 1.7854289 1.6369878 1.7566805 1.6729606 1.7286588 1.6572530 1.7027370 1.8098071 1.6957334 1.7023940 1.7703299 1.9856788 1.7841298 2.0508801 2.4195604 2.4907761 2.3137375 2.2587067 3.0904998 2.8841389 2.1884515 2.9164236 2.5673400 3.0965230 2.7233834 2.7955491 3.1227268 3.1913859 2.7168088 2.8777606 8.9999990 4.0210867 3.5875748 
Viverridae        0.2751045 0.3259946 0.3030387 0.3111481 0.2651245 0.3202533 0.2822158 0.2620735 0.2539698 0.2586492 0.2392590 0.2192561 0.0000000 0.1913508 0.3180704 1.2253429 1.1000261 1.1219132 1.8205485 1.7115894 1.7743111 1.6363994 1.7519286 1.6327143 1.6925230 1.7703544 1.6664354 1.7051772 1.7942789 2.0849174 1.9063371 2.1942974 2.5457789 2.7083074 2.3334567 2.1789751 3.0804338 3.1408160 2.3450214 2.8216292 2.6314713 3.0505765 2.5857747 2.4613646 2.9929244 3.0199125 2.6743392 2.8630969 8.9999980 4.3965747 3.4103952 
Procyonidae       0.2372221 0.3060841 0.2720560 0.2801377 0.2383122 0.2739551 0.2637844 0.2508077 0.2378669 0.2292722 0.2109126 0.1947354 0.1913508 0.0000000 0.3117641 1.1576162 1.1317663 1.3297697 1.8006918 1.6656964 1.7205511 1.6570642 1.7223793 1.6020680 1.6285820 1.7137087 1.6462110 1.6349948 1.7966597 1.9455576 1.9628314 2.0709592 2.4432639 2.5042609 2.1566005 2.2269993 2.7858301 3.0914799 2.3742515 2.8509465 2.4762933 3.1532666 2.8591401 2.5753142 2.8752082 3.0260737 2.7466281 2.6137237 8.9999985 4.2952976 4.1091178 
Myrmecophagidae   0.2598179 0.3567556 0.2750914 0.2973072 0.2631502 0.2686657 0.2943661 0.2861523 0.2927643 0.2747550 0.2355726 0.2404778 0.3180704 0.3117641 0.0000000 1.1604153 1.1161986 1.2972980 1.6623968 1.7685569 1.7100602 1.7032840 1.6923549 1.6179301 1.6486158 1.7451483 1.6285561 1.6448897 1.7232891 1.7924447 1.7282465 1.9910829 2.3909571 2.6157981 2.2218943 2.0155689 3.2676599 2.8769593 2.4660784 2.7137727 2.6215227 2.9354323 2.5296830 2.5613527 2.7587914 2.8917267 2.6692071 2.7440020 8.9999988 3.6320654 3.1138311 
Caluromyidae      1.1203360 1.1694141 1.1097213 1.1791353 1.0695371 1.1740294 1.1559305 1.2511630 1.1682957 1.1443693 1.1135728 1.1228124 1.2253429 1.1576162 1.1604153 0.0000000 0.6028549 0.9174211 2.5072801 2.4099008 2.4083234 2.5341393 2.3143727 2.2561457 2.2763208 2.3254859 2.3238118 2.2765850 2.4044871 2.4105601 2.7630800 2.7898981 2.9278926 3.1493604 3.4206807 2.4766792 2.8693022 4.9165764 3.0080567 3.5779769 3.1930424 3.2638039 3.0167288 3.4952787 3.5518467 3.3913107 2.7491282 3.3411319 7.9719351 6.4638053 2.9587939 
Thylacomyidae     1.1981121 1.3888100 1.1414698 1.1427214 1.0995396 1.1906573 1.1067723 1.1196986 1.1235379 1.1248235 1.0392915 1.0630284 1.1000261 1.1317663 1.1161986 0.6028549 0.0000000 0.6456966 2.2472185 2.1796584 2.1973804 2.2453602 2.1772333 2.1742572 2.1310295 2.2460613 2.1905660 2.1759227 2.2939391 2.2004648 2.4155219 2.2439598 2.8947051 2.6237935 3.0091495 2.7912961 2.5695137 4.1088201 2.9130110 3.3027281 3.5207134 4.5792901 3.3042422 3.3108521 3.4859760 3.3919946 3.0597661 3.5199594 8.9999983 5.6261718 3.4571261 
Phalangeridae     1.2114110 1.2344243 1.1920134 1.2524963 1.1394869 1.3037243 1.2746481 1.3415176 1.3006171 1.2608303 1.1263355 1.2686480 1.1219132 1.3297697 1.2972980 0.9174211 0.6456966 0.0000000 2.5875891 2.4434418 2.5445816 2.5347468 2.4821188 2.4019876 2.3148495 2.4679552 2.4316953 2.5121697 2.3260334 2.6695596 3.0954323 2.6962592 3.4610093 3.3494532 3.4306540 3.1526080 3.1127030 4.3857125 3.1253467 2.8657396 3.5353450 4.2094044 3.4310761 3.1432647 3.2659013 3.1829739 3.2351891 3.2838779 8.9999989 5.3629364 2.6869312 
Tityridae         1.7187231 1.7912593 1.6721169 1.7286775 1.7008102 1.6993480 1.7313886 1.5993017 1.6877774 1.6852763 1.7302663 1.7854289 1.8205485 1.8006918 1.6623968 2.5072801 2.2472185 2.5875891 0.0000000 0.2101461 0.1821597 0.1836578 0.1920362 0.1839663 0.1850363 0.1724768 0.1769851 0.1629708 0.2112784 1.0272179 0.9632112 0.9721024 1.8516200 2.2113915 1.8483918 1.4482569 2.0365538 2.1493633 2.1823510 2.8931700 2.0360132 2.9976260 2.4408795 2.5188984 2.4256602 2.4278983 2.2606281 2.0823669 8.9999989 8.9999984 2.6106445 
Ptilonorhynchidae 1.6728037 1.6618605 1.5470294 1.5527645 1.5523423 1.5152241 1.6560040 1.4894169 1.4875854 1.6094908 1.6618626 1.6369878 1.7115894 1.6656964 1.7685569 2.4099008 2.1796584 2.4434418 0.2101461 0.0000000 0.1605159 0.1552184 0.1542136 0.1408434 0.1600330 0.1457470 0.1375665 0.1353261 0.2555880 0.9907068 0.9892782 1.0360432 1.6919465 2.0434646 1.8368731 1.4598885 2.0867882 2.0605764 2.0845819 2.6637393 2.0077928 3.0268535 2.3158714 2.4091121 2.4130774 2.1840395 2.1871092 2.1985155 8.9999988 8.9999985 2.9729101 
Callaeatidae      1.6844737 1.7148290 1.5807401 1.5852825 1.5805321 1.6146781 1.6881267 1.5296823 1.5769316 1.6202614 1.7225684 1.7566805 1.7743111 1.7205511 1.7100602 2.4083234 2.1973804 2.5445816 0.1821597 0.1605159 0.0000000 0.0916877 0.0996247 0.0904559 0.0851464 0.0885841 0.0817651 0.0770364 0.2262075 0.9910063 0.8879430 0.9929125 1.7360545 2.0730588 1.8929805 1.4656657 2.0558031 1.8883395 2.0104354 2.5914970 1.8655620 2.7037220 2.3211008 2.4023478 2.2157183 2.1584850 2.0744648 2.1210781 8.9999981 8.9999988 2.8268212 
Monarchidae       1.6120507 1.6550158 1.5276641 1.5434579 1.5007663 1.5657330 1.6174726 1.4636226 1.5352178 1.5863611 1.6566045 1.6729606 1.6363994 1.6570642 1.7032840 2.5341393 2.2453602 2.5347468 0.1836578 0.1552184 0.0916877 0.0000000 0.0773295 0.0912181 0.0916952 0.1010529 0.0854498 0.0778007 0.2107951 0.9632255 0.9724687 0.9741989 1.7314814 2.0445376 1.8858471 1.4422193 2.2319835 1.9609034 2.0369754 2.6785777 1.9644656 2.8021975 2.3354387 2.3928569 2.2122519 2.2299470 2.0781202 2.0563077 8.9999983 6.4572442 2.8932178 
Malaconotidae     1.6441241 1.7210472 1.5949289 1.5937551 1.5675857 1.6044159 1.6693422 1.5001741 1.5311961 1.6416869 1.6945388 1.7286588 1.7519286 1.7223793 1.6923549 2.3143727 2.1772333 2.4821188 0.1920362 0.1542136 0.0996247 0.0773295 0.0000000 0.0963420 0.0968573 0.0974698 0.0904277 0.0689233 0.2160739 0.9528449 0.9555786 0.9975946 1.7225745 1.9741887 1.8830645 1.4332654 2.1628377 1.9771542 2.0951798 2.6528060 1.8437092 2.5677050 2.2754869 2.3564766 2.1530349 2.0226281 1.9313808 2.1339587 8.9999988 8.9999983 2.7912173 
Certhiidae        1.5553088 1.6310997 1.5037617 1.5022523 1.4830102 1.4936075 1.5969634 1.4179323 1.4664191 1.5932471 1.6390339 1.6572530 1.6327143 1.6020680 1.6179301 2.2561457 2.1742572 2.4019876 0.1839663 0.1408434 0.0904559 0.0912181 0.0963420 0.0000000 0.0735457 0.0851503 0.0729725 0.0627699 0.2009419 0.9871133 0.9517326 0.9481554 1.6456022 2.0760451 1.8673631 1.3982632 2.0613166 1.9155669 2.0862672 2.5600732 1.8253500 2.7339296 2.2360429 2.3745767 2.2167627 2.1598916 2.0121234 2.1347248 8.9999987 8.9999981 2.7040851 
Cinclidae         1.6167766 1.6882637 1.4855461 1.5207345 1.5039124 1.5484149 1.6248801 1.4765408 1.5417359 1.5967419 1.6814048 1.7027370 1.6925230 1.6285820 1.6486158 2.2763208 2.1310295 2.3148495 0.1850363 0.1600330 0.0851464 0.0916952 0.0968573 0.0735457 0.0000000 0.0856029 0.0733519 0.0630974 0.2222846 0.9650911 0.9232999 0.9438505 1.7029426 2.0201793 1.8656383 1.3853901 2.0800833 1.9171251 2.1062150 2.6371480 1.8188295 2.8682220 2.4253108 2.3033392 2.2032907 2.1434359 2.0888531 2.2389969 8.9999988 8.9999984 2.9301551 
Ploceidae         1.7019067 1.7199465 1.6328345 1.6493297 1.6080340 1.6355742 1.7462768 1.5595738 1.5902828 1.6273796 1.7828098 1.8098071 1.7703544 1.7137087 1.7451483 2.3254859 2.2460613 2.4679552 0.1724768 0.1457470 0.0885841 0.1010529 0.0974698 0.0851503 0.0856029 0.0000000 0.0544945 0.0606741 0.1991116 0.9822921 0.9096425 0.9802417 1.7268633 2.1889962 1.9730354 1.4196375 2.0896147 1.9296970 2.2230530 2.7591454 1.9189688 2.8339244 2.3302983 2.3356572 2.0506682 2.0590126 1.9572247 1.9249437 8.9999989 8.9999988 2.7928445 
Thraupidae        1.6242921 1.6587771 1.5502026 1.5464646 1.5471795 1.5576383 1.6275253 1.4463187 1.4945761 1.6100104 1.6662740 1.6957334 1.6664354 1.6462110 1.6285561 2.3238118 2.1905660 2.4316953 0.1769851 0.1375665 0.0817651 0.0854498 0.0904277 0.0729725 0.0733519 0.0544945 0.0000000 0.0544561 0.2100248 0.9177440 0.9418768 0.9642421 1.7278377 2.0933159 1.9045744 1.4070802 2.0845866 1.9214767 2.0990496 2.5495073 1.8750687 2.8481349 2.2925348 2.2660709 2.0983855 2.0409405 1.9891525 2.0952579 8.9999988 8.9999988 2.8279784 
Alaudidae         1.6299674 1.6541832 1.5296580 1.5452647 1.5090472 1.5057831 1.6365742 1.4543035 1.5015035 1.6026931 1.6741880 1.7023940 1.7051772 1.6349948 1.6448897 2.2765850 2.1759227 2.5121697 0.1629708 0.1353261 0.0770364 0.0778007 0.0689233 0.0627699 0.0630974 0.0606741 0.0544561 0.0000000 0.1860948 0.9418573 0.8971830 0.9525882 1.7776769 2.0110186 1.7888814 1.3742128 2.0649515 1.8927765 2.0296427 2.5492216 1.7954944 2.7721778 2.2393649 2.3269941 2.2107311 2.0907624 2.0101241 2.1208714 8.9999990 9.0000000 2.8018534 
Coraciiformes     1.6523411 1.8067672 1.6654185 1.6629341 1.6322019 1.6432669 1.7396875 1.6158641 1.6504321 1.7237178 1.7259182 1.7703299 1.7942789 1.7966597 1.7232891 2.4044871 2.2939391 2.3260334 0.2112784 0.2555880 0.2262075 0.2107951 0.2160739 0.2009419 0.2222846 0.1991116 0.2100248 0.1860948 0.0000000 1.0069626 0.9206778 0.9178129 1.7777669 2.0387603 1.8429981 1.4354378 2.0900994 2.0033978 1.9444844 2.5140027 1.9022387 2.3932309 2.1949805 2.4599505 2.3231921 2.2425993 2.1205897 2.2019437 8.9999989 8.9999990 2.5678124 
Crocodylidae      1.9197787 1.9117737 1.7906783 1.8743970 1.8245439 1.7408656 1.9628852 1.9349697 1.9974220 1.9889894 2.0332687 1.9856788 2.0849174 1.9455576 1.7924447 2.4105601 2.2004648 2.6695596 1.0272179 0.9907068 0.9910063 0.9632255 0.9528449 0.9871133 0.9650911 0.9822921 0.9177440 0.9418573 1.0069626 0.0000000 1.1648899 1.2653365 2.1504345 2.2901375 2.0270362 1.6159095 2.8526391 2.2134147 2.4985573 3.1599192 2.5722885 3.8863797 2.7424111 2.6258305 2.5013490 2.5465333 1.9054721 2.3546287 7.5976466 8.9999983 3.3588087 
Carettochelyidae  1.8832091 1.9192777 1.8856247 1.7902536 1.8800055 1.8106306 1.7497119 1.8346425 1.9305899 1.8746639 1.9072823 1.7841298 1.9063371 1.9628314 1.7282465 2.7630800 2.4155219 3.0954323 0.9632112 0.9892782 0.8879430 0.9724687 0.9555786 0.9517326 0.9232999 0.9096425 0.9418768 0.8971830 0.9206778 1.1648899 0.0000000 0.9278832 1.8484111 2.1312718 1.9093387 1.5271970 2.6122174 2.1040865 2.0078284 2.8399719 2.5474519 2.4421727 2.6219046 2.5405924 2.2389735 2.6575528 2.1716972 3.0879815 8.9999985 7.4087422 3.0902949 
Kinosternidae     1.9257425 2.1512728 1.9758314 1.9654263 1.9655090 1.9693783 1.9198120 1.8863682 2.0254840 1.9770501 2.0315551 2.0508801 2.1942974 2.0709592 1.9910829 2.7898981 2.2439598 2.6962592 0.9721024 1.0360432 0.9929125 0.9741989 0.9975946 0.9481554 0.9438505 0.9802417 0.9642421 0.9525882 0.9178129 1.2653365 0.9278832 0.0000000 2.2349706 2.2607925 1.9877829 1.8856011 2.6683988 2.0562971 2.5573490 2.8598505 2.1877766 3.4366090 2.7568004 2.2890984 2.2070926 2.3282388 2.2924080 2.9049291 8.9999987 5.6609915 3.2359490 
Anomalepididae    2.2635027 2.4928681 2.1856543 2.2897399 2.2153817 2.2462402 2.1886509 2.4480404 2.3846155 2.3028281 2.3124731 2.4195604 2.5457789 2.4432639 2.3909571 2.9278926 2.8947051 3.4610093 1.8516200 1.6919465 1.7360545 1.7314814 1.7225745 1.6456022 1.7029426 1.7268633 1.7278377 1.7776769 1.7777669 2.1504345 1.8484111 2.2349706 0.0000000 1.4474660 1.2645606 1.4329777 2.0507077 1.7495713 3.5706441 3.2601769 3.2283880 4.1925701 3.8517016 3.2913356 2.9976246 2.9598485 2.5994429 3.6561166 9.0000000 5.7115803 3.9395152 
Loxocemidae       2.4475974 2.4830842 2.2575738 2.5117028 2.4768215 2.3706558 2.6642059 2.6206098 2.6936110 2.5622413 2.5073320 2.4907761 2.7083074 2.5042609 2.6157981 3.1493604 2.6237935 3.3494532 2.2113915 2.0434646 2.0730588 2.0445376 1.9741887 2.0760451 2.0201793 2.1889962 2.0933159 2.0110186 2.0387603 2.2901375 2.1312718 2.2607925 1.4474660 0.0000000 0.8546281 1.1796497 1.9096593 1.8304235 3.2743575 3.6330382 3.3307336 3.8022654 3.5075076 3.4967336 4.7012016 4.1245268 3.0213334 3.4954096 8.9999982 8.9999987 4.6104801 
Natricidae        2.2810666 2.3081524 2.2985710 2.3782084 2.3174886 2.1555736 2.3794627 2.3219688 2.2411595 2.3849687 2.3367252 2.3137375 2.3334567 2.1566005 2.2218943 3.4206807 3.0091495 3.4306540 1.8483918 1.8368731 1.8929805 1.8858471 1.8830645 1.8673631 1.8656383 1.9730354 1.9045744 1.7888814 1.8429981 2.0270362 1.9093387 1.9877829 1.2645606 0.8546281 0.0000000 1.1960997 1.7726527 1.5379801 4.1542407 3.2183979 3.3224760 4.1619520 3.9646151 3.4210502 4.4757141 4.1290987 3.3292344 3.4709270 8.9999989 5.2036042 6.6674666 
Xenosauridae      2.2527305 2.2912957 2.1613020 2.1988407 2.0583627 2.0017773 2.1336962 2.2328434 2.2536047 2.3533591 2.2849595 2.2587067 2.1789751 2.2269993 2.0155689 2.4766792 2.7912961 3.1526080 1.4482569 1.4598885 1.4656657 1.4422193 1.4332654 1.3982632 1.3853901 1.4196375 1.4070802 1.3742128 1.4354378 1.6159095 1.5271970 1.8856011 1.4329777 1.1796497 1.1960997 0.0000000 2.0305698 1.5721723 3.1455968 2.7054044 2.3446820 3.2685939 2.8298379 2.5277930 2.9727174 2.9530198 2.5089700 3.1364608 8.9999989 8.9999989 3.6955641 
Teiidae           2.8695363 3.4193066 3.0454800 3.2202399 2.9286916 3.1553973 3.1304115 3.1985008 3.2523621 3.3025445 3.2448698 3.0904998 3.0804338 2.7858301 3.2676599 2.8693022 2.5695137 3.1127030 2.0365538 2.0867882 2.0558031 2.2319835 2.1628377 2.0613166 2.0800833 2.0896147 2.0845866 2.0649515 2.0900994 2.8526391 2.6122174 2.6683988 2.0507077 1.9096593 1.7726527 2.0305698 0.0000000 2.4546741 2.8610739 3.9124661 3.0305020 3.6363116 3.7131870 2.5852547 3.2437367 3.5351731 3.2289911 4.1159809 9.0000000 8.9999987 4.4392827 
Eublepharidae     2.9731527 3.1223818 2.7817376 2.9646225 2.8100661 3.0554899 2.8065723 3.0566752 3.0061795 2.8699333 2.9295643 2.8841389 3.1408160 3.0914799 2.8769593 4.9165764 4.1088201 4.3857125 2.1493633 2.0605764 1.8883395 1.9609034 1.9771542 1.9155669 1.9171251 1.9296970 1.9214767 1.8927765 2.0033978 2.2134147 2.1040865 2.0562971 1.7495713 1.8304235 1.5379801 1.5721723 2.4546741 0.0000000 3.9490299 3.7471853 3.4561841 8.9999989 4.8000290 3.2877329 4.2693022 3.7838796 3.5647028 4.2726163 8.4395762 5.5651994 8.9999985 
Dicamptodontidae  2.3323395 2.2735396 2.3248845 2.3507869 2.2077403 2.4086647 2.3157024 2.0521907 2.3601208 2.2353016 2.2277545 2.1884515 2.3450214 2.3742515 2.4660784 3.0080567 2.9130110 3.1253467 2.1823510 2.0845819 2.0104354 2.0369754 2.0951798 2.0862672 2.1062150 2.2230530 2.0990496 2.0296427 1.9444844 2.4985573 2.0078284 2.5573490 3.5706441 3.2743575 4.1542407 3.1455968 2.8610739 3.9490299 0.0000000 2.3256609 1.6249945 1.8172265 1.6301657 1.7381148 1.9478225 1.7699681 2.0791548 3.1687238 8.9999987 4.4586450 2.7275767 
Alytidae          3.0126493 2.6256632 2.8998805 2.9689976 2.7395303 2.6210535 2.9013070 2.9493140 2.9387257 2.9949867 2.8540219 2.9164236 2.8216292 2.8509465 2.7137727 3.5779769 3.3027281 2.8657396 2.8931700 2.6637393 2.5914970 2.6785777 2.6528060 2.5600732 2.6371480 2.7591454 2.5495073 2.5492216 2.5140027 3.1599192 2.8399719 2.8598505 3.2601769 3.6330382 3.2183979 2.7054044 3.9124661 3.7471853 2.3256609 0.0000000 2.2713905 3.6425978 2.2281362 2.3919953 2.1918568 2.2648192 2.6703568 3.0961825 6.9827355 6.6016885 3.4056153 
Heleophrynidae    2.5714518 2.5221766 2.3622238 2.3517699 2.3130325 2.5915025 2.5122085 2.4024003 2.5680924 2.6294433 2.6772980 2.5673400 2.6314713 2.4762933 2.6215227 3.1930424 3.5207134 3.5353450 2.0360132 2.0077928 1.8655620 1.9644656 1.8437092 1.8253500 1.8188295 1.9189688 1.8750687 1.7954944 1.9022387 2.5722885 2.5474519 2.1877766 3.2283880 3.3307336 3.3224760 2.3446820 3.0305020 3.4561841 1.6249945 2.2713905 0.0000000 1.6299688 1.2502096 1.1295168 1.1036970 1.1158496 2.3737286 2.9418082 8.9999985 6.6658085 3.2090807 
Leptodactylidae   3.2549455 3.0035637 3.0457242 2.9444906 2.8634714 3.0444612 3.2584259 3.0094335 3.0291670 3.4312569 3.3647710 3.0965230 3.0505765 3.1532666 2.9354323 3.2638039 4.5792901 4.2094044 2.9976260 3.0268535 2.7037220 2.8021975 2.5677050 2.7339296 2.8682220 2.8339244 2.8481349 2.7721778 2.3932309 3.8863797 2.4421727 3.4366090 4.1925701 3.8022654 4.1619520 3.2685939 3.6363116 8.9999989 1.8172265 3.6425978 1.6299688 0.0000000 1.1256449 1.8757789 1.5734208 2.0966240 3.6112234 4.1412465 7.4070174 6.9223287 2.8976409 
Strabomantidae    2.6661858 2.4542171 2.6134486 2.6562056 2.4060098 2.6209289 2.8619588 2.5175589 2.5222231 2.7097529 2.8377146 2.7233834 2.5857747 2.8591401 2.5296830 3.0167288 3.3042422 3.4310761 2.4408795 2.3158714 2.3211008 2.3354387 2.2754869 2.2360429 2.4253108 2.3302983 2.2925348 2.2393649 2.1949805 2.7424111 2.6219046 2.7568004 3.8517016 3.5075076 3.9646151 2.8298379 3.7131870 4.8000290 1.6301657 2.2281362 1.2502096 1.1256449 0.0000000 1.3156853 1.2210788 1.2899265 2.6960125 3.3594608 8.9999984 8.9999986 3.3568928 
Micrixalidae      2.7224048 2.6816738 2.5554610 2.6185783 2.4297343 2.7537521 2.5303139 2.4447203 2.4899008 2.7782486 2.8547050 2.7955491 2.4613646 2.5753142 2.5613527 3.4952787 3.3108521 3.1432647 2.5188984 2.4091121 2.4023478 2.3928569 2.3564766 2.3745767 2.3033392 2.3356572 2.2660709 2.3269941 2.4599505 2.6258305 2.5405924 2.2890984 3.2913356 3.4967336 3.4210502 2.5277930 2.5852547 3.2877329 1.7381148 2.3919953 1.1295168 1.8757789 1.3156853 0.0000000 0.6075165 0.6849105 2.6284266 3.7773313 8.9999984 8.9999987 3.8631772 
Hemisotidae       2.9555277 2.9231126 2.7852926 2.8397048 2.5980635 2.9739059 2.9911221 2.7286073 2.8543517 2.9976904 3.1652196 3.1227268 2.9929244 2.8752082 2.7587914 3.5518467 3.4859760 3.2659013 2.4256602 2.4130774 2.2157183 2.2122519 2.1530349 2.2167627 2.2032907 2.0506682 2.0983855 2.2107311 2.3231921 2.5013490 2.2389735 2.2070926 2.9976246 4.7012016 4.4757141 2.9727174 3.2437367 4.2693022 1.9478225 2.1918568 1.1036970 1.5734208 1.2210788 0.6075165 0.0000000 0.6151253 2.5428549 2.4273538 5.3248074 5.1568909 3.1508523 
Asterophryidae    2.9206658 2.9787192 2.8757711 2.9429434 2.5862888 3.0370380 3.0542694 2.7584158 3.0014254 3.0691127 3.2401388 3.1913859 3.0199125 3.0260737 2.8917267 3.3913107 3.3919946 3.1829739 2.4278983 2.1840395 2.1584850 2.2299470 2.0226281 2.1598916 2.1434359 2.0590126 2.0409405 2.0907624 2.2425993 2.5465333 2.6575528 2.3282388 2.9598485 4.1245268 4.1290987 2.9530198 3.5351731 3.7838796 1.7699681 2.2648192 1.1158496 2.0966240 1.2899265 0.6849105 0.6151253 0.0000000 2.1217395 2.9485666 8.9999990 8.9999985 3.5331767 
Caeciliidae2      2.6044246 2.3800216 2.4670207 2.5147616 2.4553184 2.3817953 2.7470068 2.6155814 2.7035265 2.6656107 2.7632175 2.7168088 2.6743392 2.7466281 2.6692071 2.7491282 3.0597661 3.2351891 2.2606281 2.1871092 2.0744648 2.0781202 1.9313808 2.0121234 2.0888531 1.9572247 1.9891525 2.0101241 2.1205897 1.9054721 2.1716972 2.2924080 2.5994429 3.0213334 3.3292344 2.5089700 3.2289911 3.5647028 2.0791548 2.6703568 2.3737286 3.6112234 2.6960125 2.6284266 2.5428549 2.1217395 0.0000000 2.4009081 9.0000000 8.9999986 3.1609106 
Polypteriformes   2.5222874 2.6202214 2.5194153 2.5916244 2.6384345 2.7424910 3.1073439 2.6635473 2.9697109 2.7426027 2.8283958 2.8777606 2.8630969 2.6137237 2.7440020 3.3411319 3.5199594 3.2838779 2.0823669 2.1985155 2.1210781 2.0563077 2.1339587 2.1347248 2.2389969 1.9249437 2.0952579 2.1208714 2.2019437 2.3546287 3.0879815 2.9049291 3.6561166 3.4954096 3.4709270 3.1364608 4.1159809 4.2726163 3.1687238 3.0961825 2.9418082 4.1412465 3.3594608 3.7773313 2.4273538 2.9485666 2.4009081 0.0000000 4.3004846 3.9952542 2.3109139 
Channichthyidae   8.9999981 8.9999989 8.9999987 8.9999987 8.9999984 8.9999989 8.9999986 8.9999988 8.9999989 8.9999985 8.9999981 8.9999990 8.9999980 8.9999985 8.9999988 7.9719351 8.9999983 8.9999989 8.9999989 8.9999988 8.9999981 8.9999983 8.9999988 8.9999987 8.9999988 8.9999989 8.9999988 8.9999990 8.9999989 7.5976466 8.9999985 8.9999987 9.0000000 8.9999982 8.9999989 8.9999989 9.0000000 8.4395762 8.9999987 6.9827355 8.9999985 7.4070174 8.9999984 8.9999984 5.3248074 8.9999990 9.0000000 4.3004846 0.0000000 1.6004296 5.5825814 
Pseudaphritidae   4.1209799 4.3997089 4.4954660 4.2868089 4.7869811 5.4248181 4.3211138 4.0218013 4.5240654 3.8495234 3.7848920 4.0210867 4.3965747 4.2952976 3.6320654 6.4638053 5.6261718 5.3629364 8.9999984 8.9999985 8.9999988 6.4572442 8.9999983 8.9999981 8.9999984 8.9999988 8.9999988 9.0000000 8.9999990 8.9999983 7.4087422 5.6609915 5.7115803 8.9999987 5.2036042 8.9999989 8.9999987 5.5651994 4.4586450 6.6016885 6.6658085 6.9223287 8.9999986 8.9999987 5.1568909 8.9999985 8.9999986 3.9952542 1.6004296 0.0000000 7.1607669 
Carcharhinidae    3.3636288 3.0983513 3.2455969 3.2548839 3.2527989 3.6270708 3.4108709 3.3222129 3.3782338 3.7323301 3.6516404 3.5875748 3.4103952 4.1091178 3.1138311 2.9587939 3.4571261 2.6869312 2.6106445 2.9729101 2.8268212 2.8932178 2.7912173 2.7040851 2.9301551 2.7928445 2.8279784 2.8018534 2.5678124 3.3588087 3.0902949 3.2359490 3.9395152 4.6104801 6.6674666 3.6955641 4.4392827 8.9999985 2.7275767 3.4056153 3.2090807 2.8976409 3.3568928 3.8631772 3.1508523 3.5331767 3.1609106 2.3109139 5.5825814 7.1607669 0.0000000 
