51
Pitheciidae       0.0000000 0.6717221 0.5835656 0.5772608 0.6888228 0.6721659 0.7854514 0.8385026 0.7490686 0.6634851 0.7165964 0.6502928 0.6422808 0.6278262 0.5772641 1.5811655 1.5148887 1.4119441 1.5698678 1.5589640 1.6242461 1.6014663 1.5792983 1.5960616 1.5675452 1.5887668 1.5922876 1.5649049 1.6009408 1.7954441 1.5432928 1.4912700 1.5592480 1.4784571 1.5145461 1.5760179 1.6107160 1.7494095 1.4384591 1.8496643 1.5323893 1.5531777 1.5665638 1.5297861 1.4723740 1.4668898 1.6263921 2.1092802 3.7257522 4.0013874 2.1207641 
Scandentia        0.6717221 0.0000000 0.6275043 0.6053786 0.7628722 0.7469537 0.9020194 0.9289511 0.8838901 0.7083637 0.7657768 0.6827150 0.6795209 0.6596180 0.6238280 1.6269909 1.5552389 1.5669119 1.6063854 1.6721109 1.6956486 1.6586876 1.6744168 1.6289362 1.6598484 1.6557596 1.6463624 1.6279624 1.6761559 1.9059752 1.6358984 1.5958277 1.6081406 1.6364228 1.5729546 1.6248250 1.6897030 1.9228892 1.5851393 1.9632115 1.6984126 1.7415283 1.7446016 1.6939141 1.6021337 1.5964180 1.6827889 2.3633179 4.6160140 4.8787732 2.3503466 
Erethizontidae    0.5835656 0.6275043 0.0000000 0.1878820 0.5828429 0.5640473 0.7452441 0.7610221 0.6818483 0.6310185 0.6345191 0.5601301 0.5448121 0.5295796 0.5556516 1.4687318 1.4021216 1.3223137 1.4428783 1.4776849 1.4770829 1.4480795 1.4590813 1.4499958 1.4148170 1.4557142 1.4397068 1.4325680 1.4780746 1.6783691 1.4379350 1.3967024 1.5072492 1.4833839 1.4299815 1.4509587 1.4821268 1.6538067 1.3596004 1.7483067 1.5494346 1.5368750 1.5282452 1.5148078 1.4393330 1.4452090 1.5774204 2.1402786 3.8956819 4.2006553 2.0739750 
Capromyidae       0.5772608 0.6053786 0.1878820 0.0000000 0.5521531 0.5374624 0.7234162 0.7411186 0.7143993 0.5657116 0.6103200 0.5394525 0.5515788 0.5173824 0.5406215 1.5013950 1.4264051 1.3743015 1.4363868 1.4901904 1.4901566 1.4867549 1.4760201 1.4623659 1.4436664 1.4537786 1.4515658 1.4404341 1.4893895 1.6706645 1.5080449 1.3957397 1.4643181 1.3978763 1.4032955 1.4463119 1.5221148 1.5636678 1.3937712 1.7714259 1.5575511 1.5570018 1.5353468 1.5168813 1.4778836 1.4590389 1.6190142 2.1341858 4.0226475 4.4568146 2.1257961 
Muridae           0.6888228 0.7628722 0.5828429 0.5521531 0.0000000 0.6523385 0.8882814 0.8745051 0.8666336 0.7329005 0.7607830 0.7003870 0.6630773 0.6472009 0.6363248 1.5459625 1.4693127 1.4535598 1.5839551 1.6219543 1.6851693 1.6542280 1.6348826 1.6641393 1.6357649 1.6514030 1.6296551 1.6632171 1.6344189 1.8652560 1.6213102 1.5706323 1.6224957 1.5914744 1.5758687 1.6418171 1.6873191 1.7522698 1.5803549 1.8971562 1.6485960 1.7089088 1.6904289 1.6573766 1.5962983 1.5594228 1.7491570 2.4634629 4.1922994 4.9282432 2.3088770 
Castoridae        0.6721659 0.7469537 0.5640473 0.5374624 0.6523385 0.0000000 0.8022112 0.8598431 0.8003570 0.6908606 0.7475582 0.6316161 0.6431982 0.6347221 0.6158133 1.5211764 1.4714338 1.4568886 1.4789393 1.5593973 1.5977515 1.5000859 1.5326885 1.5497256 1.5366193 1.5456379 1.5416330 1.5169502 1.5037174 1.8536175 1.6301978 1.5505520 1.4976842 1.4437473 1.5137049 1.5406254 1.6801862 1.7259096 1.4673495 1.9100713 1.6330382 1.7129413 1.6825188 1.5909729 1.5536024 1.5342419 1.6896876 2.3334606 3.7867215 4.3482893 2.2666718 
Suidae            0.7854514 0.9020194 0.7452441 0.7234162 0.8882814 0.8022112 0.0000000 0.5788408 0.5636666 0.5864482 0.6513106 0.5807632 0.5712730 0.5516587 0.6619611 1.4885495 1.4249111 1.3948862 1.5186776 1.5881781 1.5894893 1.5388381 1.5894459 1.5792026 1.5452393 1.5811066 1.5457146 1.5454985 1.5750527 1.7977854 1.5769160 1.4510126 1.5624061 1.5512566 1.5434190 1.5894635 1.6359191 1.7526767 1.4213835 1.8974002 1.5969098 1.6357515 1.6376803 1.5794916 1.5273383 1.4861218 1.6376818 2.1946376 4.1181617 4.5231262 2.2648756 
Hippopotamidae    0.8385026 0.9289511 0.7610221 0.7411186 0.8745051 0.8598431 0.5788408 0.0000000 0.4622388 0.6258701 0.6724891 0.6235325 0.5854884 0.5455675 0.6318321 1.5062522 1.4748571 1.4478833 1.5896865 1.7086120 1.7048467 1.6271188 1.6536534 1.6743406 1.6545283 1.7205038 1.6811012 1.6251699 1.6335517 1.8355891 1.6946549 1.5341900 1.5714786 1.5484800 1.5773603 1.6381825 1.7519167 1.8882270 1.5479416 1.9296944 1.7182118 1.7403534 1.7134953 1.6650784 1.6142227 1.6230953 1.7442336 2.2786599 3.8463892 3.8939439 2.3787398 
Hyperoodontidae   0.7490686 0.8838901 0.6818483 0.7143993 0.8666336 0.8003570 0.5636666 0.4622388 0.0000000 0.6092118 0.6055568 0.5906901 0.5552016 0.5364400 0.6344663 1.5043037 1.4844054 1.3706940 1.4857862 1.5659223 1.5659541 1.5273932 1.5614212 1.5760359 1.5522533 1.5738433 1.5726813 1.5257356 1.5193242 1.8023922 1.5492853 1.4513160 1.5291487 1.5027029 1.4372446 1.5121123 1.6038882 1.7039450 1.3194433 1.6899410 1.4847712 1.5453877 1.5081257 1.4828598 1.4009148 1.3968089 1.5949828 2.3337901 3.6645579 4.1344158 2.1096218 
Vespertilionidae  0.6634851 0.7083637 0.6310185 0.5657116 0.7329005 0.6908606 0.5864482 0.6258701 0.6092118 0.0000000 0.3315627 0.2948339 0.4487505 0.4226738 0.5723273 1.3533390 1.3264841 1.2619500 1.5060269 1.6000067 1.5744122 1.5383546 1.5610808 1.5402195 1.5321202 1.5699589 1.5540657 1.5284175 1.5055063 1.7903380 1.6034467 1.4729231 1.4933510 1.5117725 1.5414096 1.5379571 1.5749201 1.7337984 1.4546464 1.9008710 1.5691640 1.6208858 1.5886430 1.5436365 1.4956840 1.4832100 1.5999715 2.2091322 3.7167595 3.9844221 2.0168687 
Furipteridae      0.7165964 0.7657768 0.6345191 0.6103200 0.7607830 0.7475582 0.6513106 0.6724891 0.6055568 0.3315627 0.0000000 0.3366035 0.4861454 0.4774553 0.5975555 1.3586734 1.3498826 1.2741085 1.4968338 1.5907279 1.5890550 1.5292970 1.5411994 1.5353462 1.5545610 1.5815445 1.5536284 1.5101647 1.4875011 1.7143435 1.5239404 1.4406932 1.4037320 1.4581849 1.4738815 1.5202354 1.5677615 1.6755869 1.4447552 1.7881433 1.5251043 1.5804206 1.5978980 1.4997651 1.4493629 1.4395704 1.6018813 2.2396287 3.8062397 4.2289106 2.0847177 
Rhinolophidae     0.6502928 0.6827150 0.5601301 0.5394525 0.7003870 0.6316161 0.5807632 0.6235325 0.5906901 0.2948339 0.3366035 0.0000000 0.4332341 0.4123282 0.5128862 1.4356108 1.3491766 1.2674321 1.5300895 1.6178357 1.5927281 1.5865329 1.5959944 1.5970421 1.5638452 1.6139689 1.5973533 1.5667246 1.5283155 1.7418706 1.6183114 1.4467365 1.4720400 1.5174544 1.4738834 1.5160593 1.5495644 1.7027174 1.4023461 1.8767256 1.5365569 1.5895746 1.5776867 1.4998604 1.4560702 1.4533286 1.6011350 2.1649018 4.0854327 4.4258185 2.0513979 
Viverridae        0.6422808 0.6795209 0.5448121 0.5515788 0.6630773 0.6431982 0.5712730 0.5854884 0.5552016 0.4487505 0.4861454 0.4332341 0.0000000 0.1853381 0.5298614 1.2865234 1.2310264 1.2342006 1.4328762 1.5252420 1.5265656 1.4681372 1.5042246 1.4936120 1.4771415 1.5063280 1.4931321 1.4566564 1.4371392 1.6976044 1.4560739 1.3968860 1.4099926 1.4382033 1.3748753 1.4517758 1.4720032 1.5896857 1.3144362 1.6813679 1.4057963 1.4553948 1.4590971 1.4045808 1.3461660 1.3586215 1.4963904 2.0852909 4.1029185 4.3471966 2.0707092 
Procyonidae       0.6278262 0.6596180 0.5295796 0.5173824 0.6472009 0.6347221 0.5516587 0.5455675 0.5364400 0.4226738 0.4774553 0.4123282 0.1853381 0.0000000 0.5188515 1.3102856 1.2459973 1.2589499 1.4348456 1.5129775 1.5222798 1.4643430 1.4933369 1.4910161 1.4705983 1.4921068 1.4812821 1.4565344 1.4108873 1.6912640 1.4547367 1.3919373 1.3651441 1.4251631 1.3987088 1.4108116 1.4666114 1.6077388 1.3447191 1.6848472 1.4337766 1.4496857 1.4368177 1.4127280 1.3499926 1.3644722 1.4693092 1.9975532 3.9995070 4.5358863 2.0164519 
Myrmecophagidae   0.5772641 0.6238280 0.5556516 0.5406215 0.6363248 0.6158133 0.6619611 0.6318321 0.6344663 0.5723273 0.5975555 0.5128862 0.5298614 0.5188515 0.0000000 1.3130682 1.2312768 1.1280866 1.3090806 1.3968141 1.3801239 1.3045991 1.3428884 1.3299242 1.3343556 1.3488123 1.3295604 1.3149144 1.3236177 1.4562643 1.3275299 1.2396962 1.3400884 1.3238483 1.2999033 1.3299845 1.4158882 1.5305001 1.2578226 1.6200010 1.3465278 1.4402156 1.4366536 1.3575394 1.3014922 1.2895395 1.3873908 1.9756029 3.6728646 3.8975293 1.9452218 
Caluromyidae      1.5811655 1.6269909 1.4687318 1.5013950 1.5459625 1.5211764 1.4885495 1.5062522 1.5043037 1.3533390 1.3586734 1.4356108 1.2865234 1.3102856 1.3130682 0.0000000 0.7523533 0.7741512 1.7340613 1.7767019 1.7989650 1.7969825 1.8064014 1.7916973 1.7652468 1.7829879 1.7775456 1.7793520 1.7392416 2.0230807 1.7822098 1.7924921 1.6938915 1.7803231 1.7971198 1.7575148 1.9008644 1.8416225 1.6751426 2.0897994 1.7814512 1.7697973 1.7611953 1.7337519 1.6460989 1.6943384 1.7912803 2.2552552 4.1791894 3.8149729 2.3787019 
Thylacomyidae     1.5148887 1.5552389 1.4021216 1.4264051 1.4693127 1.4714338 1.4249111 1.4748571 1.4844054 1.3264841 1.3498826 1.3491766 1.2310264 1.2459973 1.2312768 0.7523533 0.0000000 0.5456161 1.6760556 1.7441247 1.7215181 1.7215227 1.7202724 1.6976897 1.6977206 1.7154716 1.7289076 1.6662733 1.7004348 1.9081239 1.7517423 1.7172645 1.5787236 1.6238075 1.6310837 1.6121768 1.8139297 1.8180673 1.6489208 1.9372580 1.6378580 1.6427076 1.6337765 1.5913320 1.5780537 1.5741775 1.6380545 2.2311229 3.8842524 3.8485712 2.2739211 
Phalangeridae     1.4119441 1.5669119 1.3223137 1.3743015 1.4535598 1.4568886 1.3948862 1.4478833 1.3706940 1.2619500 1.2741085 1.2674321 1.2342006 1.2589499 1.1280866 0.7741512 0.5456161 0.0000000 1.6968341 1.6808232 1.6866476 1.6901373 1.6648808 1.6652546 1.6651516 1.6438825 1.6689865 1.6481931 1.6710868 1.7738404 1.6460046 1.6900268 1.6019480 1.6676377 1.6564419 1.6337734 1.8029363 1.7625625 1.6511022 2.0408131 1.6261483 1.6736722 1.6639220 1.6609344 1.5847120 1.5677909 1.8319366 2.2156482 3.7501478 3.6851982 2.0720117 
Tityridae         1.5698678 1.6063854 1.4428783 1.4363868 1.5839551 1.4789393 1.5186776 1.5896865 1.4857862 1.5060269 1.4968338 1.5300895 1.4328762 1.4348456 1.3090806 1.7340613 1.6760556 1.6968341 0.0000000 0.1739402 0.1742988 0.1651255 0.1745496 0.1591700 0.1512803 0.1542811 0.1540853 0.1568041 0.2040970 0.7917775 0.6787379 0.6061394 0.8490094 0.8467306 0.8046542 0.8823607 1.0244336 0.9570821 0.8367334 1.2886335 0.9551048 0.9429267 0.9679208 0.8713522 0.8617532 0.8537198 1.0726082 1.5768224 3.2398980 3.2422332 1.5971133 
Ptilonorhynchidae 1.5589640 1.6721109 1.4776849 1.4901904 1.6219543 1.5593973 1.5881781 1.7086120 1.5659223 1.6000067 1.5907279 1.6178357 1.5252420 1.5129775 1.3968141 1.7767019 1.7441247 1.6808232 0.1739402 0.0000000 0.1639222 0.1554382 0.1592829 0.1535225 0.1383764 0.1445873 0.1458155 0.1491677 0.2430229 0.8295334 0.7090108 0.6505901 0.8859504 0.8694878 0.8330630 0.8877955 1.0937264 0.9967534 0.8675547 1.3253139 0.9670384 0.9959525 1.0169518 0.9324709 0.9239314 0.8949082 1.1023486 1.6421279 3.4703434 3.5345405 1.6547203 
Callaeatidae      1.6242461 1.6956486 1.4770829 1.4901566 1.6851693 1.5977515 1.5894893 1.7048467 1.5659541 1.5744122 1.5890550 1.5927281 1.5265656 1.5222798 1.3801239 1.7989650 1.7215181 1.6866476 0.1742988 0.1639222 0.0000000 0.1127797 0.1175694 0.1223541 0.1035034 0.1085781 0.1084489 0.1132186 0.2445128 0.8066936 0.7000198 0.6360609 0.8627987 0.8735181 0.8541404 0.9034515 1.0697825 0.9834961 0.8577361 1.2949638 0.9822714 0.9676292 0.9858233 0.9264208 0.9093505 0.8922991 1.1042034 1.5821027 3.3393114 3.4275930 1.6257160 
Monarchidae       1.6014663 1.6586876 1.4480795 1.4867549 1.6542280 1.5000859 1.5388381 1.6271188 1.5273932 1.5383546 1.5292970 1.5865329 1.4681372 1.4643430 1.3045991 1.7969825 1.7215227 1.6901373 0.1651255 0.1554382 0.1127797 0.0000000 0.0772205 0.1142374 0.0950630 0.0971180 0.0990911 0.1023304 0.2366710 0.8185760 0.6857660 0.6209057 0.8780118 0.8744866 0.8658780 0.8793505 1.0423251 0.9410247 0.8700558 1.2749591 0.9850331 0.9726219 0.9869215 0.9230742 0.9041008 0.8839317 1.1178722 1.6098924 3.4261655 3.4586199 1.5858644 
Malaconotidae     1.5792983 1.6744168 1.4590813 1.4760201 1.6348826 1.5326885 1.5894459 1.6536534 1.5614212 1.5610808 1.5411994 1.5959944 1.5042246 1.4933369 1.3428884 1.8064014 1.7202724 1.6648808 0.1745496 0.1592829 0.1175694 0.0772205 0.0000000 0.1144961 0.1051097 0.1087718 0.1042645 0.1067647 0.2412291 0.8409408 0.6953110 0.6255256 0.8914042 0.8778044 0.8760900 0.9050996 1.0708772 0.9417384 0.8692650 1.2935686 0.9911217 0.9710712 0.9918284 0.9352539 0.9151246 0.8946039 1.1151599 1.5789484 3.4225207 3.4570960 1.5567857 
Certhiidae        1.5960616 1.6289362 1.4499958 1.4623659 1.6641393 1.5497256 1.5792026 1.6743406 1.5760359 1.5402195 1.5353462 1.5970421 1.4936120 1.4910161 1.3299242 1.7916973 1.6976897 1.6652546 0.1591700 0.1535225 0.1223541 0.1142374 0.1144961 0.0000000 0.0858042 0.0877656 0.0848864 0.0921985 0.2307427 0.8197751 0.6708307 0.6168892 0.8703306 0.8550799 0.8371951 0.8802171 1.0520821 0.9722183 0.8634575 1.3469817 1.0082453 0.9795491 0.9975962 0.9250109 0.9156410 0.8880078 1.1110807 1.6056174 3.3207634 3.2701724 1.6041321 
Cinclidae         1.5675452 1.6598484 1.4148170 1.4436664 1.6357649 1.5366193 1.5452393 1.6545283 1.5522533 1.5321202 1.5545610 1.5638452 1.4771415 1.4705983 1.3343556 1.7652468 1.6977206 1.6651516 0.1512803 0.1383764 0.1035034 0.0950630 0.1051097 0.0858042 0.0000000 0.0715629 0.0673905 0.0801236 0.2089346 0.7977668 0.6797417 0.5992632 0.8617172 0.8606685 0.8349415 0.8640578 1.0431803 0.9486800 0.8530429 1.2904245 0.9651602 0.9830460 0.9984449 0.9121390 0.9064240 0.8780017 1.0895426 1.6140145 3.2923930 3.4415424 1.5759450 
Ploceidae         1.5887668 1.6557596 1.4557142 1.4537786 1.6514030 1.5456379 1.5811066 1.7205038 1.5738433 1.5699589 1.5815445 1.6139689 1.5063280 1.4921068 1.3488123 1.7829879 1.7154716 1.6438825 0.1542811 0.1445873 0.1085781 0.0971180 0.1087718 0.0877656 0.0715629 0.0000000 0.0403658 0.0818492 0.2144548 0.8185300 0.6745898 0.6161918 0.8798789 0.8577248 0.8379400 0.8693007 1.0667075 0.9736985 0.8496876 1.3255873 0.9969865 1.0073068 0.9949305 0.9320102 0.9256755 0.8872549 1.1080536 1.6060394 3.1875079 3.2456986 1.6059218 
Thraupidae        1.5922876 1.6463624 1.4397068 1.4515658 1.6296551 1.5416330 1.5457146 1.6811012 1.5726813 1.5540657 1.5536284 1.5973533 1.4931321 1.4812821 1.3295604 1.7775456 1.7289076 1.6689865 0.1540853 0.1458155 0.1084489 0.0990911 0.1042645 0.0848864 0.0673905 0.0403658 0.0000000 0.0783030 0.2149789 0.8209199 0.6751057 0.6050267 0.8700322 0.8603625 0.8449272 0.8816723 1.0565218 0.9470571 0.8548132 1.3339417 0.9818344 0.9992403 1.0054537 0.9115748 0.9142773 0.8843141 1.0941995 1.6020538 3.2535429 3.2868488 1.5765920 
Alaudidae         1.5649049 1.6279624 1.4325680 1.4404341 1.6632171 1.5169502 1.5454985 1.6251699 1.5257356 1.5284175 1.5101647 1.5667246 1.4566564 1.4565344 1.3149144 1.7793520 1.6662733 1.6481931 0.1568041 0.1491677 0.1132186 0.1023304 0.1067647 0.0921985 0.0801236 0.0818492 0.0783030 0.0000000 0.2285002 0.8098263 0.6699524 0.6039550 0.8380937 0.8223678 0.8334104 0.8590112 1.0069291 0.9527795 0.8492319 1.2763828 0.9504858 0.9497605 0.9596547 0.9014314 0.8774249 0.8491444 1.0798851 1.5591744 3.2543312 3.2574398 1.5772662 
Coraciiformes     1.6009408 1.6761559 1.4780746 1.4893895 1.6344189 1.5037174 1.5750527 1.6335517 1.5193242 1.5055063 1.4875011 1.5283155 1.4371392 1.4108873 1.3236177 1.7392416 1.7004348 1.6710868 0.2040970 0.2430229 0.2445128 0.2366710 0.2412291 0.2307427 0.2089346 0.2144548 0.2149789 0.2285002 0.0000000 0.8478086 0.6950190 0.6402882 0.8423068 0.8363941 0.8195479 0.8676212 1.0678058 0.9453091 0.8413563 1.2450359 0.9833782 0.9427441 0.9915892 0.8832337 0.9162479 0.8686114 1.0526033 1.5420190 3.2684008 3.3267608 1.5657756 
Crocodylidae      1.7954441 1.9059752 1.6783691 1.6706645 1.8652560 1.8536175 1.7977854 1.8355891 1.8023922 1.7903380 1.7143435 1.7418706 1.6976044 1.6912640 1.4562643 2.0230807 1.9081239 1.7738404 0.7917775 0.8295334 0.8066936 0.8185760 0.8409408 0.8197751 0.7977668 0.8185300 0.8209199 0.8098263 0.8478086 0.0000000 0.7994885 0.7792493 0.9720133 1.0047050 0.9671662 0.9720643 1.0783302 1.1300353 0.9746637 1.4216824 1.0945728 1.1169649 1.1276622 1.0304493 0.9966907 0.9800378 1.0937589 1.8001894 3.4001167 3.3470024 1.6946481 
Carettochelyidae  1.5432928 1.6358984 1.4379350 1.5080449 1.6213102 1.6301978 1.5769160 1.6946549 1.5492853 1.6034467 1.5239404 1.6183114 1.4560739 1.4547367 1.3275299 1.7822098 1.7517423 1.6460046 0.6787379 0.7090108 0.7000198 0.6857660 0.6953110 0.6708307 0.6797417 0.6745898 0.6751057 0.6699524 0.6950190 0.7994885 0.0000000 0.4611000 0.9248733 0.8835502 0.8284977 0.8594195 0.9754224 0.9325160 0.8341861 1.3214442 0.9974913 0.9973710 1.0087809 0.9022875 0.8845978 0.8551305 1.0682423 1.5212524 3.4057901 3.6014370 1.4800713 
Kinosternidae     1.4912700 1.5958277 1.3967024 1.3957397 1.5706323 1.5505520 1.4510126 1.5341900 1.4513160 1.4729231 1.4406932 1.4467365 1.3968860 1.3919373 1.2396962 1.7924921 1.7172645 1.6900268 0.6061394 0.6505901 0.6360609 0.6209057 0.6255256 0.6168892 0.5992632 0.6161918 0.6050267 0.6039550 0.6402882 0.7792493 0.4611000 0.0000000 0.8736699 0.8719606 0.8269866 0.8412285 0.9411986 0.9399390 0.7726355 1.2440103 0.8879485 0.9634478 0.9687711 0.8404950 0.8536267 0.8159024 0.9928948 1.4872870 3.2073689 3.2656537 1.4701974 
Anomalepididae    1.5592480 1.6081406 1.5072492 1.4643181 1.6224957 1.4976842 1.5624061 1.5714786 1.5291487 1.4933510 1.4037320 1.4720400 1.4099926 1.3651441 1.3400884 1.6938915 1.5787236 1.6019480 0.8490094 0.8859504 0.8627987 0.8780118 0.8914042 0.8703306 0.8617172 0.8798789 0.8700322 0.8380937 0.8423068 0.9720133 0.9248733 0.8736699 0.0000000 0.4793189 0.4883620 0.5630793 0.7142841 0.7263870 0.9060745 1.2942903 1.0236464 0.9857115 1.0200279 0.9459326 0.9003131 0.9024689 1.1066329 1.6691824 3.2510790 3.1790192 1.6362672 
Loxocemidae       1.4784571 1.6364228 1.4833839 1.3978763 1.5914744 1.4437473 1.5512566 1.5484800 1.5027029 1.5117725 1.4581849 1.5174544 1.4382033 1.4251631 1.3238483 1.7803231 1.6238075 1.6676377 0.8467306 0.8694878 0.8735181 0.8744866 0.8778044 0.8550799 0.8606685 0.8577248 0.8603625 0.8223678 0.8363941 1.0047050 0.8835502 0.8719606 0.4793189 0.0000000 0.3122039 0.5210176 0.7046133 0.7200084 0.8742077 1.3178884 1.0255427 1.0172195 1.0132217 0.9264453 0.9329672 0.9144717 1.0716279 1.5842114 3.8493573 3.8561826 1.6630764 
Natricidae        1.5145461 1.5729546 1.4299815 1.4032955 1.5758687 1.5137049 1.5434190 1.5773603 1.4372446 1.5414096 1.4738815 1.4738834 1.3748753 1.3987088 1.2999033 1.7971198 1.6310837 1.6564419 0.8046542 0.8330630 0.8541404 0.8658780 0.8760900 0.8371951 0.8349415 0.8379400 0.8449272 0.8334104 0.8195479 0.9671662 0.8284977 0.8269866 0.4883620 0.3122039 0.0000000 0.5225619 0.6655781 0.7303947 0.8744241 1.3070848 0.9908508 0.9923567 1.0030055 0.9124517 0.9037809 0.8822040 1.0588960 1.5877892 3.4651599 3.5998065 1.6172868 
Xenosauridae      1.5760179 1.6248250 1.4509587 1.4463119 1.6418171 1.5406254 1.5894635 1.6381825 1.5121123 1.5379571 1.5202354 1.5160593 1.4517758 1.4108116 1.3299845 1.7575148 1.6121768 1.6337734 0.8823607 0.8877955 0.9034515 0.8793505 0.9050996 0.8802171 0.8640578 0.8693007 0.8816723 0.8590112 0.8676212 0.9720643 0.8594195 0.8412285 0.5630793 0.5210176 0.5225619 0.0000000 0.7179652 0.7443620 0.8546103 1.2829746 0.9789623 0.9824626 0.9786785 0.9077253 0.8838230 0.8700614 1.0289822 1.6243594 3.3449333 3.4062352 1.5818972 
Teiidae           1.6107160 1.6897030 1.4821268 1.5221148 1.6873191 1.6801862 1.6359191 1.7519167 1.6038882 1.5749201 1.5677615 1.5495644 1.4720032 1.4666114 1.4158882 1.9008644 1.8139297 1.8029363 1.0244336 1.0937264 1.0697825 1.0423251 1.0708772 1.0520821 1.0431803 1.0667075 1.0565218 1.0069291 1.0678058 1.0783302 0.9754224 0.9411986 0.7142841 0.7046133 0.6655781 0.7179652 0.0000000 0.8601573 1.0272102 1.3436762 1.1277808 1.1027917 1.0886745 1.0676777 1.0147917 1.0298469 1.1745374 1.7015693 3.8472639 4.0090166 1.6667639 
Eublepharidae     1.7494095 1.9228892 1.6538067 1.5636678 1.7522698 1.7259096 1.7526767 1.8882270 1.7039450 1.7337984 1.6755869 1.7027174 1.5896857 1.6077388 1.5305001 1.8416225 1.8180673 1.7625625 0.9570821 0.9967534 0.9834961 0.9410247 0.9417384 0.9722183 0.9486800 0.9736985 0.9470571 0.9527795 0.9453091 1.1300353 0.9325160 0.9399390 0.7263870 0.7200084 0.7303947 0.7443620 0.8601573 0.0000000 1.0033848 1.3799078 1.1852690 1.0829042 1.1131335 1.0315651 1.0085530 1.0099820 1.1657918 1.7096062 3.4650574 3.6654604 1.6984765 
Dicamptodontidae  1.4384591 1.5851393 1.3596004 1.3937712 1.5803549 1.4673495 1.4213835 1.5479416 1.3194433 1.4546464 1.4447552 1.4023461 1.3144362 1.3447191 1.2578226 1.6751426 1.6489208 1.6511022 0.8367334 0.8675547 0.8577361 0.8700558 0.8692650 0.8634575 0.8530429 0.8496876 0.8548132 0.8492319 0.8413563 0.9746637 0.8341861 0.7726355 0.9060745 0.8742077 0.8744241 0.8546103 1.0272102 1.0033848 0.0000000 0.6602810 0.4052349 0.3625619 0.3751756 0.3163322 0.3102572 0.2874716 0.5532416 1.3504125 3.1262959 3.2877407 1.3083806 
Alytidae          1.8496643 1.9632115 1.7483067 1.7714259 1.8971562 1.9100713 1.8974002 1.9296944 1.6899410 1.9008710 1.7881433 1.8767256 1.6813679 1.6848472 1.6200010 2.0897994 1.9372580 2.0408131 1.2886335 1.3253139 1.2949638 1.2749591 1.2935686 1.3469817 1.2904245 1.3255873 1.3339417 1.2763828 1.2450359 1.4216824 1.3214442 1.2440103 1.2942903 1.3178884 1.3070848 1.2829746 1.3436762 1.3799078 0.6602810 0.0000000 0.7631535 0.7217039 0.7282824 0.6804282 0.6882416 0.6601088 0.9549070 1.7018494 3.5979705 3.8926892 1.6480954 
Heleophrynidae    1.5323893 1.6984126 1.5494346 1.5575511 1.6485960 1.6330382 1.5969098 1.7182118 1.4847712 1.5691640 1.5251043 1.5365569 1.4057963 1.4337766 1.3465278 1.7814512 1.6378580 1.6261483 0.9551048 0.9670384 0.9822714 0.9850331 0.9911217 1.0082453 0.9651602 0.9969865 0.9818344 0.9504858 0.9833782 1.0945728 0.9974913 0.8879485 1.0236464 1.0255427 0.9908508 0.9789623 1.1277808 1.1852690 0.4052349 0.7631535 0.0000000 0.3076440 0.3317206 0.2627606 0.2529227 0.2313580 0.7011599 1.4336821 3.0569161 3.1897369 1.5225620 
Leptodactylidae   1.5531777 1.7415283 1.5368750 1.5570018 1.7089088 1.7129413 1.6357515 1.7403534 1.5453877 1.6208858 1.5804206 1.5895746 1.4553948 1.4496857 1.4402156 1.7697973 1.6427076 1.6736722 0.9429267 0.9959525 0.9676292 0.9726219 0.9710712 0.9795491 0.9830460 1.0073068 0.9992403 0.9497605 0.9427441 1.1169649 0.9973710 0.9634478 0.9857115 1.0172195 0.9923567 0.9824626 1.1027917 1.0829042 0.3625619 0.7217039 0.3076440 0.0000000 0.0723725 0.2147010 0.2118823 0.1925001 0.6696054 1.3623659 3.1743430 3.2687764 1.4791742 
Strabomantidae    1.5665638 1.7446016 1.5282452 1.5353468 1.6904289 1.6825188 1.6376803 1.7134953 1.5081257 1.5886430 1.5978980 1.5776867 1.4590971 1.4368177 1.4366536 1.7611953 1.6337765 1.6639220 0.9679208 1.0169518 0.9858233 0.9869215 0.9918284 0.9975962 0.9984449 0.9949305 1.0054537 0.9596547 0.9915892 1.1276622 1.0087809 0.9687711 1.0200279 1.0132217 1.0030055 0.9786785 1.0886745 1.1131335 0.3751756 0.7282824 0.3317206 0.0723725 0.0000000 0.2305612 0.2291272 0.2066532 0.6633535 1.3744556 3.2145493 3.3053504 1.4618152 
Micrixalidae      1.5297861 1.6939141 1.5148078 1.5168813 1.6573766 1.5909729 1.5794916 1.6650784 1.4828598 1.5436365 1.4997651 1.4998604 1.4045808 1.4127280 1.3575394 1.7337519 1.5913320 1.6609344 0.8713522 0.9324709 0.9264208 0.9230742 0.9352539 0.9250109 0.9121390 0.9320102 0.9115748 0.9014314 0.8832337 1.0304493 0.9022875 0.8404950 0.9459326 0.9264453 0.9124517 0.9077253 1.0676777 1.0315651 0.3163322 0.6804282 0.2627606 0.2147010 0.2305612 0.0000000 0.1147990 0.0857732 0.5836177 1.3303669 3.1268649 3.2439241 1.4903919 
Hemisotidae       1.4723740 1.6021337 1.4393330 1.4778836 1.5962983 1.5536024 1.5273383 1.6142227 1.4009148 1.4956840 1.4493629 1.4560702 1.3461660 1.3499926 1.3014922 1.6460989 1.5780537 1.5847120 0.8617532 0.9239314 0.9093505 0.9041008 0.9151246 0.9156410 0.9064240 0.9256755 0.9142773 0.8774249 0.9162479 0.9966907 0.8845978 0.8536267 0.9003131 0.9329672 0.9037809 0.8838230 1.0147917 1.0085530 0.3102572 0.6882416 0.2529227 0.2118823 0.2291272 0.1147990 0.0000000 0.0814119 0.5848246 1.2934009 3.1193035 3.1812505 1.4276187 
Asterophryidae    1.4668898 1.5964180 1.4452090 1.4590389 1.5594228 1.5342419 1.4861218 1.6230953 1.3968089 1.4832100 1.4395704 1.4533286 1.3586215 1.3644722 1.2895395 1.6943384 1.5741775 1.5677909 0.8537198 0.8949082 0.8922991 0.8839317 0.8946039 0.8880078 0.8780017 0.8872549 0.8843141 0.8491444 0.8686114 0.9800378 0.8551305 0.8159024 0.9024689 0.9144717 0.8822040 0.8700614 1.0298469 1.0099820 0.2874716 0.6601088 0.2313580 0.1925001 0.2066532 0.0857732 0.0814119 0.0000000 0.5659591 1.2898244 3.0613474 3.1786525 1.4066808 
Caeciliidae2      1.6263921 1.6827889 1.5774204 1.6190142 1.7491570 1.6896876 1.6376818 1.7442336 1.5949828 1.5999715 1.6018813 1.6011350 1.4963904 1.4693092 1.3873908 1.7912803 1.6380545 1.8319366 1.0726082 1.1023486 1.1042034 1.1178722 1.1151599 1.1110807 1.0895426 1.1080536 1.0941995 1.0798851 1.0526033 1.0937589 1.0682423 0.9928948 1.1066329 1.0716279 1.0588960 1.0289822 1.1745374 1.1657918 0.5532416 0.9549070 0.7011599 0.6696054 0.6633535 0.5836177 0.5848246 0.5659591 0.0000000 1.5506906 3.5965404 3.8832425 1.4963831 
Polypteriformes   2.1092802 2.3633179 2.1402786 2.1341858 2.4634629 2.3334606 2.1946376 2.2786599 2.3337901 2.2091322 2.2396287 2.1649018 2.0852909 1.9975532 1.9756029 2.2552552 2.2311229 2.2156482 1.5768224 1.6421279 1.5821027 1.6098924 1.5789484 1.6056174 1.6140145 1.6060394 1.6020538 1.5591744 1.5420190 1.8001894 1.5212524 1.4872870 1.6691824 1.5842114 1.5877892 1.6243594 1.7015693 1.7096062 1.3504125 1.7018494 1.4336821 1.3623659 1.3744556 1.3303669 1.2934009 1.2898244 1.5506906 0.0000000 3.0838815 3.4537757 1.7033980 
Channichthyidae   3.7257522 4.6160140 3.8956819 4.0226475 4.1922994 3.7867215 4.1181617 3.8463892 3.6645579 3.7167595 3.8062397 4.0854327 4.1029185 3.9995070 3.6728646 4.1791894 3.8842524 3.7501478 3.2398980 3.4703434 3.3393114 3.4261655 3.4225207 3.3207634 3.2923930 3.1875079 3.2535429 3.2543312 3.2684008 3.4001167 3.4057901 3.2073689 3.2510790 3.8493573 3.4651599 3.3449333 3.8472639 3.4650574 3.1262959 3.5979705 3.0569161 3.1743430 3.2145493 3.1268649 3.1193035 3.0613474 3.5965404 3.0838815 0.0000000 0.5169174 3.7332505 
Pseudaphritidae   4.0013874 4.8787732 4.2006553 4.4568146 4.9282432 4.3482893 4.5231262 3.8939439 4.1344158 3.9844221 4.2289106 4.4258185 4.3471966 4.5358863 3.8975293 3.8149729 3.8485712 3.6851982 3.2422332 3.5345405 3.4275930 3.4586199 3.4570960 3.2701724 3.4415424 3.2456986 3.2868488 3.2574398 3.3267608 3.3470024 3.6014370 3.2656537 3.1790192 3.8561826 3.5998065 3.4062352 4.0090166 3.6654604 3.2877407 3.8926892 3.1897369 3.2687764 3.3053504 3.2439241 3.1812505 3.1786525 3.8832425 3.4537757 0.5169174 0.0000000 3.6657992 
Carcharhinidae    2.1207641 2.3503466 2.0739750 2.1257961 2.3088770 2.2666718 2.2648756 2.3787398 2.1096218 2.0168687 2.0847177 2.0513979 2.0707092 2.0164519 1.9452218 2.3787019 2.2739211 2.0720117 1.5971133 1.6547203 1.6257160 1.5858644 1.5567857 1.6041321 1.5759450 1.6059218 1.5765920 1.5772662 1.5657756 1.6946481 1.4800713 1.4701974 1.6362672 1.6630764 1.6172868 1.5818972 1.6667639 1.6984765 1.3083806 1.6480954 1.5225620 1.4791742 1.4618152 1.4903919 1.4276187 1.4066808 1.4963831 1.7033980 3.7332505 3.6657992 0.0000000 
