51
Pitheciidae       0.0000000 1.1930898 1.2256542 1.3654973 1.1417781 1.3046327 1.4316116 1.5998782 1.5549807 1.6683933 1.5130082 1.5957609 1.6158243 1.6157344 1.4229353 3.0657511 2.9577658 3.3301253 3.4012660 3.3099381 3.3232940 3.2457958 3.2959394 3.3684017 3.2152945 3.4255209 3.3830333 3.2939620 3.4339223 4.0986448 3.3623025 4.0794622 3.5248427 3.1351157 3.1187215 3.8930035 3.0765238 3.4041534 3.2060543 3.5366765 3.3728296 3.3639476 3.5331588 3.3842209 3.1390447 3.2255158 4.2889058 4.2373881 6.0514806 5.7849757 5.4950805 
Scandentia        1.1930898 0.0000000 1.1311971 1.2707288 1.0250955 1.2439991 1.3377017 1.4902304 1.6113074 1.5013789 1.3845943 1.3930339 1.6828078 1.5655700 1.3430021 3.0318182 2.8233890 2.9645778 3.1691538 3.1744812 3.1703363 3.0341743 3.1061370 3.1158253 3.1236931 3.1412823 3.3105262 3.2072564 3.5108542 3.4979360 3.2484035 3.8692470 3.3500192 3.1940581 3.2297231 4.1706574 3.1581119 3.4679803 2.8887085 3.5347410 3.8040588 3.4734321 3.6018721 3.4091028 3.3557683 3.4398174 4.4659346 3.7839737 5.8938668 5.3417994 6.3015515 
Erethizontidae    1.2256542 1.1311971 0.0000000 0.5382359 1.0046657 1.0021750 1.3382022 1.5178809 1.4762820 1.5426485 1.4148669 1.4891124 1.6456205 1.5074243 1.3111735 3.0823658 2.9882377 3.0978471 3.1084966 3.2050890 3.0825770 3.0134595 3.1490061 3.1635195 3.0468490 3.2119532 3.2953997 3.2053273 3.3059718 3.7334038 3.1578225 3.9845320 3.0430038 3.0866768 2.9236952 3.8429091 2.9205704 3.6636549 3.2215693 3.3085153 3.5231176 3.4278441 3.5512122 3.4324886 3.2794533 3.3827661 3.9673745 4.0153502 5.2090243 4.7538133 6.0517081 
Capromyidae       1.3654973 1.2707288 0.5382359 0.0000000 1.0439188 1.1963466 1.3999284 1.5627979 1.5320879 1.6584213 1.4663104 1.4764678 1.7511097 1.5878841 1.3573244 3.0588702 3.1721728 3.3048157 3.3123392 3.4895308 3.3775800 3.3146484 3.3822117 3.2946478 3.3136942 3.4246560 3.4753460 3.3659214 3.5091427 3.8030351 3.4042816 3.8980620 2.9761802 3.1906498 2.8706147 3.4942802 2.9079747 3.6537153 3.1586236 3.2841138 3.7009029 3.4785700 3.5355830 3.4966184 3.2814497 3.3673200 4.0940095 4.0779382 5.2604151 5.1255296 6.9309446 
Muridae           1.1417781 1.0250955 1.0046657 1.0439188 0.0000000 0.9438131 1.2774587 1.4814928 1.4603420 1.4968470 1.3783234 1.4311762 1.5364312 1.4740417 1.2269414 3.0212798 3.0542929 3.2632871 3.2301000 3.4057984 3.2595718 3.2202823 3.2690610 3.2845150 3.2079667 3.2765450 3.3653319 3.1963255 3.2804238 3.4077143 3.1988701 3.9345908 2.9514644 3.0054531 2.8969903 3.8165978 2.8589461 3.5601448 3.1855113 3.1611918 3.3449218 3.5064964 3.6373472 3.3013280 3.2057911 3.2882804 3.9354302 4.1408102 5.3734828 5.3438434 6.8135848 
Castoridae        1.3046327 1.2439991 1.0021750 1.1963466 0.9438131 0.0000000 1.3858166 1.7308629 1.5899940 1.6143182 1.4539084 1.5595916 1.6938575 1.4925716 1.3098475 3.0547484 3.3483294 3.3593134 3.3644177 3.6437767 3.4409883 3.3880913 3.4114114 3.3552941 3.3851987 3.4020581 3.6126706 3.6105747 3.3604577 3.6843939 3.2367807 3.8886736 3.1069885 3.1167288 2.8833826 3.9105701 2.9758799 3.3447959 3.2032567 3.5835183 3.7164024 3.6748134 3.7148352 3.5878483 3.5178097 3.4827442 4.1010356 4.5064326 5.5188170 5.5467697 6.4367685 
Suidae            1.4316116 1.3377017 1.3382022 1.3999284 1.2774587 1.3858166 0.0000000 1.0413544 0.9175508 1.4666225 1.2669320 1.2745704 1.4102023 1.3248001 1.3210461 3.1405712 3.0231016 3.3987661 3.3600308 3.3886220 3.4058788 3.3889068 3.4613253 3.4507982 3.3716144 3.3944323 3.5191464 3.4757164 3.4796015 3.4166478 3.2953723 3.7493550 3.3027438 3.0923116 3.0599440 3.9484660 3.0073450 3.3479709 3.5489958 3.3838772 3.4594160 3.4881807 3.6415471 3.3880575 3.3325003 3.3111208 4.4469021 4.2590396 5.2358117 4.6474074 6.3518740 
Hippopotamidae    1.5998782 1.4902304 1.5178809 1.5627979 1.4814928 1.7308629 1.0413544 0.0000000 0.9140540 1.6124913 1.4476374 1.4392718 1.6788683 1.5474766 1.6406366 3.0907614 2.9728164 3.0567040 3.6127260 3.6819327 3.6737730 3.5833718 3.6078545 3.6992598 3.5101932 3.6624204 3.6709370 3.7778523 3.8425027 3.9143795 3.6947851 4.1732361 3.3633562 3.1696086 3.2138087 4.2050142 3.2316689 3.4114822 3.2311053 3.2130333 3.6447331 3.4073557 3.5789830 3.3995346 3.1858446 3.3958429 4.0266496 4.1340037 5.4315206 5.3984537 7.6464760 
Hyperoodontidae   1.5549807 1.6113074 1.4762820 1.5320879 1.4603420 1.5899940 0.9175508 0.9140540 0.0000000 1.6422050 1.4175337 1.4053374 1.7599765 1.4694716 1.6225324 3.1526157 3.0826119 3.3162572 3.9417311 3.7485347 3.9272347 3.7725962 3.8596285 3.9318764 3.5703324 3.8849483 3.8947867 3.9871261 3.7479068 4.0155746 3.8706080 4.4684620 3.4453289 3.2019886 3.1461453 4.1578416 3.0228402 3.5816808 3.6532272 3.3588063 3.8084509 3.3848001 3.5004394 3.4662480 3.3599891 3.6931395 4.2000317 5.3375596 5.4572845 5.6113583 6.4376211 
Vespertilionidae  1.6683933 1.5013789 1.5426485 1.6584213 1.4968470 1.6143182 1.4666225 1.6124913 1.6422050 0.0000000 1.0282653 1.0733111 1.6628176 1.4880398 1.6363207 3.2863717 3.0107756 3.2453996 3.2497973 3.3892017 3.1279102 3.1447484 3.1507156 3.2885865 3.1433208 3.3243088 3.4005630 3.2314599 3.6330323 3.7965040 3.6485786 3.7965337 3.1684045 3.1429481 3.1526641 3.8880379 3.0995361 3.3173805 3.3853371 3.4762440 3.7087759 3.2952533 3.4567822 3.1819634 3.1702270 3.3767509 4.2340937 4.3570306 5.1797195 5.7457478 6.2549176 
Furipteridae      1.5130082 1.3845943 1.4148669 1.4663104 1.3783234 1.4539084 1.2669320 1.4476374 1.4175337 1.0282653 0.0000000 0.9138228 1.5390665 1.4568750 1.4680788 3.0597370 2.8492795 3.2551711 3.4573065 3.4784832 3.4671004 3.1930237 3.2771261 3.4691811 3.3751178 3.3686218 3.5080789 3.3927776 3.6971070 3.7081280 3.4440768 4.0925142 3.2222933 3.2356032 3.0369262 3.8872023 2.9492619 3.0164576 3.1114827 3.3566375 3.5346020 3.3196787 3.4019446 3.3655278 3.0529129 3.1981825 4.4126860 4.1221545 5.1287614 4.8604036 7.5662728 
Rhinolophidae     1.5957609 1.3930339 1.4891124 1.4764678 1.4311762 1.5595916 1.2745704 1.4392718 1.4053374 1.0733111 0.9138228 0.0000000 1.5257968 1.3751931 1.4667411 3.3242289 3.2556428 3.2328191 3.3409748 3.5205305 3.4353169 3.2439852 3.2920170 3.3728420 3.2308824 3.4552580 3.5326736 3.3884518 3.7416231 3.8592871 3.5666730 3.8942039 3.2228498 3.3907721 3.0827872 3.8426254 3.0593581 3.1696233 3.3575055 3.6598556 4.2581101 3.7032017 3.6873145 3.7956573 3.4932459 3.6659416 4.6612183 4.5654233 5.0507457 4.6696863 6.8091960 
Viverridae        1.6158243 1.6828078 1.6456205 1.7511097 1.5364312 1.6938575 1.4102023 1.6788683 1.7599765 1.6628176 1.5390665 1.5257968 0.0000000 0.8876339 1.6623610 3.2808969 3.1440583 3.3984822 3.9168261 4.1572516 4.0418409 3.9446662 4.0047293 3.9616389 3.9746741 4.0993798 4.1449816 4.1767725 4.0639456 4.1457514 3.5856761 4.3921894 3.5086312 3.3767383 3.3030563 4.3995012 3.3058161 3.5201670 3.4616472 3.6661773 4.0159423 3.7685275 3.8375912 3.4781130 3.5046902 3.6730129 4.3423965 4.6235853 6.0093518 5.1518841 6.0093529 
Procyonidae       1.6157344 1.5655700 1.5074243 1.5878841 1.4740417 1.4925716 1.3248001 1.5474766 1.4694716 1.4880398 1.4568750 1.3751931 0.8876339 0.0000000 1.5033558 3.2830935 3.1217229 3.3713168 3.5252780 3.5161996 3.4744468 3.4383410 3.4272586 3.5763536 3.3162154 3.5245228 3.4895170 3.4996877 3.5905541 3.5875825 3.4101209 3.9439224 3.3218451 3.4053230 3.0596552 3.9404310 3.0815162 3.3470819 3.2136367 3.3773744 3.4463796 3.2317382 3.2012904 3.1884621 3.1911631 3.2565197 3.7833323 3.7723342 6.0061139 5.7479530 5.5843137 
Myrmecophagidae   1.4229353 1.3430021 1.3111735 1.3573244 1.2269414 1.3098475 1.3210461 1.6406366 1.6225324 1.6363207 1.4680788 1.4667411 1.6623610 1.5033558 0.0000000 2.9578127 2.8879378 3.1536536 3.2214666 3.1573520 3.2375044 3.2026484 3.1101848 3.2365199 3.1814777 3.2391903 3.3500277 3.2359775 3.1545699 3.4366558 3.1339400 3.7768674 3.1348732 3.1136606 3.0651342 3.7993495 2.9777670 3.1519936 3.1453771 3.4908588 3.7368278 3.2942806 3.2641620 3.2664923 3.2578407 3.3262330 3.7040782 3.9073396 4.9311455 4.8151693 5.5850860 
Caluromyidae      3.0657511 3.0318182 3.0823658 3.0588702 3.0212798 3.0547484 3.1405712 3.0907614 3.1526157 3.2863717 3.0597370 3.3242289 3.2808969 3.2830935 2.9578127 0.0000000 1.8019779 1.6880045 3.3287695 3.2816650 3.3199012 3.2534863 3.2148340 3.2206499 3.3172439 3.3483234 3.2775460 3.2530953 3.7993284 3.8179697 3.5884570 4.0896021 3.4602224 3.3337277 3.5224388 4.1520491 3.3929917 3.4167460 3.6105328 3.8554667 3.7578389 4.0425621 4.0258246 3.8247114 3.6940595 3.9116031 4.7241483 4.3571450 6.0862910 6.3873233 5.4609552 
Thylacomyidae     2.9577658 2.8233890 2.9882377 3.1721728 3.0542929 3.3483294 3.0231016 2.9728164 3.0826119 3.0107756 2.8492795 3.2556428 3.1440583 3.1217229 2.8879378 1.8019779 0.0000000 1.4073929 3.5747668 3.6232674 3.4959540 3.5075935 3.5276906 3.5617607 3.7257108 3.7035397 3.5141033 3.5628025 3.8411171 4.0815810 3.6337764 4.4363408 3.9593613 3.4949510 3.5766075 4.1591624 3.5489972 3.8023539 3.6256587 4.0286811 3.9560038 3.9601658 4.0915533 4.0666411 3.7238822 3.8635128 4.3111676 3.8918774 6.7575679 7.0523545 4.7956825 
Phalangeridae     3.3301253 2.9645778 3.0978471 3.3048157 3.2632871 3.3593134 3.3987661 3.0567040 3.3162572 3.2453996 3.2551711 3.2328191 3.3984822 3.3713168 3.1536536 1.6880045 1.4073929 0.0000000 3.7365179 3.7361322 3.9154322 3.7920387 3.7399574 3.7005829 3.8998953 3.9053964 3.9181705 3.8292513 3.9941917 4.5863694 4.0350136 3.9638513 3.7242233 3.3286501 3.4947903 4.1755687 3.5283138 4.1154906 3.8661912 4.4527305 4.2272296 3.7266570 3.9892817 3.6629486 3.5674001 3.7901480 4.6245645 3.9936358 5.5581251 6.1742025 5.4970109 
Tityridae         3.4012660 3.1691538 3.1084966 3.3123392 3.2301000 3.3644177 3.3600308 3.6127260 3.9417311 3.2497973 3.4573065 3.3409748 3.9168261 3.5252780 3.2214666 3.3287695 3.5747668 3.7365179 0.0000000 0.5199912 0.5199941 0.5392243 0.5133057 0.5037543 0.4673405 0.5545877 0.5510590 0.4985224 0.7205666 2.0741236 1.7580056 2.2886745 1.9438734 2.0349521 2.1210896 2.2333929 1.9617826 2.1605743 2.4368823 2.7509237 2.5941410 2.5713722 2.6582302 2.4869907 2.3563729 2.4047205 3.1090753 2.8298714 4.0601918 4.1080989 4.1844215 
Ptilonorhynchidae 3.3099381 3.1744812 3.2050890 3.4895308 3.4057984 3.6437767 3.3886220 3.6819327 3.7485347 3.3892017 3.4784832 3.5205305 4.1572516 3.5161996 3.1573520 3.2816650 3.6232674 3.7361322 0.5199912 0.0000000 0.4777475 0.5084166 0.4963905 0.4581260 0.4473426 0.4985502 0.4916618 0.4757703 0.8240845 2.1106092 1.7582455 2.3008539 2.1046813 2.0191423 2.1700008 2.4400715 2.0169504 2.2291368 2.3495238 2.7124175 2.4736711 2.4431880 2.5462606 2.5277986 2.3726045 2.4957011 3.3329415 2.8903121 4.3282738 4.2408752 4.1586952 
Callaeatidae      3.3232940 3.1703363 3.0825770 3.3775800 3.2595718 3.4409883 3.4058788 3.6737730 3.9272347 3.1279102 3.4671004 3.4353169 4.0418409 3.4744468 3.2375044 3.3199012 3.4959540 3.9154322 0.5199941 0.4777475 0.0000000 0.3885261 0.3625773 0.3373613 0.3293886 0.3796800 0.3888769 0.3467510 0.8251957 2.0951176 1.8588228 2.3234753 2.1574385 2.1344664 2.3016828 2.5945990 2.1479843 2.4059413 2.2881700 2.5837892 2.5602679 2.5730548 2.6888441 2.6043020 2.4265742 2.5363855 3.2470775 3.0993202 4.0816148 4.1213761 4.0752776 
Monarchidae       3.2457958 3.0341743 3.0134595 3.3146484 3.2202823 3.3880913 3.3889068 3.5833718 3.7725962 3.1447484 3.1930237 3.2439852 3.9446662 3.4383410 3.2026484 3.2534863 3.5075935 3.7920387 0.5392243 0.5084166 0.3885261 0.0000000 0.2564194 0.3767620 0.3498904 0.4070415 0.4142382 0.3807825 0.8599857 2.0449733 1.8820920 2.3877378 2.0865916 2.0677858 2.1420998 2.3933239 2.1072399 2.3233195 2.3266038 2.5755024 2.5560945 2.5708869 2.6438250 2.5061621 2.3757937 2.5369206 3.2698934 3.0887596 4.0065586 4.0745088 4.1880130 
Malaconotidae     3.2959394 3.1061370 3.1490061 3.3822117 3.2690610 3.4114114 3.4613253 3.6078545 3.8596285 3.1507156 3.2771261 3.2920170 4.0047293 3.4272586 3.1101848 3.2148340 3.5276906 3.7399574 0.5133057 0.4963905 0.3625773 0.2564194 0.0000000 0.3554681 0.3321470 0.3796809 0.3965747 0.3664643 0.8674903 2.0672538 1.8852746 2.3491958 2.0590830 2.0411775 2.1342327 2.4604300 2.1163046 2.2827662 2.3577111 2.5860805 2.5582033 2.5185151 2.5950907 2.5274507 2.3896269 2.5281160 3.2395469 2.8228791 4.0663112 4.2090716 4.1536705 
Certhiidae        3.3684017 3.1158253 3.1635195 3.2946478 3.2845150 3.3552941 3.4507982 3.6992598 3.9318764 3.2885865 3.4691811 3.3728420 3.9616389 3.5763536 3.2365199 3.2206499 3.5617607 3.7005829 0.5037543 0.4581260 0.3373613 0.3767620 0.3554681 0.0000000 0.2741871 0.3329653 0.3345708 0.3030889 0.8238617 2.1486007 1.8201862 2.2561064 2.0912161 2.1065219 2.1745589 2.4270205 2.0938563 2.2721753 2.3455354 2.5816398 2.4380674 2.5041868 2.6552632 2.5086732 2.3854155 2.5392317 3.2711644 2.9193416 3.8781387 3.9171478 4.3422128 
Cinclidae         3.2152945 3.1236931 3.0468490 3.3136942 3.2079667 3.3851987 3.3716144 3.5101932 3.5703324 3.1433208 3.3751178 3.2308824 3.9746741 3.3162154 3.1814777 3.3172439 3.7257108 3.8998953 0.4673405 0.4473426 0.3293886 0.3498904 0.3321470 0.2741871 0.0000000 0.3245875 0.3073789 0.2832265 0.7854718 2.0848949 1.8384555 2.2234843 2.1009544 2.0535088 2.1109250 2.4264785 2.0907521 2.3241912 2.2960933 2.6057013 2.5031681 2.5655297 2.6945240 2.5370277 2.3562087 2.4870278 3.3004587 2.9622291 4.0973902 4.0439224 4.3581619 
Ploceidae         3.4255209 3.1412823 3.2119532 3.4246560 3.2765450 3.4020581 3.3944323 3.6624204 3.8849483 3.3243088 3.3686218 3.4552580 4.0993798 3.5245228 3.2391903 3.3483234 3.7035397 3.9053964 0.5545877 0.4985502 0.3796800 0.4070415 0.3796809 0.3329653 0.3245875 0.0000000 0.2323118 0.3440517 0.9084933 2.1565271 1.9457988 2.3139176 2.1923832 2.1190479 2.2190153 2.5501417 2.1723922 2.4026777 2.3971363 2.7101306 2.5714196 2.6705578 2.8396659 2.5020528 2.4148608 2.4894370 3.3407221 3.0306198 4.2281329 4.4161970 4.6267135 
Thraupidae        3.3830333 3.3105262 3.2953997 3.4753460 3.3653319 3.6126706 3.5191464 3.6709370 3.8947867 3.4005630 3.5080789 3.5326736 4.1449816 3.4895170 3.3500277 3.2775460 3.5141033 3.9181705 0.5510590 0.4916618 0.3888769 0.4142382 0.3965747 0.3345708 0.3073789 0.2323118 0.0000000 0.3348354 0.8403969 2.0959577 1.8722203 2.2903334 2.1196841 2.0958472 2.1877529 2.4603768 2.1601220 2.2531572 2.3048950 2.6274338 2.5968852 2.5687245 2.7631369 2.4368980 2.3768191 2.4256903 3.2428723 2.9584953 4.0492127 4.1585647 4.2400452 
Alaudidae         3.2939620 3.2072564 3.2053273 3.3659214 3.1963255 3.6105747 3.4757164 3.7778523 3.9871261 3.2314599 3.3927776 3.3884518 4.1767725 3.4996877 3.2359775 3.2530953 3.5628025 3.8292513 0.4985224 0.4757703 0.3467510 0.3807825 0.3664643 0.3030889 0.2832265 0.3440517 0.3348354 0.0000000 0.8174630 2.0745973 1.8422225 2.3014015 2.1209997 2.1058761 2.1852811 2.4855917 2.1970589 2.3575304 2.4122779 2.6613822 2.5661373 2.6187406 2.7192684 2.5744167 2.3686854 2.5254260 3.2524898 2.8778021 4.1450920 4.2856276 4.1751192 
Coraciiformes     3.4339223 3.5108542 3.3059718 3.5091427 3.2804238 3.3604577 3.4796015 3.8425027 3.7479068 3.6330323 3.6971070 3.7416231 4.0639456 3.5905541 3.1545699 3.7993284 3.8411171 3.9941917 0.7205666 0.8240845 0.8251957 0.8599857 0.8674903 0.8238617 0.7854718 0.9084933 0.8403969 0.8174630 0.0000000 2.0910819 1.9262763 2.3277002 2.1563175 2.1743686 2.3466320 2.5120614 2.2622697 2.3194990 2.5732800 2.7787439 2.7567357 2.6760992 2.7143145 2.5947853 2.5378103 2.6768783 2.9980915 3.2744101 4.2277848 4.3451754 4.4739701 
Crocodylidae      4.0986448 3.4979360 3.7334038 3.8030351 3.4077143 3.6843939 3.4166478 3.9143795 4.0155746 3.7965040 3.7081280 3.8592871 4.1457514 3.5875825 3.4366558 3.8179697 4.0815810 4.5863694 2.0741236 2.1106092 2.0951176 2.0449733 2.0672538 2.1486007 2.0848949 2.1565271 2.0959577 2.0745973 2.0910819 0.0000000 2.0857206 2.6425647 2.5394429 2.5244285 2.5938578 2.8680774 2.4345114 2.6520839 2.7051159 3.3229925 3.0255977 3.0583175 3.1415991 3.0269192 3.0126393 3.0423585 3.3128212 3.5096771 4.9071498 5.2815688 4.5681094 
Carettochelyidae  3.3623025 3.2484035 3.1578225 3.4042816 3.1988701 3.2367807 3.2953723 3.6947851 3.8706080 3.6485786 3.4440768 3.5666730 3.5856761 3.4101209 3.1339400 3.5884570 3.6337764 4.0350136 1.7580056 1.7582455 1.8588228 1.8820920 1.8852746 1.8201862 1.8384555 1.9457988 1.8722203 1.8422225 1.9262763 2.0857206 0.0000000 1.9024485 2.0887699 2.2146069 2.1957754 2.5517506 2.1589785 2.4146535 2.3346843 2.7331864 2.6959905 2.6029719 2.7726392 2.6854748 2.6077365 2.4767448 2.8060128 3.1197243 4.5258109 4.7534605 3.9261039 
Kinosternidae     4.0794622 3.8692470 3.9845320 3.8980620 3.9345908 3.8886736 3.7493550 4.1732361 4.4684620 3.7965337 4.0925142 3.8942039 4.3921894 3.9439224 3.7768674 4.0896021 4.4363408 3.9638513 2.2886745 2.3008539 2.3234753 2.3877378 2.3491958 2.2561064 2.2234843 2.3139176 2.2903334 2.3014015 2.3277002 2.6425647 1.9024485 0.0000000 2.4047426 2.4960089 2.6403936 2.8879369 2.4792933 2.7334274 2.8086672 3.6977760 3.2859302 3.0157207 3.2370576 3.1491646 3.1029182 3.1541313 3.7376125 3.3234197 4.6669289 4.6406842 4.5497993 
Anomalepididae    3.5248427 3.3500192 3.0430038 2.9761802 2.9514644 3.1069885 3.3027438 3.3633562 3.4453289 3.1684045 3.2222933 3.2228498 3.5086312 3.3218451 3.1348732 3.4602224 3.9593613 3.7242233 1.9438734 2.1046813 2.1574385 2.0865916 2.0590830 2.0912161 2.1009544 2.1923832 2.1196841 2.1209997 2.1563175 2.5394429 2.0887699 2.4047426 0.0000000 0.9594965 1.0193416 1.3563245 1.1863083 1.6000179 2.3152601 2.3998949 2.5532562 2.3432895 2.4520358 2.3028927 2.2951389 2.3597830 3.0733685 2.4980139 4.3123694 3.8881966 4.1418605 
Loxocemidae       3.1351157 3.1940581 3.0866768 3.1906498 3.0054531 3.1167288 3.0923116 3.1696086 3.2019886 3.1429481 3.2356032 3.3907721 3.3767383 3.4053230 3.1136606 3.3337277 3.4949510 3.3286501 2.0349521 2.0191423 2.1344664 2.0677858 2.0411775 2.1065219 2.0535088 2.1190479 2.0958472 2.1058761 2.1743686 2.5244285 2.2146069 2.4960089 0.9594965 0.0000000 0.7115396 1.4940919 1.2532401 1.5710154 2.3446314 2.7374907 2.7649443 2.4573021 2.7123988 2.4693212 2.4205576 2.3748188 3.0056080 2.5524366 4.7076125 4.3803450 4.2907196 
Natricidae        3.1187215 3.2297231 2.9236952 2.8706147 2.8969903 2.8833826 3.0599440 3.2138087 3.1461453 3.1526641 3.0369262 3.0827872 3.3030563 3.0596552 3.0651342 3.5224388 3.5766075 3.4947903 2.1210896 2.1700008 2.3016828 2.1420998 2.1342327 2.1745589 2.1109250 2.2190153 2.1877529 2.1852811 2.3466320 2.5938578 2.1957754 2.6403936 1.0193416 0.7115396 0.0000000 1.3707407 1.2004877 1.5135895 2.2594394 2.6378386 2.4571152 2.2814168 2.3843369 2.3728835 2.2636150 2.2666737 3.2186158 2.8513871 5.1288907 4.6895497 4.2981510 
Xenosauridae      3.8930035 4.1706574 3.8429091 3.4942802 3.8165978 3.9105701 3.9484660 4.2050142 4.1578416 3.8880379 3.8872023 3.8426254 4.3995012 3.9404310 3.7993495 4.1520491 4.1591624 4.1755687 2.2333929 2.4400715 2.5945990 2.3933239 2.4604300 2.4270205 2.4264785 2.5501417 2.4603768 2.4855917 2.5120614 2.8680774 2.5517506 2.8879369 1.3563245 1.4940919 1.3707407 0.0000000 1.6316936 1.9712614 2.7532414 3.0607821 2.9973539 2.8476818 2.8683530 2.8322857 2.7208590 2.8063606 3.1634215 2.9911776 5.5174923 4.9494538 4.7470308 
Teiidae           3.0765238 3.1581119 2.9205704 2.9079747 2.8589461 2.9758799 3.0073450 3.2316689 3.0228402 3.0995361 2.9492619 3.0593581 3.3058161 3.0815162 2.9777670 3.3929917 3.5489972 3.5283138 1.9617826 2.0169504 2.1479843 2.1072399 2.1163046 2.0938563 2.0907521 2.1723922 2.1601220 2.1970589 2.2622697 2.4345114 2.1589785 2.4792933 1.1863083 1.2532401 1.2004877 1.6316936 0.0000000 1.5339541 2.2764971 2.5316777 2.5074892 2.1459792 2.2491270 2.3304269 2.1577579 2.1582957 2.9974604 2.9396709 4.9296366 4.3812583 3.9107407 
Eublepharidae     3.4041534 3.4679803 3.6636549 3.6537153 3.5601448 3.3447959 3.3479709 3.4114822 3.5816808 3.3173805 3.0164576 3.1696233 3.5201670 3.3470819 3.1519936 3.4167460 3.8023539 4.1154906 2.1605743 2.2291368 2.4059413 2.3233195 2.2827662 2.2721753 2.3241912 2.4026777 2.2531572 2.3575304 2.3194990 2.6520839 2.4146535 2.7334274 1.6000179 1.5710154 1.5135895 1.9712614 1.5339541 0.0000000 2.4438392 2.9888044 2.8896915 2.5474643 2.7047977 2.6773031 2.6437547 2.7414433 3.4242411 2.9232740 4.5137223 4.3085240 4.4360647 
Dicamptodontidae  3.2060543 2.8887085 3.2215693 3.1586236 3.1855113 3.2032567 3.5489958 3.2311053 3.6532272 3.3853371 3.1114827 3.3575055 3.4616472 3.2136367 3.1453771 3.6105328 3.6256587 3.8661912 2.4368823 2.3495238 2.2881700 2.3266038 2.3577111 2.3455354 2.2960933 2.3971363 2.3048950 2.4122779 2.5732800 2.7051159 2.3346843 2.8086672 2.3152601 2.3446314 2.2594394 2.7532414 2.2764971 2.4438392 0.0000000 1.5313011 1.6109169 1.3838122 1.5219397 1.4169492 1.3376551 1.3907471 1.9263872 2.5203120 4.2838273 4.2691741 3.9448588 
Alytidae          3.5366765 3.5347410 3.3085153 3.2841138 3.1611918 3.5835183 3.3838772 3.2130333 3.3588063 3.4762440 3.3566375 3.6598556 3.6661773 3.3773744 3.4908588 3.8554667 4.0286811 4.4527305 2.7509237 2.7124175 2.5837892 2.5755024 2.5860805 2.5816398 2.6057013 2.7101306 2.6274338 2.6613822 2.7787439 3.3229925 2.7331864 3.6977760 2.3998949 2.7374907 2.6378386 3.0607821 2.5316777 2.9888044 1.5313011 0.0000000 1.6497283 1.3061872 1.4884236 1.3322214 1.2845229 1.3337552 2.1891242 2.7529097 5.1738904 4.6423676 4.0256580 
Heleophrynidae    3.3728296 3.8040588 3.5231176 3.7009029 3.3449218 3.7164024 3.4594160 3.6447331 3.8084509 3.7087759 3.5346020 4.2581101 4.0159423 3.4463796 3.7368278 3.7578389 3.9560038 4.2272296 2.5941410 2.4736711 2.5602679 2.5560945 2.5582033 2.4380674 2.5031681 2.5714196 2.5968852 2.5661373 2.7567357 3.0255977 2.6959905 3.2859302 2.5532562 2.7649443 2.4571152 2.9973539 2.5074892 2.8896915 1.6109169 1.6497283 0.0000000 1.0794946 1.1712732 1.1178813 1.0775001 1.0857997 2.4934076 2.7384512 4.9024040 5.0206351 4.7288182 
Leptodactylidae   3.3639476 3.4734321 3.4278441 3.4785700 3.5064964 3.6748134 3.4881807 3.4073557 3.3848001 3.2952533 3.3196787 3.7032017 3.7685275 3.2317382 3.2942806 4.0425621 3.9601658 3.7266570 2.5713722 2.4431880 2.5730548 2.5708869 2.5185151 2.5041868 2.5655297 2.6705578 2.5687245 2.6187406 2.6760992 3.0583175 2.6029719 3.0157207 2.3432895 2.4573021 2.2814168 2.8476818 2.1459792 2.5474643 1.3838122 1.3061872 1.0794946 0.0000000 0.3272065 0.7851722 0.8186279 0.7663648 2.1727008 2.5440124 4.4519581 4.5846669 3.9241898 
Strabomantidae    3.5331588 3.6018721 3.5512122 3.5355830 3.6373472 3.7148352 3.6415471 3.5789830 3.5004394 3.4567822 3.4019446 3.6873145 3.8375912 3.2012904 3.2641620 4.0258246 4.0915533 3.9892817 2.6582302 2.5462606 2.6888441 2.6438250 2.5950907 2.6552632 2.6945240 2.8396659 2.7631369 2.7192684 2.7143145 3.1415991 2.7726392 3.2370576 2.4520358 2.7123988 2.3843369 2.8683530 2.2491270 2.7047977 1.5219397 1.4884236 1.1712732 0.3272065 0.0000000 0.8823694 0.9041543 0.8432428 2.2884114 2.7098613 4.4305000 4.1376155 3.8516950 
Micrixalidae      3.3842209 3.4091028 3.4324886 3.4966184 3.3013280 3.5878483 3.3880575 3.3995346 3.4662480 3.1819634 3.3655278 3.7956573 3.4781130 3.1884621 3.2664923 3.8247114 4.0666411 3.6629486 2.4869907 2.5277986 2.6043020 2.5061621 2.5274507 2.5086732 2.5370277 2.5020528 2.4368980 2.5744167 2.5947853 3.0269192 2.6854748 3.1491646 2.3028927 2.4693212 2.3728835 2.8322857 2.3304269 2.6773031 1.4169492 1.3322214 1.1178813 0.7851722 0.8823694 0.0000000 0.5459463 0.5398389 2.0211593 2.6694482 4.4687328 4.7283813 4.0600269 
Hemisotidae       3.1390447 3.3557683 3.2794533 3.2814497 3.2057911 3.5178097 3.3325003 3.1858446 3.3599891 3.1702270 3.0529129 3.4932459 3.5046902 3.1911631 3.2578407 3.6940595 3.7238822 3.5674001 2.3563729 2.3726045 2.4265742 2.3757937 2.3896269 2.3854155 2.3562087 2.4148608 2.3768191 2.3686854 2.5378103 3.0126393 2.6077365 3.1029182 2.2951389 2.4205576 2.2636150 2.7208590 2.1577579 2.6437547 1.3376551 1.2845229 1.0775001 0.8186279 0.9041543 0.5459463 0.0000000 0.5015659 2.1276599 2.4844805 4.5440608 4.8125493 4.1260579 
Asterophryidae    3.2255158 3.4398174 3.3827661 3.3673200 3.2882804 3.4827442 3.3111208 3.3958429 3.6931395 3.3767509 3.1981825 3.6659416 3.6730129 3.2565197 3.3262330 3.9116031 3.8635128 3.7901480 2.4047205 2.4957011 2.5363855 2.5369206 2.5281160 2.5392317 2.4870278 2.4894370 2.4256903 2.5254260 2.6768783 3.0423585 2.4767448 3.1541313 2.3597830 2.3748188 2.2666737 2.8063606 2.1582957 2.7414433 1.3907471 1.3337552 1.0857997 0.7663648 0.8432428 0.5398389 0.5015659 0.0000000 2.0328198 2.5676156 4.9260903 4.9983059 3.7298525 
Caeciliidae2      4.2889058 4.4659346 3.9673745 4.0940095 3.9354302 4.1010356 4.4469021 4.0266496 4.2000317 4.2340937 4.4126860 4.6612183 4.3423965 3.7833323 3.7040782 4.7241483 4.3111676 4.6245645 3.1090753 3.3329415 3.2470775 3.2698934 3.2395469 3.2711644 3.3004587 3.3407221 3.2428723 3.2524898 2.9980915 3.3128212 2.8060128 3.7376125 3.0733685 3.0056080 3.2186158 3.1634215 2.9974604 3.4242411 1.9263872 2.1891242 2.4934076 2.1727008 2.2884114 2.0211593 2.1276599 2.0328198 0.0000000 2.8781140 4.9003406 5.2235761 3.9907628 
Polypteriformes   4.2373881 3.7839737 4.0153502 4.0779382 4.1408102 4.5064326 4.2590396 4.1340037 5.3375596 4.3570306 4.1221545 4.5654233 4.6235853 3.7723342 3.9073396 4.3571450 3.8918774 3.9936358 2.8298714 2.8903121 3.0993202 3.0887596 2.8228791 2.9193416 2.9622291 3.0306198 2.9584953 2.8778021 3.2744101 3.5096771 3.1197243 3.3234197 2.4980139 2.5524366 2.8513871 2.9911776 2.9396709 2.9232740 2.5203120 2.7529097 2.7384512 2.5440124 2.7098613 2.6694482 2.4844805 2.5676156 2.8781140 0.0000000 4.0619124 3.9545701 4.1954211 
Channichthyidae   6.0514806 5.8938668 5.2090243 5.2604151 5.3734828 5.5188170 5.2358117 5.4315206 5.4572845 5.1797195 5.1287614 5.0507457 6.0093518 6.0061139 4.9311455 6.0862910 6.7575679 5.5581251 4.0601918 4.3282738 4.0816148 4.0065586 4.0663112 3.8781387 4.0973902 4.2281329 4.0492127 4.1450920 4.2277848 4.9071498 4.5258109 4.6669289 4.3123694 4.7076125 5.1288907 5.5174923 4.9296366 4.5137223 4.2838273 5.1738904 4.9024040 4.4519581 4.4305000 4.4687328 4.5440608 4.9260903 4.9003406 4.0619124 0.0000000 0.8346194 5.4015397 
Pseudaphritidae   5.7849757 5.3417994 4.7538133 5.1255296 5.3438434 5.5467697 4.6474074 5.3984537 5.6113583 5.7457478 4.8604036 4.6696863 5.1518841 5.7479530 4.8151693 6.3873233 7.0523545 6.1742025 4.1080989 4.2408752 4.1213761 4.0745088 4.2090716 3.9171478 4.0439224 4.4161970 4.1585647 4.2856276 4.3451754 5.2815688 4.7534605 4.6406842 3.8881966 4.3803450 4.6895497 4.9494538 4.3812583 4.3085240 4.2691741 4.6423676 5.0206351 4.5846669 4.1376155 4.7283813 4.8125493 4.9983059 5.2235761 3.9545701 0.8346194 0.0000000 5.1504911 
Carcharhinidae    5.4950805 6.3015515 6.0517081 6.9309446 6.8135848 6.4367685 6.3518740 7.6464760 6.4376211 6.2549176 7.5662728 6.8091960 6.0093529 5.5843137 5.5850860 5.4609552 4.7956825 5.4970109 4.1844215 4.1586952 4.0752776 4.1880130 4.1536705 4.3422128 4.3581619 4.6267135 4.2400452 4.1751192 4.4739701 4.5681094 3.9261039 4.5497993 4.1418605 4.2907196 4.2981510 4.7470308 3.9107407 4.4360647 3.9448588 4.0256580 4.7288182 3.9241898 3.8516950 4.0600269 4.1260579 3.7298525 3.9907628 4.1954211 5.4015397 5.1504911 0.0000000 
