51
Pitheciidae       0.0000000 0.1386818 0.1289084 0.1308707 0.1191424 0.1402007 0.1774796 0.1729997 0.1494008 0.2021239 0.1847929 0.1777289 0.1496707 0.1367499 0.1165940 0.4720879 0.3777405 0.3469422 0.7787034 0.8220519 0.8038574 0.7810172 0.7821917 0.8248515 0.7920352 0.7982248 0.7878859 0.7464887 0.8236135 0.9209668 0.9636258 0.9315602 0.9390267 0.8501347 0.9452533 0.9804786 0.9826495 1.0515245 0.8425875 0.7545356 0.7790828 0.7502523 0.7288860 0.9392501 0.8627616 0.9702385 1.4993887 0.9433304 0.8935072 0.8737722 1.4091338 
Scandentia        0.1386818 0.0000000 0.1487681 0.1432376 0.1251999 0.1592472 0.1701688 0.1730218 0.1514849 0.2158178 0.1742768 0.1815965 0.1538779 0.1474493 0.1330992 0.5046206 0.3990721 0.3530228 0.7989692 0.8260800 0.7982611 0.7713754 0.7605249 0.8182142 0.8000637 0.7869115 0.7868414 0.7812975 0.8385359 0.9531110 0.9642946 0.9387200 0.9856010 0.8515044 0.9416859 1.0550989 1.0169758 1.0270641 0.8821875 0.7701595 0.8132769 0.8038652 0.7910307 1.0126078 0.9236424 1.0314915 1.6304169 1.0246978 0.9615720 0.9444210 1.4313216 
Erethizontidae    0.1289084 0.1487681 0.0000000 0.0460527 0.0902016 0.1262240 0.1610031 0.1630898 0.1287816 0.1979190 0.1765520 0.1679296 0.1442587 0.1335773 0.1091625 0.4913553 0.4093843 0.3616543 0.8275901 0.8445085 0.8270915 0.8134865 0.8057195 0.8444009 0.8385309 0.8199162 0.7991387 0.7911625 0.8792767 0.9772809 1.0035241 0.9775641 0.9805120 0.8912961 1.0059745 1.1013099 1.0837508 1.1166863 0.9615751 0.8766912 0.8967845 0.8573788 0.8564672 1.0867201 0.9762896 1.0883122 1.6375456 1.0370096 1.0338719 1.0083084 1.5358266 
Capromyidae       0.1308707 0.1432376 0.0460527 0.0000000 0.0946909 0.1182570 0.1529558 0.1470736 0.1206819 0.1975242 0.1697029 0.1733356 0.1421576 0.1336159 0.1134629 0.4506930 0.3808450 0.3430987 0.8309062 0.8480003 0.8182354 0.8041155 0.8041542 0.8421128 0.8364040 0.8111907 0.7976348 0.7897222 0.8581071 0.9337829 0.9873233 0.9606278 0.9545212 0.8708990 0.9601663 1.0410576 1.0420549 1.0755611 0.9211648 0.8590391 0.8524539 0.8216311 0.8284275 1.0657271 0.9408538 1.0550421 1.6501335 1.0117221 0.9743530 0.9506855 1.4716455 
Muridae           0.1191424 0.1251999 0.0902016 0.0946909 0.0000000 0.1082512 0.1515308 0.1457399 0.1214753 0.1838993 0.1522117 0.1633393 0.1260726 0.1121716 0.0927156 0.4573194 0.3975635 0.3655670 0.7815643 0.7919885 0.7771981 0.7497224 0.7582882 0.8006221 0.8027281 0.7828964 0.7769782 0.7541359 0.8447686 0.9269801 0.9509177 0.9164301 0.9569365 0.8089769 0.9310218 1.0078520 0.9828391 1.0290572 0.8659822 0.7960331 0.7781141 0.7861869 0.7815425 1.0317840 0.8895637 1.0132404 1.6097368 1.0100925 0.9494568 0.9254918 1.4301061 
Castoridae        0.1402007 0.1592472 0.1262240 0.1182570 0.1082512 0.0000000 0.1905102 0.1760080 0.1440370 0.1965523 0.1867540 0.1883364 0.1533416 0.1456326 0.1198857 0.5201646 0.4107188 0.3823748 0.7699469 0.8068517 0.7518116 0.7431461 0.7409097 0.7802353 0.7925512 0.7583575 0.7453841 0.7521958 0.7905822 0.9381038 0.9268972 0.9202456 0.9570969 0.8498501 0.9430912 1.0083146 0.9652256 1.0603292 0.8765940 0.8140039 0.7888524 0.7810122 0.7826786 0.9892593 0.8722847 1.0160046 1.6402404 1.0123014 0.9314036 0.9093339 1.4447065 
Suidae            0.1774796 0.1701688 0.1610031 0.1529558 0.1515308 0.1905102 0.0000000 0.1405185 0.1333332 0.2195885 0.1896241 0.1906596 0.1625446 0.1500656 0.1528287 0.4911943 0.3917380 0.3602783 0.8231555 0.8366649 0.8069238 0.7830316 0.7781061 0.8231865 0.8093210 0.8268956 0.7927326 0.8112778 0.8549903 0.9307998 0.9557067 0.9295342 0.9972899 0.8659722 0.9416632 1.0536403 1.0123986 1.0977569 0.8796535 0.7949738 0.8104370 0.7640667 0.7662058 0.9821766 0.8940557 0.9970505 1.6308768 1.0073112 0.9543218 0.9152877 1.4652893 
Hippopotamidae    0.1729997 0.1730218 0.1630898 0.1470736 0.1457399 0.1760080 0.1405185 0.0000000 0.0858477 0.2098558 0.1936831 0.1870750 0.1561151 0.1463226 0.1474614 0.4890092 0.3925887 0.3607429 0.8339156 0.8765789 0.8400633 0.8216573 0.8136441 0.8449906 0.8648568 0.8616912 0.8278423 0.8132708 0.8876696 0.9608373 0.9809511 0.9898395 0.9927991 0.8017409 0.9546309 1.0701192 1.0520461 1.1105345 0.8966653 0.8361323 0.8512122 0.8197257 0.8121877 1.0177234 0.9182622 1.0473451 1.6198875 1.0105897 1.0279145 0.9900838 1.4443503 
Hyperoodontidae   0.1494008 0.1514849 0.1287816 0.1206819 0.1214753 0.1440370 0.1333332 0.0858477 0.0000000 0.1775136 0.1614342 0.1557371 0.1261080 0.1157054 0.1144096 0.4675055 0.3854648 0.3554546 0.7975476 0.8403111 0.8035887 0.7907637 0.7779687 0.8062402 0.8230623 0.8185359 0.7826740 0.7734986 0.8539280 0.9114534 0.9345748 0.9490582 0.9790443 0.8260982 0.9534494 1.0380826 1.0247529 1.0735619 0.8699993 0.8139943 0.8495456 0.7865936 0.7966320 1.0099709 0.9034870 1.0555696 1.6279894 0.9725623 0.9521307 0.9137599 1.4445839 
Vespertilionidae  0.2021239 0.2158178 0.1979190 0.1975242 0.1838993 0.1965523 0.2195885 0.2098558 0.1775136 0.0000000 0.1639933 0.1680273 0.1916768 0.1669855 0.1641386 0.5348802 0.4499363 0.4331582 0.8084504 0.8374952 0.8110856 0.7954229 0.7823342 0.8251556 0.8057311 0.8071568 0.7891580 0.7877931 0.8577308 0.9717108 0.9453656 0.9420711 0.9365458 0.8354725 0.9226068 1.0117340 1.0047507 1.0287346 0.9066915 0.8369124 0.8659831 0.8192222 0.8004723 0.9970116 0.9165787 1.0136302 1.6169471 1.0257510 0.9554276 0.9128237 1.4572402 
Furipteridae      0.1847929 0.1742768 0.1765520 0.1697029 0.1522117 0.1867540 0.1896241 0.1936831 0.1614342 0.1639933 0.0000000 0.1537577 0.1501115 0.1534333 0.1335965 0.5324013 0.4539209 0.4100554 0.7930164 0.8163865 0.7945953 0.7887026 0.7602303 0.8109381 0.8097173 0.8014912 0.7886680 0.7876339 0.8236656 0.9525286 0.9616940 0.9339861 0.9857793 0.8314929 0.9690660 1.0575467 1.0250055 1.0826493 0.9323536 0.8207113 0.8297054 0.8088622 0.8006216 0.9972891 0.8889657 0.9886792 1.6911473 1.0613297 0.9871513 0.9472356 1.4865790 
Rhinolophidae     0.1777289 0.1815965 0.1679296 0.1733356 0.1633393 0.1883364 0.1906596 0.1870750 0.1557371 0.1680273 0.1537577 0.0000000 0.1574008 0.1449594 0.1487324 0.5321199 0.4106293 0.4020214 0.8187492 0.8112048 0.8115421 0.8032035 0.7841678 0.8396195 0.8218263 0.8100840 0.8036407 0.7907401 0.8440689 0.9126640 0.9412576 0.9541462 0.9705878 0.8036305 0.8818594 1.0152646 0.9984193 1.0696249 0.9042517 0.7692985 0.7953759 0.7906420 0.7793197 0.9746613 0.8617828 1.0058150 1.6172621 1.0087020 0.9555146 0.9264212 1.4167485 
Viverridae        0.1496707 0.1538779 0.1442587 0.1421576 0.1260726 0.1533416 0.1625446 0.1561151 0.1261080 0.1916768 0.1501115 0.1574008 0.0000000 0.0834159 0.1177124 0.4685243 0.3926140 0.3590382 0.7793951 0.8031516 0.7890305 0.7694894 0.7616783 0.8031494 0.8141117 0.8016179 0.7815975 0.7736381 0.8510580 0.9320626 0.9603270 0.9385312 0.9399498 0.7827502 0.9116518 1.0214711 0.9578787 1.0423706 0.8626349 0.7812935 0.8274416 0.8063587 0.8071946 1.0264722 0.9095534 1.0221781 1.6289124 0.9700029 0.9461946 0.9085541 1.4712906 
Procyonidae       0.1367499 0.1474493 0.1335773 0.1336159 0.1121716 0.1456326 0.1500656 0.1463226 0.1157054 0.1669855 0.1534333 0.1449594 0.0834159 0.0000000 0.1052184 0.4401509 0.3663735 0.3374012 0.7730306 0.7918552 0.7800689 0.7347812 0.7451047 0.8023666 0.7986864 0.7793531 0.7588003 0.7490551 0.8306127 0.9179296 0.9474427 0.9383492 0.9521973 0.7928570 0.9233978 1.0163038 0.9816818 1.0384271 0.8815426 0.7819084 0.7979729 0.7737268 0.7842390 1.0000548 0.8854251 1.0101610 1.5898902 0.9910159 0.9303041 0.8936057 1.4655775 
Myrmecophagidae   0.1165940 0.1330992 0.1091625 0.1134629 0.0927156 0.1198857 0.1528287 0.1474614 0.1144096 0.1641386 0.1335965 0.1487324 0.1177124 0.1052184 0.0000000 0.4330774 0.3512778 0.3255842 0.7199883 0.7609474 0.7353974 0.7352161 0.7392685 0.7718796 0.7613581 0.7501821 0.7448070 0.7444181 0.8004094 0.8899490 0.9394406 0.8794380 0.9261136 0.8015641 0.9087044 0.9904146 0.9375929 1.0303757 0.8649411 0.7812232 0.8001924 0.7822061 0.7842474 0.9849334 0.8635370 0.9761476 1.5950849 0.9668198 0.9273883 0.8970871 1.4255006 
Caluromyidae      0.4720879 0.5046206 0.4913553 0.4506930 0.4573194 0.5201646 0.4911943 0.4890092 0.4675055 0.5348802 0.5324013 0.5321199 0.4685243 0.4401509 0.4330774 0.0000000 0.2783092 0.2306014 0.9259545 0.9597131 0.9410948 0.8918418 0.8918926 0.9474281 0.9188986 0.9222337 0.8994184 0.9152018 0.9453106 1.0717834 1.0847450 1.1049704 1.1469678 1.0014316 1.0980666 1.2542911 1.2426515 1.2483118 0.9604185 0.9958806 1.0013986 0.9547095 0.9244704 1.2766421 1.1242107 1.2574208 1.8091982 1.1832696 1.1344586 1.1057610 1.6164906 
Thylacomyidae     0.3777405 0.3990721 0.4093843 0.3808450 0.3975635 0.4107188 0.3917380 0.3925887 0.3854648 0.4499363 0.4539209 0.4106293 0.3926140 0.3663735 0.3512778 0.2783092 0.0000000 0.1525917 0.9141313 0.9146738 0.8751026 0.8462920 0.8391234 0.8827461 0.8772150 0.8498913 0.8241235 0.8680809 0.9078847 0.9693101 0.9869614 0.9929380 1.0253021 0.8871713 0.9709056 1.1608222 1.1295879 1.1469908 0.8177156 0.8061945 0.8896319 0.8547510 0.8431198 1.1100135 0.9888746 1.1373228 1.6406116 1.0299194 1.0365879 1.0110809 1.5370966 
Phalangeridae     0.3469422 0.3530228 0.3616543 0.3430987 0.3655670 0.3823748 0.3602783 0.3607429 0.3554546 0.4331582 0.4100554 0.4020214 0.3590382 0.3374012 0.3255842 0.2306014 0.1525917 0.0000000 0.8293374 0.8579750 0.8292682 0.7688511 0.7655235 0.8419035 0.8173220 0.7887576 0.7800125 0.8226574 0.8314959 0.9502790 0.9499846 0.9641857 0.9644786 0.8569407 0.9703049 1.1365029 1.0783966 1.1175390 0.8021682 0.8049316 0.8408434 0.8002032 0.7974932 1.0578546 0.9020950 1.0765593 1.5917620 1.0387172 1.0034882 0.9727940 1.5263189 
Tityridae         0.7787034 0.7989692 0.8275901 0.8309062 0.7815643 0.7699469 0.8231555 0.8339156 0.7975476 0.8084504 0.7930164 0.8187492 0.7793951 0.7730306 0.7199883 0.9259545 0.9141313 0.8293374 0.0000000 0.1791571 0.1888369 0.1738034 0.1652576 0.1596184 0.1681266 0.1674605 0.1728266 0.1646503 0.2091663 0.6080624 0.6492737 0.6845816 0.7867334 0.6790793 0.7223969 0.8473328 0.8434272 0.8024646 0.7401417 0.7131422 0.7628900 0.7193888 0.6861679 0.8911455 0.8038219 0.8953549 1.6523033 0.9877165 0.9323350 0.9127745 1.4506913 
Ptilonorhynchidae 0.8220519 0.8260800 0.8445085 0.8480003 0.7919885 0.8068517 0.8366649 0.8765789 0.8403111 0.8374952 0.8163865 0.8112048 0.8031516 0.7918552 0.7609474 0.9597131 0.9146738 0.8579750 0.1791571 0.0000000 0.1219881 0.1253366 0.1098830 0.1110482 0.1081098 0.1096229 0.1118219 0.1081032 0.1767406 0.5864236 0.6371206 0.7012071 0.7782029 0.6429840 0.7113255 0.8502882 0.9044636 0.7968744 0.7271036 0.7382625 0.7424504 0.7087724 0.6930582 0.9324998 0.8548967 0.9424116 1.6929579 0.9868392 0.9201158 0.8998135 1.4782728 
Callaeatidae      0.8038574 0.7982611 0.8270915 0.8182354 0.7771981 0.7518116 0.8069238 0.8400633 0.8035887 0.8110856 0.7945953 0.8115421 0.7890305 0.7800689 0.7353974 0.9410948 0.8751026 0.8292682 0.1888369 0.1219881 0.0000000 0.0927331 0.0842436 0.0895278 0.0895884 0.0879924 0.0901024 0.0772859 0.1992426 0.6266010 0.5945423 0.6542151 0.7466723 0.6546539 0.7084754 0.8780791 0.8851508 0.8215852 0.6896529 0.7117936 0.7266492 0.6556513 0.6466738 0.9058439 0.8152994 0.9213792 1.5959294 0.9856002 0.9130233 0.8944996 1.4322018 
Monarchidae       0.7810172 0.7713754 0.8134865 0.8041155 0.7497224 0.7431461 0.7830316 0.8216573 0.7907637 0.7954229 0.7887026 0.8032035 0.7694894 0.7347812 0.7352161 0.8918418 0.8462920 0.7688511 0.1738034 0.1253366 0.0927331 0.0000000 0.0540089 0.0880862 0.0881391 0.0837205 0.0802017 0.0783005 0.1920071 0.6539923 0.6413749 0.6988082 0.7685109 0.6827219 0.7462456 0.8799872 0.8954113 0.8237328 0.7342920 0.7485475 0.7525241 0.6989019 0.6798084 0.9666387 0.8490279 0.9351825 1.6823023 1.0112866 0.9232505 0.9032956 1.4564245 
Malaconotidae     0.7821917 0.7605249 0.8057195 0.8041542 0.7582882 0.7409097 0.7781061 0.8136441 0.7779687 0.7823342 0.7602303 0.7841678 0.7616783 0.7451047 0.7392685 0.8918926 0.8391234 0.7655235 0.1652576 0.1098830 0.0842436 0.0540089 0.0000000 0.0786274 0.0813769 0.0809413 0.0818256 0.0733336 0.1697059 0.5912829 0.5794098 0.6462177 0.7278423 0.6225830 0.6903955 0.8189946 0.8190089 0.7575784 0.6682633 0.7143110 0.7024084 0.6366333 0.6280999 0.8792286 0.7845617 0.8836369 1.6303328 0.9358889 0.8751303 0.8577599 1.4094023 
Certhiidae        0.8248515 0.8182142 0.8444009 0.8421128 0.8006221 0.7802353 0.8231865 0.8449906 0.8062402 0.8251556 0.8109381 0.8396195 0.8031494 0.8023666 0.7718796 0.9474281 0.8827461 0.8419035 0.1596184 0.1110482 0.0895278 0.0880862 0.0786274 0.0000000 0.0660448 0.0669059 0.0586008 0.0596832 0.1870807 0.6523599 0.6131185 0.7006230 0.8044755 0.6966341 0.7363033 0.8647366 0.8918859 0.8302265 0.6931336 0.7183822 0.7461930 0.7130560 0.6948376 0.9397689 0.8369414 0.9169310 1.7046528 0.9719850 0.9369997 0.9170904 1.4387491 
Cinclidae         0.7920352 0.8000637 0.8385309 0.8364040 0.8027281 0.7925512 0.8093210 0.8648568 0.8230623 0.8057311 0.8097173 0.8218263 0.8141117 0.7986864 0.7613581 0.9188986 0.8772150 0.8173220 0.1681266 0.1081098 0.0895884 0.0881391 0.0813769 0.0660448 0.0000000 0.0681387 0.0717376 0.0597154 0.1727479 0.6303594 0.6259089 0.6705062 0.7863776 0.6668747 0.7071465 0.8608374 0.8872474 0.8216197 0.7018563 0.7302991 0.7747626 0.6813041 0.6706112 0.9375897 0.8350027 0.9272936 1.7136602 0.9831870 0.8954702 0.8826577 1.4624750 
Ploceidae         0.7982248 0.7869115 0.8199162 0.8111907 0.7828964 0.7583575 0.8268956 0.8616912 0.8185359 0.8071568 0.8014912 0.8100840 0.8016179 0.7793531 0.7501821 0.9222337 0.8498913 0.7887576 0.1674605 0.1096229 0.0879924 0.0837205 0.0809413 0.0669059 0.0681387 0.0000000 0.0462880 0.0642910 0.1808001 0.6164581 0.6269867 0.6784834 0.7505393 0.6677274 0.6896306 0.8363443 0.8822644 0.7805520 0.6669346 0.7167688 0.7318512 0.6900346 0.6946846 0.9258827 0.8320586 0.9172786 1.6393396 0.9828686 0.9069165 0.8874792 1.4547518 
Thraupidae        0.7878859 0.7868414 0.7991387 0.7976348 0.7769782 0.7453841 0.7927326 0.8278423 0.7826740 0.7891580 0.7886680 0.8036407 0.7815975 0.7588003 0.7448070 0.8994184 0.8241235 0.7800125 0.1728266 0.1118219 0.0901024 0.0802017 0.0818256 0.0586008 0.0717376 0.0462880 0.0000000 0.0652400 0.1900308 0.6252389 0.6515090 0.6875549 0.7572379 0.6693025 0.6985841 0.8366921 0.8774361 0.7952772 0.7075007 0.7552962 0.7456847 0.7090761 0.6999501 0.9431217 0.8310442 0.9444313 1.6199682 0.9749522 0.9136436 0.8950871 1.4528861 
Alaudidae         0.7464887 0.7812975 0.7911625 0.7897222 0.7541359 0.7521958 0.8112778 0.8132708 0.7734986 0.7877931 0.7876339 0.7907401 0.7736381 0.7490551 0.7444181 0.9152018 0.8680809 0.8226574 0.1646503 0.1081032 0.0772859 0.0783005 0.0733336 0.0596832 0.0597154 0.0642910 0.0652400 0.0000000 0.1776366 0.6316912 0.6302422 0.6843031 0.7581192 0.6673669 0.7152297 0.8217737 0.9005414 0.8234068 0.6615534 0.6855407 0.7348059 0.6563080 0.6315911 0.8921471 0.8227851 0.9246980 1.6928485 0.9399343 0.8738381 0.8554138 1.4453660 
Coraciiformes     0.8236135 0.8385359 0.8792767 0.8581071 0.8447686 0.7905822 0.8549903 0.8876696 0.8539280 0.8577308 0.8236656 0.8440689 0.8510580 0.8306127 0.8004094 0.9453106 0.9078847 0.8314959 0.2091663 0.1767406 0.1992426 0.1920071 0.1697059 0.1870807 0.1727479 0.1808001 0.1900308 0.1776366 0.0000000 0.5852878 0.6506133 0.7008331 0.7903478 0.6818596 0.7020992 0.8421543 0.8804780 0.8192430 0.7195148 0.7011963 0.7027125 0.6717979 0.6694534 0.9246576 0.8322042 0.9030701 1.6675266 0.9614342 0.9161829 0.8971654 1.4903420 
Crocodylidae      0.9209668 0.9531110 0.9772809 0.9337829 0.9269801 0.9381038 0.9307998 0.9608373 0.9114534 0.9717108 0.9525286 0.9126640 0.9320626 0.9179296 0.8899490 1.0717834 0.9693101 0.9502790 0.6080624 0.5864236 0.6266010 0.6539923 0.5912829 0.6523599 0.6303594 0.6164581 0.6252389 0.6316912 0.5852878 0.0000000 0.6993885 0.7858322 0.8526385 0.8231182 0.8543897 0.9492438 0.9365482 0.9603010 0.8855854 0.8892572 0.9209112 0.8770861 0.8763353 1.0612492 1.0198004 1.1091978 1.5992327 1.0278670 1.0705804 1.0376264 1.6587123 
Carettochelyidae  0.9636258 0.9642946 1.0035241 0.9873233 0.9509177 0.9268972 0.9557067 0.9809511 0.9345748 0.9453656 0.9616940 0.9412576 0.9603270 0.9474427 0.9394406 1.0847450 0.9869614 0.9499846 0.6492737 0.6371206 0.5945423 0.6413749 0.5794098 0.6131185 0.6259089 0.6269867 0.6515090 0.6302422 0.6506133 0.6993885 0.0000000 0.5352812 0.8248906 0.7744114 0.8593589 0.9636696 0.9558598 0.9149499 0.9194108 0.8307030 0.8748557 0.7636401 0.7738644 1.0752815 1.0012721 1.1292850 1.6825030 1.0444293 1.0687476 1.0681579 1.6345079 
Kinosternidae     0.9315602 0.9387200 0.9775641 0.9606278 0.9164301 0.9202456 0.9295342 0.9898395 0.9490582 0.9420711 0.9339861 0.9541462 0.9385312 0.9383492 0.8794380 1.1049704 0.9929380 0.9641857 0.6845816 0.7012071 0.6542151 0.6988082 0.6462177 0.7006230 0.6705062 0.6784834 0.6875549 0.6843031 0.7008331 0.7858322 0.5352812 0.0000000 0.9675989 0.8907242 0.9280255 1.0674248 1.0539897 1.0065848 0.8143013 0.8240359 0.8802761 0.7684641 0.7848816 0.9751599 0.9307400 1.0376595 1.6855136 1.0352332 1.0711742 1.0317402 1.5621741 
Anomalepididae    0.9390267 0.9856010 0.9805120 0.9545212 0.9569365 0.9570969 0.9972899 0.9927991 0.9790443 0.9365458 0.9857793 0.9705878 0.9399498 0.9521973 0.9261136 1.1469678 1.0253021 0.9644786 0.7867334 0.7782029 0.7466723 0.7685109 0.7278423 0.8044755 0.7863776 0.7505393 0.7572379 0.7581192 0.7903478 0.8526385 0.8248906 0.9675989 0.0000000 0.4172550 0.4822554 0.6376710 0.6693607 0.7140395 0.8217881 0.8257230 0.8948697 0.8059242 0.8085192 0.9975660 0.9395058 1.0650699 1.7718444 1.0288579 0.9879141 1.0087190 1.4714325 
Loxocemidae       0.8501347 0.8515044 0.8912961 0.8708990 0.8089769 0.8498501 0.8659722 0.8017409 0.8260982 0.8354725 0.8314929 0.8036305 0.7827502 0.7928570 0.8015641 1.0014316 0.8871713 0.8569407 0.6790793 0.6429840 0.6546539 0.6827219 0.6225830 0.6966341 0.6668747 0.6677274 0.6693025 0.6673669 0.6818596 0.8231182 0.7744114 0.8907242 0.4172550 0.0000000 0.2489088 0.5995504 0.6216087 0.6321224 0.8080546 0.7354716 0.7243192 0.6970043 0.7056858 0.9213761 0.8549090 1.0144928 1.6671312 1.0018412 0.9366898 0.9297562 1.4641680 
Natricidae        0.9452533 0.9416859 1.0059745 0.9601663 0.9310218 0.9430912 0.9416632 0.9546309 0.9534494 0.9226068 0.9690660 0.8818594 0.9116518 0.9233978 0.9087044 1.0980666 0.9709056 0.9703049 0.7223969 0.7113255 0.7084754 0.7462456 0.6903955 0.7363033 0.7071465 0.6896306 0.6985841 0.7152297 0.7020992 0.8543897 0.8593589 0.9280255 0.4822554 0.2489088 0.0000000 0.6532084 0.6571620 0.7174473 0.8564233 0.7859422 0.8249220 0.7938371 0.8081602 0.9981129 0.9240954 1.0443614 1.7321837 1.0748080 0.9645158 0.9856517 1.5146386 
Xenosauridae      0.9804786 1.0550989 1.1013099 1.0410576 1.0078520 1.0083146 1.0536403 1.0701192 1.0380826 1.0117340 1.0575467 1.0152646 1.0214711 1.0163038 0.9904146 1.2542911 1.1608222 1.1365029 0.8473328 0.8502882 0.8780791 0.8799872 0.8189946 0.8647366 0.8608374 0.8363443 0.8366921 0.8217737 0.8421543 0.9492438 0.9636696 1.0674248 0.6376710 0.5995504 0.6532084 0.0000000 0.8049175 0.9012323 0.9308581 0.9231077 1.0317773 0.9698961 0.9487193 1.1726002 1.1026683 1.1508663 1.8504427 1.2191450 1.1523190 1.1668584 1.6621542 
Teiidae           0.9826495 1.0169758 1.0837508 1.0420549 0.9828391 0.9652256 1.0123986 1.0520461 1.0247529 1.0047507 1.0250055 0.9984193 0.9578787 0.9816818 0.9375929 1.2426515 1.1295879 1.0783966 0.8434272 0.9044636 0.8851508 0.8954113 0.8190089 0.8918859 0.8872474 0.8822644 0.8774361 0.9005414 0.8804780 0.9365482 0.9558598 1.0539897 0.6693607 0.6216087 0.6571620 0.8049175 0.0000000 0.8709548 0.9922067 0.9238547 0.9698065 0.9302387 0.9268966 1.0916581 1.0526395 1.1939180 2.0247815 1.2410540 1.1104095 1.1108841 1.6295591 
Eublepharidae     1.0515245 1.0270641 1.1166863 1.0755611 1.0290572 1.0603292 1.0977569 1.1105345 1.0735619 1.0287346 1.0826493 1.0696249 1.0423706 1.0384271 1.0303757 1.2483118 1.1469908 1.1175390 0.8024646 0.7968744 0.8215852 0.8237328 0.7575784 0.8302265 0.8216197 0.7805520 0.7952772 0.8234068 0.8192430 0.9603010 0.9149499 1.0065848 0.7140395 0.6321224 0.7174473 0.9012323 0.8709548 0.0000000 0.9203344 0.8736300 0.9437566 0.8492859 0.8580976 1.0725761 0.9883072 1.1031886 1.8654645 1.2098845 1.1649278 1.1611419 1.6511433 
Dicamptodontidae  0.8425875 0.8821875 0.9615751 0.9211648 0.8659822 0.8765940 0.8796535 0.8966653 0.8699993 0.9066915 0.9323536 0.9042517 0.8626349 0.8815426 0.8649411 0.9604185 0.8177156 0.8021682 0.7401417 0.7271036 0.6896529 0.7342920 0.6682633 0.6931336 0.7018563 0.6669346 0.7075007 0.6615534 0.7195148 0.8855854 0.9194108 0.8143013 0.8217881 0.8080546 0.8564233 0.9308581 0.9922067 0.9203344 0.0000000 0.3985378 0.4096221 0.3952327 0.3861066 0.5261760 0.5148701 0.5806979 1.2747932 0.8682104 0.8485182 0.8373605 1.3237448 
Alytidae          0.7545356 0.7701595 0.8766912 0.8590391 0.7960331 0.8140039 0.7949738 0.8361323 0.8139943 0.8369124 0.8207113 0.7692985 0.7812935 0.7819084 0.7812232 0.9958806 0.8061945 0.8049316 0.7131422 0.7382625 0.7117936 0.7485475 0.7143110 0.7183822 0.7302991 0.7167688 0.7552962 0.6855407 0.7011963 0.8892572 0.8307030 0.8240359 0.8257230 0.7354716 0.7859422 0.9231077 0.9238547 0.8736300 0.3985378 0.0000000 0.3099765 0.2835563 0.2803514 0.4478367 0.4061949 0.4758187 1.2885779 0.8756279 0.8235298 0.8020030 1.3152279 
Heleophrynidae    0.7790828 0.8132769 0.8967845 0.8524539 0.7781141 0.7888524 0.8104370 0.8512122 0.8495456 0.8659831 0.8297054 0.7953759 0.8274416 0.7979729 0.8001924 1.0013986 0.8896319 0.8408434 0.7628900 0.7424504 0.7266492 0.7525241 0.7024084 0.7461930 0.7747626 0.7318512 0.7456847 0.7348059 0.7027125 0.9209112 0.8748557 0.8802761 0.8948697 0.7243192 0.8249220 1.0317773 0.9698065 0.9437566 0.4096221 0.3099765 0.0000000 0.2135332 0.2115501 0.3750650 0.2864878 0.3667178 1.2806995 0.8207097 0.8285142 0.8101086 1.2612857 
Leptodactylidae   0.7502523 0.8038652 0.8573788 0.8216311 0.7861869 0.7810122 0.7640667 0.8197257 0.7865936 0.8192222 0.8088622 0.7906420 0.8063587 0.7737268 0.7822061 0.9547095 0.8547510 0.8002032 0.7193888 0.7087724 0.6556513 0.6989019 0.6366333 0.7130560 0.6813041 0.6900346 0.7090761 0.6563080 0.6717979 0.8770861 0.7636401 0.7684641 0.8059242 0.6970043 0.7938371 0.9698961 0.9302387 0.8492859 0.3952327 0.2835563 0.2135332 0.0000000 0.0509015 0.3009829 0.2481253 0.3342144 1.2335544 0.8026522 0.7621493 0.7345232 1.2428023 
Strabomantidae    0.7288860 0.7910307 0.8564672 0.8284275 0.7815425 0.7826786 0.7662058 0.8121877 0.7966320 0.8004723 0.8006216 0.7793197 0.8071946 0.7842390 0.7842474 0.9244704 0.8431198 0.7974932 0.6861679 0.6930582 0.6466738 0.6798084 0.6280999 0.6948376 0.6706112 0.6946846 0.6999501 0.6315911 0.6694534 0.8763353 0.7738644 0.7848816 0.8085192 0.7056858 0.8081602 0.9487193 0.9268966 0.8580976 0.3861066 0.2803514 0.2115501 0.0509015 0.0000000 0.2949812 0.2417471 0.3215928 1.2210082 0.7963587 0.7441571 0.7176075 1.2263041 
Micrixalidae      0.9392501 1.0126078 1.0867201 1.0657271 1.0317840 0.9892593 0.9821766 1.0177234 1.0099709 0.9970116 0.9972891 0.9746613 1.0264722 1.0000548 0.9849334 1.2766421 1.1100135 1.0578546 0.8911455 0.9324998 0.9058439 0.9666387 0.8792286 0.9397689 0.9375897 0.9258827 0.9431217 0.8921471 0.9246576 1.0612492 1.0752815 0.9751599 0.9975660 0.9213761 0.9981129 1.1726002 1.0916581 1.0725761 0.5261760 0.4478367 0.3750650 0.3009829 0.2949812 0.0000000 0.3227565 0.4035783 1.4199219 0.9747895 0.9366736 0.9200288 1.3210890 
Hemisotidae       0.8627616 0.9236424 0.9762896 0.9408538 0.8895637 0.8722847 0.8940557 0.9182622 0.9034870 0.9165787 0.8889657 0.8617828 0.9095534 0.8854251 0.8635370 1.1242107 0.9888746 0.9020950 0.8038219 0.8548967 0.8152994 0.8490279 0.7845617 0.8369414 0.8350027 0.8320586 0.8310442 0.8227851 0.8322042 1.0198004 1.0012721 0.9307400 0.9395058 0.8549090 0.9240954 1.1026683 1.0526395 0.9883072 0.5148701 0.4061949 0.2864878 0.2481253 0.2417471 0.3227565 0.0000000 0.3677496 1.3757464 0.9605949 0.8992433 0.8679617 1.2513592 
Asterophryidae    0.9702385 1.0314915 1.0883122 1.0550421 1.0132404 1.0160046 0.9970505 1.0473451 1.0555696 1.0136302 0.9886792 1.0058150 1.0221781 1.0101610 0.9761476 1.2574208 1.1373228 1.0765593 0.8953549 0.9424116 0.9213792 0.9351825 0.8836369 0.9169310 0.9272936 0.9172786 0.9444313 0.9246980 0.9030701 1.1091978 1.1292850 1.0376595 1.0650699 1.0144928 1.0443614 1.1508663 1.1939180 1.1031886 0.5806979 0.4758187 0.3667178 0.3342144 0.3215928 0.4035783 0.3677496 0.0000000 1.4720567 1.0815851 0.9753670 0.9519283 1.4844519 
Caeciliidae2      1.4993887 1.6304169 1.6375456 1.6501335 1.6097368 1.6402404 1.6308768 1.6198875 1.6279894 1.6169471 1.6911473 1.6172621 1.6289124 1.5898902 1.5950849 1.8091982 1.6406116 1.5917620 1.6523033 1.6929579 1.5959294 1.6823023 1.6303328 1.7046528 1.7136602 1.6393396 1.6199682 1.6928485 1.6675266 1.5992327 1.6825030 1.6855136 1.7718444 1.6671312 1.7321837 1.8504427 2.0247815 1.8654645 1.2747932 1.2885779 1.2806995 1.2335544 1.2210082 1.4199219 1.3757464 1.4720567 0.0000000 1.6174269 1.6310259 1.5925511 2.0134957 
Polypteriformes   0.9433304 1.0246978 1.0370096 1.0117221 1.0100925 1.0123014 1.0073112 1.0105897 0.9725623 1.0257510 1.0613297 1.0087020 0.9700029 0.9910159 0.9668198 1.1832696 1.0299194 1.0387172 0.9877165 0.9868392 0.9856002 1.0112866 0.9358889 0.9719850 0.9831870 0.9828686 0.9749522 0.9399343 0.9614342 1.0278670 1.0444293 1.0352332 1.0288579 1.0018412 1.0748080 1.2191450 1.2410540 1.2098845 0.8682104 0.8756279 0.8207097 0.8026522 0.7963587 0.9747895 0.9605949 1.0815851 1.6174269 0.0000000 0.6091844 0.5982870 1.1916839 
Channichthyidae   0.8935072 0.9615720 1.0338719 0.9743530 0.9494568 0.9314036 0.9543218 1.0279145 0.9521307 0.9554276 0.9871513 0.9555146 0.9461946 0.9303041 0.9273883 1.1344586 1.0365879 1.0034882 0.9323350 0.9201158 0.9130233 0.9232505 0.8751303 0.9369997 0.8954702 0.9069165 0.9136436 0.8738381 0.9161829 1.0705804 1.0687476 1.0711742 0.9879141 0.9366898 0.9645158 1.1523190 1.1104095 1.1649278 0.8485182 0.8235298 0.8285142 0.7621493 0.7441571 0.9366736 0.8992433 0.9753670 1.6310259 0.6091844 0.0000000 0.0286242 1.2748170 
Pseudaphritidae   0.8737722 0.9444210 1.0083084 0.9506855 0.9254918 0.9093339 0.9152877 0.9900838 0.9137599 0.9128237 0.9472356 0.9264212 0.9085541 0.8936057 0.8970871 1.1057610 1.0110809 0.9727940 0.9127745 0.8998135 0.8944996 0.9032956 0.8577599 0.9170904 0.8826577 0.8874792 0.8950871 0.8554138 0.8971654 1.0376264 1.0681579 1.0317402 1.0087190 0.9297562 0.9856517 1.1668584 1.1108841 1.1611419 0.8373605 0.8020030 0.8101086 0.7345232 0.7176075 0.9200288 0.8679617 0.9519283 1.5925511 0.5982870 0.0286242 0.0000000 1.2416428 
Carcharhinidae    1.4091338 1.4313216 1.5358266 1.4716455 1.4301061 1.4447065 1.4652893 1.4443503 1.4445839 1.4572402 1.4865790 1.4167485 1.4712906 1.4655775 1.4255006 1.6164906 1.5370966 1.5263189 1.4506913 1.4782728 1.4322018 1.4564245 1.4094023 1.4387491 1.4624750 1.4547518 1.4528861 1.4453660 1.4903420 1.6587123 1.6345079 1.5621741 1.4714325 1.4641680 1.5146386 1.6621542 1.6295591 1.6511433 1.3237448 1.3152279 1.2612857 1.2428023 1.2263041 1.3210890 1.2513592 1.4844519 2.0134957 1.1916839 1.2748170 1.2416428 0.0000000 
