51
Pitheciidae       0.0000000 0.0250010 0.0380686 0.0384385 0.0382516 0.0313526 0.0294780 0.0270956 0.0270588 0.0289021 0.0289156 0.0308763 0.0285343 0.0279503 0.0370427 0.0827616 0.0780013 0.0697866 0.4649930 0.4490809 0.4180567 0.4525065 0.4355367 0.4323366 0.4174417 0.4353072 0.4262901 0.4432109 0.4233297 0.4468480 0.3557646 0.4613249 0.3231192 0.3156094 0.3397953 0.3295814 0.3818976 0.3639796 0.5699330 0.4429099 0.5146417 0.5469145 0.5613530 0.5103725 0.5203060 0.5302736 0.3823802 0.7275983 0.4429082 0.4365050 1.4772480 
Scandentia        0.0250010 0.0000000 0.0347517 0.0354153 0.0341374 0.0277537 0.0251439 0.0229188 0.0231877 0.0250167 0.0248752 0.0268259 0.0249601 0.0240761 0.0331062 0.0805210 0.0749424 0.0666085 0.4566292 0.4415296 0.4109213 0.4453043 0.4285020 0.4273376 0.4076582 0.4269469 0.4190732 0.4353870 0.4158292 0.4445765 0.3492561 0.4605111 0.3165329 0.3089809 0.3328961 0.3246522 0.3753696 0.3570444 0.5604276 0.4368047 0.5079406 0.5439143 0.5594680 0.5032003 0.5090899 0.5224769 0.3732451 0.7339010 0.4385494 0.4333157 1.4843337 
Erethizontidae    0.0380686 0.0347517 0.0000000 0.0228389 0.0424652 0.0362651 0.0386693 0.0357929 0.0362072 0.0374763 0.0367279 0.0390161 0.0377047 0.0364954 0.0465517 0.0943172 0.0878001 0.0802667 0.4762287 0.4587764 0.4314233 0.4629072 0.4495011 0.4435740 0.4293203 0.4457528 0.4374003 0.4546745 0.4319770 0.4603791 0.3632295 0.4771815 0.3327395 0.3263836 0.3496454 0.3393828 0.3920808 0.3760835 0.5788410 0.4555987 0.5280995 0.5599776 0.5762610 0.5228848 0.5294778 0.5387504 0.3897576 0.7330228 0.4538148 0.4486110 1.5013669 
Capromyidae       0.0384385 0.0354153 0.0228389 0.0000000 0.0431602 0.0360154 0.0384227 0.0358503 0.0359579 0.0378452 0.0375618 0.0390790 0.0379080 0.0362465 0.0456862 0.0942869 0.0884551 0.0802466 0.4776549 0.4610965 0.4339583 0.4670418 0.4544632 0.4476141 0.4330720 0.4469449 0.4385027 0.4564716 0.4365403 0.4584453 0.3645131 0.4730361 0.3292032 0.3268365 0.3505448 0.3385901 0.3893419 0.3748101 0.5785047 0.4528402 0.5240455 0.5536153 0.5732269 0.5162975 0.5219638 0.5402414 0.3901923 0.7402450 0.4543483 0.4510214 1.5221375 
Muridae           0.0382516 0.0341374 0.0424652 0.0431602 0.0000000 0.0321296 0.0368407 0.0347310 0.0349905 0.0364122 0.0364368 0.0376541 0.0369445 0.0357454 0.0448820 0.0927692 0.0870479 0.0788387 0.4741307 0.4566402 0.4292329 0.4592801 0.4436811 0.4412276 0.4274458 0.4475619 0.4386118 0.4544862 0.4312687 0.4591787 0.3605662 0.4720710 0.3305029 0.3210264 0.3463990 0.3355168 0.3851991 0.3670886 0.5728040 0.4483487 0.5219898 0.5480332 0.5678509 0.5164862 0.5230442 0.5343214 0.3857035 0.7364103 0.4500510 0.4443591 1.5068722 
Castoridae        0.0313526 0.0277537 0.0362651 0.0360154 0.0321296 0.0000000 0.0301235 0.0274334 0.0280008 0.0292389 0.0291037 0.0303094 0.0300859 0.0288945 0.0381701 0.0855417 0.0804562 0.0731840 0.4698607 0.4493658 0.4212003 0.4553774 0.4420219 0.4380250 0.4236689 0.4404359 0.4313757 0.4469476 0.4275173 0.4550228 0.3605217 0.4611062 0.3273415 0.3193132 0.3451754 0.3333516 0.3833931 0.3651977 0.5660505 0.4419633 0.5133645 0.5469729 0.5611984 0.5091017 0.5157533 0.5298387 0.3791767 0.7348878 0.4462980 0.4408811 1.4945661 
Suidae            0.0294780 0.0251439 0.0386693 0.0384227 0.0368407 0.0301235 0.0000000 0.0151309 0.0156997 0.0228636 0.0231784 0.0251153 0.0228123 0.0219321 0.0342590 0.0811347 0.0760855 0.0685398 0.4624459 0.4471857 0.4138779 0.4461236 0.4340731 0.4309364 0.4140097 0.4348467 0.4248193 0.4400759 0.4198319 0.4408581 0.3521930 0.4585546 0.3198037 0.3127697 0.3391187 0.3234854 0.3784159 0.3601162 0.5602231 0.4377273 0.5033966 0.5358073 0.5539343 0.5033221 0.5101985 0.5193337 0.3685735 0.7333156 0.4405367 0.4351583 1.4726209 
Hippopotamidae    0.0270956 0.0229188 0.0357929 0.0358503 0.0347310 0.0274334 0.0151309 0.0000000 0.0101296 0.0206517 0.0206653 0.0224453 0.0203037 0.0194248 0.0321630 0.0796417 0.0750686 0.0672209 0.4582908 0.4433092 0.4154973 0.4475080 0.4331486 0.4303378 0.4142091 0.4334082 0.4225600 0.4405041 0.4175357 0.4423540 0.3526074 0.4568504 0.3187757 0.3111248 0.3370750 0.3263370 0.3805533 0.3613669 0.5669455 0.4367790 0.5053569 0.5399147 0.5575141 0.5043139 0.5101792 0.5229888 0.3753210 0.7297182 0.4418756 0.4352491 1.4738704 
Hyperoodontidae   0.0270588 0.0231877 0.0362072 0.0359579 0.0349905 0.0280008 0.0156997 0.0101296 0.0000000 0.0209182 0.0206334 0.0228618 0.0202765 0.0193988 0.0324239 0.0790138 0.0742773 0.0664549 0.4621259 0.4438538 0.4154600 0.4473076 0.4334774 0.4325080 0.4145482 0.4337984 0.4246040 0.4425324 0.4182955 0.4398222 0.3513944 0.4584707 0.3164504 0.3097671 0.3338159 0.3232209 0.3754658 0.3571062 0.5622109 0.4365846 0.5071089 0.5423790 0.5614357 0.5033359 0.5094166 0.5216857 0.3721673 0.7331142 0.4399499 0.4333438 1.4730280 
Vespertilionidae  0.0289021 0.0250167 0.0374763 0.0378452 0.0364122 0.0292389 0.0228636 0.0206517 0.0209182 0.0000000 0.0130654 0.0158585 0.0228355 0.0216558 0.0346081 0.0816209 0.0748678 0.0678528 0.4648731 0.4441183 0.4155747 0.4457327 0.4335097 0.4304643 0.4150080 0.4336051 0.4246325 0.4400741 0.4193991 0.4423606 0.3511843 0.4585383 0.3184171 0.3129224 0.3345914 0.3251332 0.3778545 0.3595751 0.5647454 0.4404000 0.5093616 0.5448078 0.5628536 0.5054789 0.5111741 0.5275811 0.3753096 0.7330654 0.4443356 0.4389252 1.4916579 
Furipteridae      0.0289156 0.0248752 0.0367279 0.0375618 0.0364368 0.0291037 0.0231784 0.0206653 0.0206334 0.0130654 0.0000000 0.0161644 0.0228505 0.0219689 0.0344676 0.0802976 0.0754123 0.0682142 0.4669439 0.4466086 0.4183082 0.4483765 0.4368634 0.4308218 0.4177443 0.4349727 0.4259742 0.4435803 0.4205792 0.4437023 0.3536827 0.4591878 0.3232786 0.3151459 0.3385031 0.3301765 0.3798787 0.3592130 0.5666336 0.4407261 0.5119180 0.5477508 0.5632607 0.5060574 0.5140911 0.5275628 0.3763234 0.7358543 0.4448437 0.4400499 1.4929381 
Rhinolophidae     0.0308763 0.0268259 0.0390161 0.0390790 0.0376541 0.0303094 0.0251153 0.0224453 0.0228618 0.0158585 0.0161644 0.0000000 0.0247840 0.0239011 0.0366002 0.0826212 0.0767009 0.0691601 0.4662008 0.4464691 0.4201836 0.4466707 0.4378152 0.4333471 0.4184198 0.4381126 0.4291022 0.4425425 0.4208303 0.4466897 0.3536115 0.4588867 0.3219944 0.3170269 0.3395100 0.3312227 0.3812742 0.3623379 0.5650984 0.4412005 0.5114023 0.5506602 0.5659683 0.5089636 0.5181928 0.5295853 0.3743822 0.7411233 0.4447273 0.4371316 1.4872020 
Viverridae        0.0285343 0.0249601 0.0377047 0.0379080 0.0369445 0.0300859 0.0228123 0.0203037 0.0202765 0.0228355 0.0228505 0.0247840 0.0000000 0.0118525 0.0346781 0.0819096 0.0765154 0.0688242 0.4647351 0.4474846 0.4191530 0.4501284 0.4366975 0.4334801 0.4159677 0.4336484 0.4266446 0.4422512 0.4220326 0.4436705 0.3542335 0.4612298 0.3195140 0.3130119 0.3353322 0.3284152 0.3742235 0.3583996 0.5606897 0.4364677 0.5096675 0.5462561 0.5628218 0.5057804 0.5133998 0.5248714 0.3737692 0.7292502 0.4415703 0.4347400 1.4760873 
Procyonidae       0.0279503 0.0240761 0.0364954 0.0362465 0.0357454 0.0288945 0.0219321 0.0194248 0.0193988 0.0216558 0.0219689 0.0239011 0.0118525 0.0000000 0.0333182 0.0804622 0.0752470 0.0672419 0.4628336 0.4437016 0.4164992 0.4479054 0.4352692 0.4307653 0.4141394 0.4314406 0.4225091 0.4409779 0.4181293 0.4407377 0.3526654 0.4562882 0.3196896 0.3139808 0.3355418 0.3278770 0.3782373 0.3580382 0.5641228 0.4352053 0.5104182 0.5445711 0.5603251 0.5029513 0.5130172 0.5236139 0.3756109 0.7292580 0.4415006 0.4355073 1.4792761 
Myrmecophagidae   0.0370427 0.0331062 0.0465517 0.0456862 0.0448820 0.0381701 0.0342590 0.0321630 0.0324239 0.0346081 0.0344676 0.0366002 0.0346781 0.0333182 0.0000000 0.0881107 0.0826603 0.0758627 0.4725204 0.4553307 0.4265350 0.4598246 0.4454022 0.4406790 0.4259804 0.4430593 0.4370738 0.4505950 0.4321241 0.4604441 0.3654055 0.4735428 0.3291804 0.3239402 0.3462525 0.3369637 0.3921047 0.3717463 0.5719871 0.4475330 0.5200742 0.5569967 0.5717945 0.5181012 0.5258104 0.5334216 0.3862950 0.7486083 0.4585158 0.4539173 1.5054217 
Caluromyidae      0.0827616 0.0805210 0.0943172 0.0942869 0.0927692 0.0855417 0.0811347 0.0796417 0.0790138 0.0816209 0.0802976 0.0826212 0.0819096 0.0804622 0.0881107 0.0000000 0.0433787 0.0355872 0.4879060 0.4678389 0.4401606 0.4690321 0.4578059 0.4531624 0.4375434 0.4582383 0.4513996 0.4693317 0.4418220 0.4727883 0.3802003 0.4879478 0.3346787 0.3243362 0.3535356 0.3416641 0.3964629 0.3750779 0.5841723 0.4600485 0.5304328 0.5588246 0.5766503 0.5209561 0.5262178 0.5438456 0.3950768 0.7543968 0.4652804 0.4582701 1.5061741 
Thylacomyidae     0.0780013 0.0749424 0.0878001 0.0884551 0.0870479 0.0804562 0.0760855 0.0750686 0.0742773 0.0748678 0.0754123 0.0767009 0.0765154 0.0752470 0.0826603 0.0433787 0.0000000 0.0248669 0.4785514 0.4577229 0.4282071 0.4605160 0.4498590 0.4460326 0.4273798 0.4481769 0.4390922 0.4594812 0.4401899 0.4631637 0.3702925 0.4778418 0.3277035 0.3181750 0.3448681 0.3338960 0.3874843 0.3685616 0.5808490 0.4536780 0.5221598 0.5527845 0.5675934 0.5143719 0.5244928 0.5348019 0.3899866 0.7468222 0.4566542 0.4526805 1.4885866 
Phalangeridae     0.0697866 0.0666085 0.0802667 0.0802466 0.0788387 0.0731840 0.0685398 0.0672209 0.0664549 0.0678528 0.0682142 0.0691601 0.0688242 0.0672419 0.0758627 0.0355872 0.0248669 0.0000000 0.4687953 0.4509434 0.4217521 0.4538033 0.4416082 0.4368533 0.4197652 0.4407999 0.4305050 0.4486712 0.4271673 0.4530826 0.3592380 0.4751689 0.3196960 0.3133839 0.3401810 0.3276737 0.3830607 0.3619688 0.5720154 0.4488199 0.5159766 0.5461131 0.5621784 0.5089257 0.5124995 0.5275387 0.3813778 0.7322811 0.4485401 0.4422694 1.4829934 
Tityridae         0.4649930 0.4566292 0.4762287 0.4776549 0.4741307 0.4698607 0.4624459 0.4582908 0.4621259 0.4648731 0.4669439 0.4662008 0.4647351 0.4628336 0.4725204 0.4879060 0.4785514 0.4687953 0.0000000 0.2626340 0.2323525 0.2601622 0.2566413 0.2432655 0.2314937 0.2449271 0.2440425 0.2476798 0.2856950 0.5535233 0.4725053 0.5747971 0.4862979 0.4807990 0.5072435 0.4992005 0.5583510 0.5255012 0.8258786 0.6840248 0.7496834 0.7828921 0.8137349 0.7479089 0.7464264 0.7751609 0.6262194 0.9533708 0.6723065 0.6656613 1.7173097 
Ptilonorhynchidae 0.4490809 0.4415296 0.4587764 0.4610965 0.4566402 0.4493658 0.4471857 0.4433092 0.4438538 0.4441183 0.4466086 0.4464691 0.4474846 0.4437016 0.4553307 0.4678389 0.4577229 0.4509434 0.2626340 0.0000000 0.1620329 0.1941139 0.1859676 0.1772847 0.1636617 0.1779492 0.1768169 0.1763002 0.2678867 0.5043434 0.4395341 0.5396225 0.4707296 0.4579315 0.4668320 0.4804821 0.5096631 0.5024199 0.7707549 0.6558603 0.7160412 0.7394183 0.7690573 0.7285809 0.7273565 0.7373260 0.5827881 0.9148029 0.6520006 0.6421537 1.6472591 
Callaeatidae      0.4180567 0.4109213 0.4314233 0.4339583 0.4292329 0.4212003 0.4138779 0.4154973 0.4154600 0.4155747 0.4183082 0.4201836 0.4191530 0.4164992 0.4265350 0.4401606 0.4282071 0.4217521 0.2323525 0.1620329 0.0000000 0.1240297 0.1162655 0.1082779 0.0945688 0.1082275 0.1103229 0.1128072 0.2442895 0.4817462 0.4169398 0.5152668 0.4415488 0.4349846 0.4473426 0.4477289 0.4887801 0.4722227 0.7508882 0.6267859 0.7020573 0.7196188 0.7480216 0.6930747 0.6990195 0.7174890 0.5696015 0.8939570 0.6061621 0.6021566 1.6349345 
Monarchidae       0.4525065 0.4453043 0.4629072 0.4670418 0.4592801 0.4553774 0.4461236 0.4475080 0.4473076 0.4457327 0.4483765 0.4466707 0.4501284 0.4479054 0.4598246 0.4690321 0.4605160 0.4538033 0.2601622 0.1941139 0.1240297 0.0000000 0.0931302 0.1377272 0.1206877 0.1374010 0.1355527 0.1384255 0.2723395 0.5199203 0.4561772 0.5315072 0.4762028 0.4681671 0.4918407 0.4902764 0.5207145 0.5029296 0.7892100 0.6775842 0.7384741 0.7557328 0.7924181 0.7364115 0.7315348 0.7527600 0.6065245 0.9241855 0.6457332 0.6424133 1.6713544 
Malaconotidae     0.4355367 0.4285020 0.4495011 0.4544632 0.4436811 0.4420219 0.4340731 0.4331486 0.4334774 0.4335097 0.4368634 0.4378152 0.4366975 0.4352692 0.4454022 0.4578059 0.4498590 0.4416082 0.2566413 0.1859676 0.1162655 0.0931302 0.0000000 0.1320243 0.1145376 0.1295800 0.1327289 0.1344683 0.2633498 0.5108861 0.4364889 0.5261382 0.4706540 0.4548205 0.4778417 0.4793443 0.5063362 0.4912146 0.7954922 0.6537185 0.7272978 0.7457992 0.7787649 0.7206807 0.7213668 0.7466373 0.5851246 0.9141342 0.6418415 0.6359968 1.6576822 
Certhiidae        0.4323366 0.4273376 0.4435740 0.4476141 0.4412276 0.4380250 0.4309364 0.4303378 0.4325080 0.4304643 0.4308218 0.4333471 0.4334801 0.4307653 0.4406790 0.4531624 0.4460326 0.4368533 0.2432655 0.1772847 0.1082779 0.1377272 0.1320243 0.0000000 0.0838098 0.0991302 0.1002581 0.1039934 0.2591059 0.4952701 0.4286440 0.5300825 0.4528658 0.4447360 0.4607155 0.4653324 0.4955240 0.4943263 0.7728976 0.6547138 0.7219919 0.7429632 0.7720633 0.7144365 0.7213591 0.7283881 0.5782727 0.9077697 0.6224130 0.6241080 1.6510405 
Cinclidae         0.4174417 0.4076582 0.4293203 0.4330720 0.4274458 0.4236689 0.4140097 0.4142091 0.4145482 0.4150080 0.4177443 0.4184198 0.4159677 0.4141394 0.4259804 0.4375434 0.4273798 0.4197652 0.2314937 0.1636617 0.0945688 0.1206877 0.1145376 0.0838098 0.0000000 0.0861916 0.0893107 0.0927601 0.2414415 0.4849026 0.4136258 0.5036329 0.4443419 0.4331357 0.4456448 0.4508317 0.4895392 0.4730196 0.7409998 0.6328562 0.7022076 0.7206927 0.7492077 0.6970085 0.7067534 0.7126973 0.5743874 0.8844326 0.6092014 0.6014043 1.6241294 
Ploceidae         0.4353072 0.4269469 0.4457528 0.4469449 0.4475619 0.4404359 0.4348467 0.4334082 0.4337984 0.4336051 0.4349727 0.4381126 0.4336484 0.4314406 0.4430593 0.4582383 0.4481769 0.4407999 0.2449271 0.1779492 0.1082275 0.1374010 0.1295800 0.0991302 0.0861916 0.0000000 0.0611748 0.1064652 0.2599325 0.5023837 0.4307315 0.5300601 0.4609782 0.4570189 0.4680508 0.4666574 0.5018081 0.4926505 0.7810614 0.6596155 0.7331147 0.7443534 0.7770102 0.7300284 0.7393790 0.7446056 0.5929494 0.9182305 0.6353161 0.6317581 1.6640604 
Thraupidae        0.4262901 0.4190732 0.4374003 0.4385027 0.4386118 0.4313757 0.4248193 0.4225600 0.4246040 0.4246325 0.4259742 0.4291022 0.4266446 0.4225091 0.4370738 0.4513996 0.4390922 0.4305050 0.2440425 0.1768169 0.1103229 0.1355527 0.1327289 0.1002581 0.0893107 0.0611748 0.0000000 0.1090782 0.2608646 0.5001335 0.4243095 0.5263669 0.4546463 0.4474367 0.4640401 0.4577471 0.4924176 0.4842864 0.7736879 0.6478289 0.7167821 0.7379792 0.7705683 0.7234167 0.7305170 0.7342859 0.5823443 0.8966174 0.6219324 0.6204650 1.6550319 
Alaudidae         0.4432109 0.4353870 0.4546745 0.4564716 0.4544862 0.4469476 0.4400759 0.4405041 0.4425324 0.4400741 0.4435803 0.4425425 0.4422512 0.4409779 0.4505950 0.4693317 0.4594812 0.4486712 0.2476798 0.1763002 0.1128072 0.1384255 0.1344683 0.1039934 0.0927601 0.1064652 0.1090782 0.0000000 0.2590670 0.5082282 0.4340918 0.5387517 0.4651515 0.4588262 0.4704916 0.4704592 0.5082840 0.5016947 0.7889011 0.6513287 0.7264295 0.7406091 0.7798447 0.7235551 0.7253345 0.7304503 0.5972711 0.9247533 0.6430563 0.6371965 1.6874534 
Coraciiformes     0.4233297 0.4158292 0.4319770 0.4365403 0.4312687 0.4275173 0.4198319 0.4175357 0.4182955 0.4193991 0.4205792 0.4208303 0.4220326 0.4181293 0.4321241 0.4418220 0.4401899 0.4271673 0.2856950 0.2678867 0.2442895 0.2723395 0.2633498 0.2591059 0.2414415 0.2599325 0.2608646 0.2590670 0.0000000 0.4846333 0.4161047 0.5280830 0.4463278 0.4297603 0.4471446 0.4534418 0.4955561 0.4657468 0.7670561 0.6325524 0.7015001 0.7227400 0.7590766 0.6937221 0.6880004 0.7187826 0.5669242 0.8885561 0.6404532 0.6361989 1.6717882 
Crocodylidae      0.4468480 0.4445765 0.4603791 0.4584453 0.4591787 0.4550228 0.4408581 0.4423540 0.4398222 0.4423606 0.4437023 0.4466897 0.4436705 0.4407377 0.4604441 0.4727883 0.4631637 0.4530826 0.5535233 0.5043434 0.4817462 0.5199203 0.5108861 0.4952701 0.4849026 0.5023837 0.5001335 0.5082282 0.4846333 0.0000000 0.4516838 0.5498279 0.4578408 0.4603818 0.4790773 0.4688250 0.5269604 0.5008448 0.7905110 0.6533247 0.7123458 0.7445117 0.7724551 0.6997973 0.7154939 0.7333324 0.5899566 0.9365723 0.6379467 0.6319279 1.6950241 
Carettochelyidae  0.3557646 0.3492561 0.3632295 0.3645131 0.3605662 0.3605217 0.3521930 0.3526074 0.3513944 0.3511843 0.3536827 0.3536115 0.3542335 0.3526654 0.3654055 0.3802003 0.3702925 0.3592380 0.4725053 0.4395341 0.4169398 0.4561772 0.4364889 0.4286440 0.4136258 0.4307315 0.4243095 0.4340918 0.4161047 0.4516838 0.0000000 0.3850070 0.3706987 0.3741030 0.3888371 0.3781861 0.4279024 0.4164560 0.7171563 0.5810447 0.6361800 0.6672211 0.6916872 0.6545549 0.6497953 0.6691532 0.5032076 0.8476684 0.5812393 0.5641904 1.6015635 
Kinosternidae     0.4613249 0.4605111 0.4771815 0.4730361 0.4720710 0.4611062 0.4585546 0.4568504 0.4584707 0.4585383 0.4591878 0.4588867 0.4612298 0.4562882 0.4735428 0.4879478 0.4778418 0.4751689 0.5747971 0.5396225 0.5152668 0.5315072 0.5261382 0.5300825 0.5036329 0.5300601 0.5263669 0.5387517 0.5280830 0.5498279 0.3850070 0.0000000 0.4838289 0.4802996 0.5060504 0.4919938 0.5466204 0.5203405 0.8058090 0.6914393 0.7544918 0.7879952 0.8066035 0.7491921 0.7553207 0.7713753 0.6245687 0.9647947 0.6680120 0.6587147 1.7662997 
Anomalepididae    0.3231192 0.3165329 0.3327395 0.3292032 0.3305029 0.3273415 0.3198037 0.3187757 0.3164504 0.3184171 0.3232786 0.3219944 0.3195140 0.3196896 0.3291804 0.3346787 0.3277035 0.3196960 0.4862979 0.4707296 0.4415488 0.4762028 0.4706540 0.4528658 0.4443419 0.4609782 0.4546463 0.4651515 0.4463278 0.4578408 0.3706987 0.4838289 0.0000000 0.1536571 0.1690703 0.1834808 0.2544152 0.2644714 0.6650275 0.5137934 0.5858640 0.6338692 0.6485327 0.5874610 0.5923205 0.6129924 0.4598127 0.7851179 0.5216752 0.5162570 1.5530543 
Loxocemidae       0.3156094 0.3089809 0.3263836 0.3268365 0.3210264 0.3193132 0.3127697 0.3111248 0.3097671 0.3129224 0.3151459 0.3170269 0.3130119 0.3139808 0.3239402 0.3243362 0.3181750 0.3133839 0.4807990 0.4579315 0.4349846 0.4681671 0.4548205 0.4447360 0.4331357 0.4570189 0.4474367 0.4588262 0.4297603 0.4603818 0.3741030 0.4802996 0.1536571 0.0000000 0.1090665 0.1813484 0.2507730 0.2574620 0.6455942 0.5198192 0.5979676 0.6258326 0.6358322 0.5870703 0.5921573 0.6034420 0.4628590 0.7865606 0.5267117 0.5193809 1.5429907 
Natricidae        0.3397953 0.3328961 0.3496454 0.3505448 0.3463990 0.3451754 0.3391187 0.3370750 0.3338159 0.3345914 0.3385031 0.3395100 0.3353322 0.3355418 0.3462525 0.3535356 0.3448681 0.3401810 0.5072435 0.4668320 0.4473426 0.4918407 0.4778417 0.4607155 0.4456448 0.4680508 0.4640401 0.4704916 0.4471446 0.4790773 0.3888371 0.5060504 0.1690703 0.1090665 0.0000000 0.1948191 0.2664588 0.2678020 0.6670150 0.5186156 0.6012190 0.6322072 0.6397149 0.5883353 0.5936885 0.6106628 0.4689839 0.7954714 0.5263586 0.5210221 1.5581261 
Xenosauridae      0.3295814 0.3246522 0.3393828 0.3385901 0.3355168 0.3333516 0.3234854 0.3263370 0.3232209 0.3251332 0.3301765 0.3312227 0.3284152 0.3278770 0.3369637 0.3416641 0.3338960 0.3276737 0.4992005 0.4804821 0.4477289 0.4902764 0.4793443 0.4653324 0.4508317 0.4666574 0.4577471 0.4704592 0.4534418 0.4688250 0.3781861 0.4919938 0.1834808 0.1813484 0.1948191 0.0000000 0.2704500 0.2761784 0.6793098 0.5285675 0.6079087 0.6423743 0.6660566 0.6024399 0.6174193 0.6263657 0.4762783 0.8267705 0.5444136 0.5388471 1.5650826 
Teiidae           0.3818976 0.3753696 0.3920808 0.3893419 0.3851991 0.3833931 0.3784159 0.3805533 0.3754658 0.3778545 0.3798787 0.3812742 0.3742235 0.3782373 0.3921047 0.3964629 0.3874843 0.3830607 0.5583510 0.5096631 0.4887801 0.5207145 0.5063362 0.4955240 0.4895392 0.5018081 0.4924176 0.5082840 0.4955561 0.5269604 0.4279024 0.5466204 0.2544152 0.2507730 0.2664588 0.2704500 0.0000000 0.3215029 0.7239022 0.5581895 0.6465255 0.6816581 0.6902971 0.6265281 0.6548445 0.6605794 0.5342892 0.8630514 0.5851959 0.5839128 1.6235583 
Eublepharidae     0.3639796 0.3570444 0.3760835 0.3748101 0.3670886 0.3651977 0.3601162 0.3613669 0.3571062 0.3595751 0.3592130 0.3623379 0.3583996 0.3580382 0.3717463 0.3750779 0.3685616 0.3619688 0.5255012 0.5024199 0.4722227 0.5029296 0.4912146 0.4943263 0.4730196 0.4926505 0.4842864 0.5016947 0.4657468 0.5008448 0.4164560 0.5203405 0.2644714 0.2574620 0.2678020 0.2761784 0.3215029 0.0000000 0.7197650 0.5688212 0.6436330 0.6842166 0.7051871 0.6393920 0.6499005 0.6596090 0.4988315 0.8450176 0.5841785 0.5756612 1.6241410 
Dicamptodontidae  0.5699330 0.5604276 0.5788410 0.5785047 0.5728040 0.5660505 0.5602231 0.5669455 0.5622109 0.5647454 0.5666336 0.5650984 0.5606897 0.5641228 0.5719871 0.5841723 0.5808490 0.5720154 0.8258786 0.7707549 0.7508882 0.7892100 0.7954922 0.7728976 0.7409998 0.7810614 0.7736879 0.7889011 0.7670561 0.7905110 0.7171563 0.8058090 0.6650275 0.6455942 0.6670150 0.6793098 0.7239022 0.7197650 0.0000000 0.5258783 0.5951681 0.6317756 0.6578715 0.6130020 0.6073286 0.6243840 0.5486376 1.0309226 0.7249497 0.7193612 1.7679279 
Alytidae          0.4429099 0.4368047 0.4555987 0.4528402 0.4483487 0.4419633 0.4377273 0.4367790 0.4365846 0.4404000 0.4407261 0.4412005 0.4364677 0.4352053 0.4475330 0.4600485 0.4536780 0.4488199 0.6840248 0.6558603 0.6267859 0.6775842 0.6537185 0.6547138 0.6328562 0.6596155 0.6478289 0.6513287 0.6325524 0.6533247 0.5810447 0.6914393 0.5137934 0.5198192 0.5186156 0.5285675 0.5581895 0.5688212 0.5258783 0.0000000 0.4059160 0.4359656 0.4551318 0.4090777 0.3956650 0.4130161 0.4116621 0.8973921 0.5979981 0.5917809 1.6433369 
Heleophrynidae    0.5146417 0.5079406 0.5280995 0.5240455 0.5219898 0.5133645 0.5033966 0.5053569 0.5071089 0.5093616 0.5119180 0.5114023 0.5096675 0.5104182 0.5200742 0.5304328 0.5221598 0.5159766 0.7496834 0.7160412 0.7020573 0.7384741 0.7272978 0.7219919 0.7022076 0.7331147 0.7167821 0.7264295 0.7015001 0.7123458 0.6361800 0.7544918 0.5858640 0.5979676 0.6012190 0.6079087 0.6465255 0.6436330 0.5951681 0.4059160 0.0000000 0.3644898 0.3806016 0.3360648 0.3357707 0.3367545 0.4950294 0.9786110 0.6748638 0.6698704 1.7578163 
Leptodactylidae   0.5469145 0.5439143 0.5599776 0.5536153 0.5480332 0.5469729 0.5358073 0.5399147 0.5423790 0.5448078 0.5477508 0.5506602 0.5462561 0.5445711 0.5569967 0.5588246 0.5527845 0.5461131 0.7828921 0.7394183 0.7196188 0.7557328 0.7457992 0.7429632 0.7206927 0.7443534 0.7379792 0.7406091 0.7227400 0.7445117 0.6672211 0.7879952 0.6338692 0.6258326 0.6322072 0.6423743 0.6816581 0.6842166 0.6317756 0.4359656 0.3644898 0.0000000 0.1493846 0.3511507 0.3549591 0.3685362 0.5286360 0.9980334 0.6927291 0.6959810 1.7349552 
Strabomantidae    0.5613530 0.5594680 0.5762610 0.5732269 0.5678509 0.5611984 0.5539343 0.5575141 0.5614357 0.5628536 0.5632607 0.5659683 0.5628218 0.5603251 0.5717945 0.5766503 0.5675934 0.5621784 0.8137349 0.7690573 0.7480216 0.7924181 0.7787649 0.7720633 0.7492077 0.7770102 0.7705683 0.7798447 0.7590766 0.7724551 0.6916872 0.8066035 0.6485327 0.6358322 0.6397149 0.6660566 0.6902971 0.7051871 0.6578715 0.4551318 0.3806016 0.1493846 0.0000000 0.3712387 0.3693961 0.3903872 0.5535187 1.0124657 0.7278595 0.7262568 1.7642614 
Micrixalidae      0.5103725 0.5032003 0.5228848 0.5162975 0.5164862 0.5091017 0.5033221 0.5043139 0.5033359 0.5054789 0.5060574 0.5089636 0.5057804 0.5029513 0.5181012 0.5209561 0.5143719 0.5089257 0.7479089 0.7285809 0.6930747 0.7364115 0.7206807 0.7144365 0.6970085 0.7300284 0.7234167 0.7235551 0.6937221 0.6997973 0.6545549 0.7491921 0.5874610 0.5870703 0.5883353 0.6024399 0.6265281 0.6393920 0.6130020 0.4090777 0.3360648 0.3511507 0.3712387 0.0000000 0.2337126 0.2489240 0.4953222 0.9938482 0.6642993 0.6603776 1.7292895 
Hemisotidae       0.5203060 0.5090899 0.5294778 0.5219638 0.5230442 0.5157533 0.5101985 0.5101792 0.5094166 0.5111741 0.5140911 0.5181928 0.5133998 0.5130172 0.5258104 0.5262178 0.5244928 0.5124995 0.7464264 0.7273565 0.6990195 0.7315348 0.7213668 0.7213591 0.7067534 0.7393790 0.7305170 0.7253345 0.6880004 0.7154939 0.6497953 0.7553207 0.5923205 0.5921573 0.5936885 0.6174193 0.6548445 0.6499005 0.6073286 0.3956650 0.3357707 0.3549591 0.3693961 0.2337126 0.0000000 0.2388484 0.4929812 0.9755506 0.6685606 0.6694509 1.7504909 
Asterophryidae    0.5302736 0.5224769 0.5387504 0.5402414 0.5343214 0.5298387 0.5193337 0.5229888 0.5216857 0.5275811 0.5275628 0.5295853 0.5248714 0.5236139 0.5334216 0.5438456 0.5348019 0.5275387 0.7751609 0.7373260 0.7174890 0.7527600 0.7466373 0.7283881 0.7126973 0.7446056 0.7342859 0.7304503 0.7187826 0.7333324 0.6691532 0.7713753 0.6129924 0.6034420 0.6106628 0.6263657 0.6605794 0.6596090 0.6243840 0.4130161 0.3367545 0.3685362 0.3903872 0.2489240 0.2388484 0.0000000 0.5131161 1.0134907 0.6902857 0.6860108 1.7391994 
Caeciliidae2      0.3823802 0.3732451 0.3897576 0.3901923 0.3857035 0.3791767 0.3685735 0.3753210 0.3721673 0.3753096 0.3763234 0.3743822 0.3737692 0.3756109 0.3862950 0.3950768 0.3899866 0.3813778 0.6262194 0.5827881 0.5696015 0.6065245 0.5851246 0.5782727 0.5743874 0.5929494 0.5823443 0.5972711 0.5669242 0.5899566 0.5032076 0.6245687 0.4598127 0.4628590 0.4689839 0.4762783 0.5342892 0.4988315 0.5486376 0.4116621 0.4950294 0.5286360 0.5535187 0.4953222 0.4929812 0.5131161 0.0000000 0.8387188 0.5383914 0.5381505 1.6084417 
Polypteriformes   0.7275983 0.7339010 0.7330228 0.7402450 0.7364103 0.7348878 0.7333156 0.7297182 0.7331142 0.7330654 0.7358543 0.7411233 0.7292502 0.7292580 0.7486083 0.7543968 0.7468222 0.7322811 0.9533708 0.9148029 0.8939570 0.9241855 0.9141342 0.9077697 0.8844326 0.9182305 0.8966174 0.9247533 0.8885561 0.9365723 0.8476684 0.9647947 0.7851179 0.7865606 0.7954714 0.8267705 0.8630514 0.8450176 1.0309226 0.8973921 0.9786110 0.9980334 1.0124657 0.9938482 0.9755506 1.0134907 0.8387188 0.0000000 0.6528705 0.6529048 1.7548065 
Channichthyidae   0.4429082 0.4385494 0.4538148 0.4543483 0.4500510 0.4462980 0.4405367 0.4418756 0.4399499 0.4443356 0.4448437 0.4447273 0.4415703 0.4415006 0.4585158 0.4652804 0.4566542 0.4485401 0.6723065 0.6520006 0.6061621 0.6457332 0.6418415 0.6224130 0.6092014 0.6353161 0.6219324 0.6430563 0.6404532 0.6379467 0.5812393 0.6680120 0.5216752 0.5267117 0.5263586 0.5444136 0.5851959 0.5841785 0.7249497 0.5979981 0.6748638 0.6927291 0.7278595 0.6642993 0.6685606 0.6902857 0.5383914 0.6528705 0.0000000 0.0400888 1.4843725 
Pseudaphritidae   0.4365050 0.4333157 0.4486110 0.4510214 0.4443591 0.4408811 0.4351583 0.4352491 0.4333438 0.4389252 0.4400499 0.4371316 0.4347400 0.4355073 0.4539173 0.4582701 0.4526805 0.4422694 0.6656613 0.6421537 0.6021566 0.6424133 0.6359968 0.6241080 0.6014043 0.6317581 0.6204650 0.6371965 0.6361989 0.6319279 0.5641904 0.6587147 0.5162570 0.5193809 0.5210221 0.5388471 0.5839128 0.5756612 0.7193612 0.5917809 0.6698704 0.6959810 0.7262568 0.6603776 0.6694509 0.6860108 0.5381505 0.6529048 0.0400888 0.0000000 1.4845627 
Carcharhinidae    1.4772480 1.4843337 1.5013669 1.5221375 1.5068722 1.4945661 1.4726209 1.4738704 1.4730280 1.4916579 1.4929381 1.4872020 1.4760873 1.4792761 1.5054217 1.5061741 1.4885866 1.4829934 1.7173097 1.6472591 1.6349345 1.6713544 1.6576822 1.6510405 1.6241294 1.6640604 1.6550319 1.6874534 1.6717882 1.6950241 1.6015635 1.7662997 1.5530543 1.5429907 1.5581261 1.5650826 1.6235583 1.6241410 1.7679279 1.6433369 1.7578163 1.7349552 1.7642614 1.7292895 1.7504909 1.7391994 1.6084417 1.7548065 1.4843725 1.4845627 0.0000000 
