51
Pitheciidae       0.0000000 0.1084029 0.0772610 0.0745460 0.0825221 0.0907993 0.0883716 0.0864312 0.0912968 0.0885514 0.0903063 0.1115808 0.1055305 0.1273889 0.1005463 0.1776640 0.1845942 0.1814750 0.2866312 0.2872399 0.2878139 0.2824863 0.2828397 0.2929492 0.2948437 0.2821940 0.2872600 0.2906191 0.2908223 0.3029868 0.2633300 0.2932141 0.3766220 0.3506240 0.3666164 0.3573002 0.3330020 0.2739888 0.3821527 0.5975830 0.5182235 0.4917421 0.5054678 0.4477504 0.5635782 0.5005427 0.4930353 1.1636686 0.9682889 0.9898713 0.7373940 
Scandentia        0.1084029 0.0000000 0.0941683 0.0913542 0.1014456 0.1080684 0.1093752 0.1008355 0.1068014 0.1126965 0.1134064 0.1337701 0.1196130 0.1391648 0.1173214 0.2006512 0.2023169 0.1990053 0.2987114 0.2948699 0.2976444 0.2866973 0.2881797 0.2973036 0.2966054 0.2889542 0.2889542 0.2974972 0.3003444 0.2946667 0.2734053 0.3001908 0.3849357 0.3670612 0.3816436 0.3718955 0.3315815 0.2888756 0.3822588 0.6040886 0.5239169 0.4993731 0.5197077 0.4503669 0.5635171 0.5143374 0.4848266 1.2097554 0.9597731 0.9694046 0.7777116 
Erethizontidae    0.0772610 0.0941683 0.0000000 0.0265641 0.0658423 0.0738469 0.0742834 0.0715471 0.0780472 0.0826678 0.0834025 0.1007149 0.0864901 0.1104366 0.0908452 0.1624822 0.1726383 0.1653701 0.2823084 0.2815195 0.2838126 0.2770734 0.2774202 0.2823714 0.2905404 0.2793144 0.2793144 0.2852196 0.2828366 0.2859890 0.2476471 0.2757875 0.3657029 0.3439818 0.3448859 0.3594508 0.3210245 0.2735914 0.3531962 0.6087568 0.5211281 0.4817828 0.4990457 0.4423594 0.5525870 0.4861423 0.4546280 1.1387466 0.9074921 0.9137057 0.7414606 
Capromyidae       0.0745460 0.0913542 0.0265641 0.0000000 0.0614844 0.0711425 0.0734889 0.0681385 0.0754628 0.0800661 0.0808040 0.0980436 0.0875145 0.1096315 0.0870816 0.1595765 0.1671925 0.1600147 0.2679130 0.2708258 0.2729974 0.2639525 0.2642765 0.2715861 0.2771124 0.2672559 0.2686456 0.2744664 0.2720732 0.2776453 0.2414914 0.2686845 0.3486054 0.3307438 0.3375933 0.3470691 0.3076664 0.2584120 0.3518797 0.5881348 0.5153490 0.4708585 0.4845420 0.4306101 0.5493609 0.4784234 0.4533904 1.1181728 0.9343963 0.9440453 0.7370101 
Muridae           0.0825221 0.1014456 0.0658423 0.0614844 0.0000000 0.0828457 0.0869158 0.0813756 0.0834526 0.0854292 0.0879783 0.1064567 0.0929492 0.1173060 0.0943960 0.1684875 0.1719582 0.1669951 0.2790922 0.2819647 0.2791539 0.2775293 0.2792949 0.2802681 0.2883965 0.2808737 0.2797643 0.2856559 0.2807377 0.2747408 0.2460149 0.2726167 0.3611107 0.3475293 0.3484461 0.3561368 0.3156649 0.2605685 0.3558505 0.5764300 0.5158917 0.4942963 0.5037718 0.4462374 0.5754138 0.4920605 0.4675113 1.1108114 0.9580096 0.9676817 0.7331763 
Castoridae        0.0907993 0.1080684 0.0738469 0.0711425 0.0828457 0.0000000 0.0860450 0.0832396 0.0899165 0.0937674 0.0935360 0.1083493 0.1005268 0.1203619 0.1057217 0.1783428 0.1843080 0.1800104 0.2859956 0.2812073 0.2809370 0.2792955 0.2796457 0.2820556 0.2916675 0.2764802 0.2778951 0.2874521 0.2825223 0.2897083 0.2565651 0.2786360 0.3878094 0.3594562 0.3674523 0.3735185 0.3303056 0.2797307 0.3791973 0.6072736 0.5239149 0.4937943 0.5112884 0.4575562 0.5646745 0.4980663 0.4734979 1.1629158 0.9351324 0.9501554 0.7147603 
Suidae            0.0883716 0.1093752 0.0742834 0.0734889 0.0869158 0.0860450 0.0000000 0.0452180 0.0495984 0.0677552 0.0684951 0.0833057 0.0749522 0.0944618 0.0984909 0.1784331 0.1788667 0.1777771 0.2862263 0.2839915 0.2786762 0.2795743 0.2799223 0.2797839 0.2878587 0.2767798 0.2767798 0.2851390 0.2853133 0.2965434 0.2616086 0.2851126 0.3755438 0.3493675 0.3486555 0.3567338 0.3259606 0.2753090 0.3702960 0.5874917 0.5260050 0.4850414 0.4987453 0.4555153 0.5624868 0.4982601 0.4622252 1.1722373 0.9073773 0.9310141 0.7171002 
Hippopotamidae    0.0864312 0.1008355 0.0715471 0.0681385 0.0813756 0.0832396 0.0452180 0.0000000 0.0344883 0.0641751 0.0631854 0.0778026 0.0713115 0.0934344 0.0927962 0.1727178 0.1763905 0.1731970 0.2838691 0.2816668 0.2788822 0.2772745 0.2776173 0.2825087 0.2880330 0.2783904 0.2769900 0.2853215 0.2818648 0.2926510 0.2559321 0.2777176 0.3641483 0.3493205 0.3437189 0.3607061 0.3275301 0.2607207 0.3673252 0.5701706 0.5151591 0.4899083 0.5057296 0.4556519 0.5711911 0.4913377 0.4477170 1.1617825 0.9206802 0.9270100 0.7252660 
Hyperoodontidae   0.0912968 0.1068014 0.0780472 0.0754628 0.0834526 0.0899165 0.0495984 0.0344883 0.0000000 0.0687790 0.0695197 0.0816544 0.0760058 0.0947154 0.0950417 0.1778226 0.1815863 0.1791169 0.2854948 0.2832635 0.2804699 0.2788411 0.2791884 0.2815802 0.2896860 0.2785530 0.2785530 0.2869456 0.2845832 0.2928900 0.2562569 0.2756609 0.3758446 0.3526600 0.3434752 0.3658922 0.3310492 0.2613920 0.3651439 0.5780138 0.5151219 0.4858216 0.5000458 0.4602953 0.5617012 0.4969636 0.4552629 1.1277397 0.9223029 0.9441255 0.7204306 
Vespertilionidae  0.0885514 0.1126965 0.0826678 0.0800661 0.0854292 0.0937674 0.0677552 0.0641751 0.0687790 0.0000000 0.0437031 0.0708804 0.0787274 0.1003795 0.1035120 0.1760767 0.1796498 0.1765709 0.2862387 0.2854212 0.2811961 0.2795580 0.2799075 0.2874238 0.2930171 0.2817938 0.2817938 0.2902410 0.2878777 0.2988767 0.2639766 0.2876846 0.3788611 0.3553287 0.3404521 0.3739552 0.3279875 0.2735333 0.3714241 0.5819742 0.5314551 0.4942068 0.4984346 0.4639056 0.5855876 0.5111318 0.4769230 1.1917277 0.9544938 0.9694845 0.7297978 
Furipteridae      0.0903063 0.1134064 0.0834025 0.0808040 0.0879783 0.0935360 0.0684951 0.0631854 0.0695197 0.0437031 0.0000000 0.0663440 0.0849231 0.1068159 0.1052161 0.1755760 0.1793044 0.1750812 0.2929275 0.2935452 0.2907911 0.2865316 0.2868923 0.2944932 0.3001092 0.2887774 0.2887774 0.2972776 0.2949310 0.2963424 0.2644912 0.2881571 0.3861918 0.3597244 0.3504086 0.3906942 0.3340905 0.2876987 0.3804333 0.5696048 0.5311220 0.5128610 0.5176078 0.4835048 0.5955272 0.5188077 0.4633589 1.1755904 0.9456843 0.9607021 0.7381138 
Rhinolophidae     0.1115808 0.1337701 0.1007149 0.0980436 0.1064567 0.1083493 0.0833057 0.0778026 0.0816544 0.0708804 0.0663440 0.0000000 0.0929551 0.1161999 0.1164996 0.1945891 0.2066448 0.2030725 0.2996908 0.2958090 0.2918937 0.2901528 0.2905241 0.2982713 0.3039749 0.2924335 0.2898453 0.3010748 0.3009895 0.3070200 0.2763881 0.2914943 0.3790237 0.3658008 0.3677859 0.3850720 0.3319454 0.2950343 0.3860899 0.6072347 0.5298971 0.5130032 0.5163937 0.4752784 0.5953712 0.5185147 0.4804230 1.1852021 0.9411897 0.9580438 0.7506415 
Viverridae        0.1055305 0.1196130 0.0864901 0.0875145 0.0929492 0.1005268 0.0749522 0.0713115 0.0760058 0.0787274 0.0849231 0.0929551 0.0000000 0.0612665 0.1056465 0.1929497 0.1969581 0.1923088 0.2978694 0.2992107 0.2953289 0.2935709 0.2965404 0.2953274 0.3047496 0.2932604 0.2906835 0.3018596 0.2968984 0.3146371 0.2772858 0.3001462 0.3883841 0.3728421 0.3758538 0.3882086 0.3492437 0.2925218 0.3681879 0.5969995 0.5260838 0.4956948 0.5006786 0.4663002 0.5643994 0.5065516 0.4860049 1.1609348 0.9562974 0.9643680 0.7508287 
Procyonidae       0.1273889 0.1391648 0.1104366 0.1096315 0.1173060 0.1203619 0.0944618 0.0934344 0.0947154 0.1003795 0.1068159 0.1161999 0.0612665 0.0000000 0.1266937 0.2033141 0.2108412 0.2059707 0.3068492 0.3040049 0.2986207 0.2971632 0.3028098 0.3027563 0.3084918 0.2968452 0.2942364 0.3055466 0.3058313 0.3228615 0.2953738 0.3137788 0.4007042 0.3751796 0.3889920 0.3993846 0.3683461 0.3096292 0.3828860 0.6112813 0.5387450 0.5133862 0.5097811 0.4754068 0.5790925 0.5256327 0.4870756 1.1807851 0.9791605 1.0035364 0.7539928 
Myrmecophagidae   0.1005463 0.1173214 0.0908452 0.0870816 0.0943960 0.1057217 0.0984909 0.0927962 0.0950417 0.1035120 0.1052161 0.1164996 0.1056465 0.1266937 0.0000000 0.1819474 0.1878406 0.1822898 0.2943949 0.2909119 0.2907117 0.2864012 0.2908104 0.2911405 0.2967969 0.2905588 0.2905588 0.2939659 0.2975207 0.2870255 0.2640636 0.2828325 0.3797818 0.3694125 0.3599372 0.3775859 0.3335840 0.2805861 0.3557909 0.6049953 0.5181144 0.4844548 0.4998427 0.4457401 0.5592258 0.4795695 0.4860730 1.1612311 0.9697184 0.9919484 0.7492905 
Caluromyidae      0.1776640 0.2006512 0.1624822 0.1595765 0.1684875 0.1783428 0.1784331 0.1727178 0.1778226 0.1760767 0.1755760 0.1945891 0.1929497 0.2033141 0.1819474 0.0000000 0.1123153 0.1052984 0.3153035 0.3180943 0.3259685 0.3122593 0.3099790 0.3169292 0.3181281 0.3169495 0.3115506 0.3177718 0.3279160 0.3177975 0.2885055 0.3053008 0.4058206 0.3809572 0.3716850 0.4038737 0.3398229 0.2996987 0.4324507 0.6618660 0.5679339 0.5320816 0.5571116 0.5196358 0.6330541 0.5456343 0.5042726 1.2113526 1.0009149 1.0588515 0.7835435 
Thylacomyidae     0.1845942 0.2023169 0.1726383 0.1671925 0.1719582 0.1843080 0.1788667 0.1763905 0.1815863 0.1796498 0.1793044 0.2066448 0.1969581 0.2108412 0.1878406 0.1123153 0.0000000 0.0880974 0.3307865 0.3319398 0.3348887 0.3247948 0.3252402 0.3328126 0.3352454 0.3339652 0.3311726 0.3375905 0.3416800 0.3479755 0.2930992 0.3240035 0.4185913 0.3935536 0.3909924 0.4011274 0.3641563 0.2988999 0.4272522 0.6757971 0.5659662 0.5605187 0.5765257 0.5099636 0.6214599 0.5414010 0.5149450 1.2477730 1.0689042 1.1076274 0.8119537 
Phalangeridae     0.1814750 0.1990053 0.1653701 0.1600147 0.1669951 0.1800104 0.1777771 0.1731970 0.1791169 0.1765709 0.1750812 0.2030725 0.1923088 0.2059707 0.1822898 0.1052984 0.0880974 0.0000000 0.3067049 0.3083671 0.3187857 0.3037432 0.3041438 0.3113892 0.3110496 0.3125936 0.3099085 0.3134168 0.3219034 0.3200374 0.2824108 0.3055418 0.4001343 0.3712829 0.3702611 0.3839507 0.3448190 0.2828232 0.4103644 0.6415694 0.5563290 0.5301131 0.5358071 0.4934511 0.5844172 0.5160841 0.5009199 1.1702223 1.0252068 1.0598067 0.7596297 
Tityridae         0.2866312 0.2987114 0.2823084 0.2679130 0.2790922 0.2859956 0.2862263 0.2838691 0.2854948 0.2862387 0.2929275 0.2996908 0.2978694 0.3068492 0.2943949 0.3153035 0.3307865 0.3067049 0.0000000 0.0459722 0.0530988 0.0409734 0.0418383 0.0453929 0.0444133 0.0409081 0.0375304 0.0434077 0.0531514 0.1653380 0.1209503 0.1414482 0.2969508 0.2661520 0.2803828 0.2741527 0.2252456 0.1757419 0.3513213 0.5981151 0.5268956 0.4574946 0.4602258 0.4033711 0.5356950 0.4311220 0.4154885 1.0541868 0.8936471 0.9418160 0.6849738 
Ptilonorhynchidae 0.2872399 0.2948699 0.2815195 0.2708258 0.2819647 0.2812073 0.2839915 0.2816668 0.2832635 0.2854212 0.2935452 0.2958090 0.2992107 0.3040049 0.2909119 0.3180943 0.3319398 0.3083671 0.0459722 0.0000000 0.0493678 0.0390691 0.0382431 0.0417460 0.0424781 0.0390074 0.0373304 0.0414878 0.0580618 0.1726963 0.1280638 0.1456901 0.3009162 0.2735101 0.2973946 0.2756547 0.2316566 0.1897245 0.3511176 0.5843380 0.5114784 0.4596299 0.4589765 0.4094980 0.5212103 0.4340188 0.4140930 1.0584171 0.9249060 0.9593581 0.7005035 
Callaeatidae      0.2878139 0.2976444 0.2838126 0.2729974 0.2791539 0.2809370 0.2786762 0.2788822 0.2804699 0.2811961 0.2907911 0.2918937 0.2953289 0.2986207 0.2907117 0.3259685 0.3348887 0.3187857 0.0530988 0.0493678 0.0000000 0.0324506 0.0299658 0.0384516 0.0358244 0.0323997 0.0307372 0.0348656 0.0618637 0.1813544 0.1347799 0.1527230 0.3045871 0.2863941 0.2998887 0.2827483 0.2405478 0.1975474 0.3550249 0.5772765 0.5242151 0.4571112 0.4537565 0.4182810 0.5403809 0.4419444 0.4188086 1.0649234 0.9398856 0.9713746 0.7207970 
Monarchidae       0.2824863 0.2866973 0.2770734 0.2639525 0.2775293 0.2792955 0.2795743 0.2772745 0.2788411 0.2795580 0.2865316 0.2901528 0.2935709 0.2971632 0.2864012 0.3122593 0.3247948 0.3037432 0.0409734 0.0390691 0.0324506 0.0000000 0.0151635 0.0275096 0.0274261 0.0240763 0.0224406 0.0265111 0.0495377 0.1656836 0.1223736 0.1378262 0.2937697 0.2671786 0.2805428 0.2636290 0.2184005 0.1748919 0.3463543 0.5678044 0.5229029 0.4455467 0.4449689 0.4011715 0.5191455 0.4286842 0.3965056 1.0726879 0.9150363 0.9493809 0.7074182 
Malaconotidae     0.2828397 0.2881797 0.2774202 0.2642765 0.2792949 0.2796457 0.2799223 0.2776173 0.2791884 0.2799075 0.2868923 0.2905241 0.2965404 0.3028098 0.2908104 0.3099790 0.3252402 0.3041438 0.0418383 0.0382431 0.0299658 0.0151635 0.0000000 0.0275097 0.0249640 0.0216324 0.0200028 0.0240606 0.0504186 0.1712411 0.1235349 0.1410726 0.2982313 0.2714527 0.2868330 0.2754963 0.2268993 0.1805646 0.3524596 0.5742778 0.5238688 0.4529684 0.4523503 0.4080848 0.5274306 0.4398584 0.4079097 1.0762828 0.9164328 0.9661597 0.7153106 
Certhiidae        0.2929492 0.2973036 0.2823714 0.2715861 0.2802681 0.2820556 0.2797839 0.2825087 0.2815802 0.2874238 0.2944932 0.2982713 0.2953274 0.3027563 0.2911405 0.3169292 0.3328126 0.3113892 0.0453929 0.0417460 0.0384516 0.0275096 0.0275097 0.0000000 0.0217152 0.0200320 0.0167812 0.0224589 0.0540535 0.1740583 0.1259694 0.1436499 0.3064437 0.2687406 0.2911732 0.2845249 0.2255250 0.1910755 0.3526172 0.5914162 0.5468746 0.4604274 0.4597661 0.4117006 0.5322970 0.4451720 0.4088629 1.0845941 0.9347295 0.9594855 0.7147784 
Cinclidae         0.2948437 0.2966054 0.2905404 0.2771124 0.2883965 0.2916675 0.2878587 0.2880330 0.2896860 0.2930171 0.3001092 0.3039749 0.3047496 0.3084918 0.2967969 0.3181281 0.3352454 0.3110496 0.0444133 0.0424781 0.0358244 0.0274261 0.0249640 0.0217152 0.0000000 0.0175455 0.0159290 0.0199586 0.0547706 0.1723993 0.1265599 0.1421636 0.3012235 0.2703567 0.2901547 0.2729296 0.2282026 0.1851078 0.3524294 0.5962976 0.5432626 0.4658431 0.4651544 0.4214298 0.5394317 0.4505492 0.4194722 1.0731099 0.9339946 0.9670417 0.7120511 
Ploceidae         0.2821940 0.2889542 0.2793144 0.2672559 0.2808737 0.2764802 0.2767798 0.2783904 0.2785530 0.2817938 0.2887774 0.2924335 0.2932604 0.2968452 0.2905588 0.3169495 0.3339652 0.3125936 0.0409081 0.0390074 0.0323997 0.0240763 0.0216324 0.0200320 0.0175455 0.0000000 0.0094845 0.0182948 0.0511786 0.1655386 0.1193919 0.1367646 0.2975282 0.2719454 0.2943333 0.2748616 0.2274657 0.1855463 0.3543898 0.5824348 0.5293890 0.4603388 0.4596828 0.4132526 0.5330737 0.4465414 0.4116261 1.0693485 0.9324180 0.9619084 0.7138154 
Thraupidae        0.2872600 0.2889542 0.2793144 0.2686456 0.2797643 0.2778951 0.2767798 0.2769900 0.2785530 0.2817938 0.2887774 0.2898453 0.2906835 0.2942364 0.2905588 0.3115506 0.3311726 0.3099085 0.0375304 0.0373304 0.0307372 0.0224406 0.0200028 0.0167812 0.0159290 0.0094845 0.0000000 0.0166815 0.0494578 0.1676481 0.1203166 0.1377111 0.2975289 0.2643933 0.2839451 0.2697910 0.2204983 0.1855463 0.3515705 0.5902042 0.5293890 0.4549709 0.4543439 0.4069413 0.5220922 0.4399146 0.4085888 1.0693304 0.9290521 0.9635756 0.7078744 
Alaudidae         0.2906191 0.2974972 0.2852196 0.2744664 0.2856559 0.2874521 0.2851390 0.2853215 0.2869456 0.2902410 0.2972776 0.3010748 0.3018596 0.3055466 0.2939659 0.3177718 0.3375905 0.3134168 0.0434077 0.0414878 0.0348656 0.0265111 0.0240606 0.0224589 0.0199586 0.0182948 0.0166815 0.0000000 0.0528266 0.1748489 0.1250668 0.1416403 0.3062170 0.2705525 0.2899497 0.2833674 0.2306352 0.1907532 0.3556202 0.5923963 0.5301113 0.4692473 0.4651692 0.4204063 0.5448997 0.4440107 0.4154438 1.0757605 0.9332947 0.9577349 0.7116995 
Coraciiformes     0.2908223 0.3003444 0.2828366 0.2720732 0.2807377 0.2825223 0.2853133 0.2818648 0.2845832 0.2878777 0.2949310 0.3009895 0.2968984 0.3058313 0.2975207 0.3279160 0.3416800 0.3219034 0.0531514 0.0580618 0.0618637 0.0495377 0.0504186 0.0540535 0.0547706 0.0511786 0.0494578 0.0528266 0.0000000 0.1723996 0.1285426 0.1470557 0.3065062 0.2717747 0.2965365 0.2824055 0.2305506 0.1874802 0.3529220 0.5893900 0.5211476 0.4536690 0.4536825 0.4227480 0.5408760 0.4385656 0.4102733 1.0881959 0.9149652 0.9450186 0.7009297 
Crocodylidae      0.3029868 0.2946667 0.2859890 0.2776453 0.2747408 0.2897083 0.2965434 0.2926510 0.2928900 0.2988767 0.2963424 0.3070200 0.3146371 0.3228615 0.2870255 0.3177975 0.3479755 0.3200374 0.1653380 0.1726963 0.1813544 0.1656836 0.1712411 0.1740583 0.1723993 0.1655386 0.1676481 0.1748489 0.1723996 0.0000000 0.1463007 0.1615952 0.3281646 0.2971741 0.3187428 0.3102295 0.2485418 0.2063612 0.3499425 0.6293463 0.5264992 0.4762013 0.4865709 0.4284418 0.5224284 0.4506159 0.4167485 1.0673927 0.9553527 0.9921757 0.7141816 
Carettochelyidae  0.2633300 0.2734053 0.2476471 0.2414914 0.2460149 0.2565651 0.2616086 0.2559321 0.2562569 0.2639766 0.2644912 0.2763881 0.2772858 0.2953738 0.2640636 0.2885055 0.2930992 0.2824108 0.1209503 0.1280638 0.1347799 0.1223736 0.1235349 0.1259694 0.1265599 0.1193919 0.1203166 0.1250668 0.1285426 0.1463007 0.0000000 0.0665875 0.2790937 0.2516459 0.2618590 0.2747858 0.2042320 0.1564242 0.3238294 0.5851908 0.5038657 0.4330500 0.4562078 0.4037183 0.5101088 0.4318983 0.3880475 1.0659478 0.9272833 0.9685528 0.6976087 
Kinosternidae     0.2932141 0.3001908 0.2757875 0.2686845 0.2726167 0.2786360 0.2851126 0.2777176 0.2756609 0.2876846 0.2881571 0.2914943 0.3001462 0.3137788 0.2828325 0.3053008 0.3240035 0.3055418 0.1414482 0.1456901 0.1527230 0.1378262 0.1410726 0.1436499 0.1421636 0.1367646 0.1377111 0.1416403 0.1470557 0.1615952 0.0665875 0.0000000 0.2869660 0.2669360 0.2650376 0.2884898 0.2244916 0.1762517 0.3356436 0.6088312 0.5308747 0.4574932 0.4738516 0.4134382 0.5109766 0.4323368 0.4013896 1.0858845 0.9337369 0.9740948 0.6949402 
Anomalepididae    0.3766220 0.3849357 0.3657029 0.3486054 0.3611107 0.3878094 0.3755438 0.3641483 0.3758446 0.3788611 0.3861918 0.3790237 0.3883841 0.4007042 0.3797818 0.4058206 0.4185913 0.4001343 0.2969508 0.3009162 0.3045871 0.2937697 0.2982313 0.3064437 0.3012235 0.2975282 0.2975289 0.3062170 0.3065062 0.3281646 0.2790937 0.2869660 0.0000000 0.2701166 0.2740768 0.2892094 0.2561006 0.2246796 0.4352647 0.6391274 0.5601115 0.5415878 0.5425487 0.5120255 0.6256009 0.5362133 0.5245216 1.1329585 1.0923106 1.0703820 0.8369537 
Loxocemidae       0.3506240 0.3670612 0.3439818 0.3307438 0.3475293 0.3594562 0.3493675 0.3493205 0.3526600 0.3553287 0.3597244 0.3658008 0.3728421 0.3751796 0.3694125 0.3809572 0.3935536 0.3712829 0.2661520 0.2735101 0.2863941 0.2671786 0.2714527 0.2687406 0.2703567 0.2719454 0.2643933 0.2705525 0.2717747 0.2971741 0.2516459 0.2669360 0.2701166 0.0000000 0.1800210 0.2829745 0.2278319 0.1963325 0.4210309 0.6284893 0.5540500 0.5151173 0.5190257 0.4632580 0.5730928 0.4910261 0.5026207 1.1183647 1.0263645 1.0289800 0.7573256 
Natricidae        0.3666164 0.3816436 0.3448859 0.3375933 0.3484461 0.3674523 0.3486555 0.3437189 0.3434752 0.3404521 0.3504086 0.3677859 0.3758538 0.3889920 0.3599372 0.3716850 0.3909924 0.3702611 0.2803828 0.2973946 0.2998887 0.2805428 0.2868330 0.2911732 0.2901547 0.2943333 0.2839451 0.2899497 0.2965365 0.3187428 0.2618590 0.2650376 0.2740768 0.1800210 0.0000000 0.3025729 0.2407911 0.2198266 0.4466591 0.6697068 0.6067059 0.5767106 0.5446335 0.5075703 0.6344494 0.5623672 0.5277374 1.1607126 1.0528700 1.0545149 0.7957607 
Xenosauridae      0.3573002 0.3718955 0.3594508 0.3470691 0.3561368 0.3735185 0.3567338 0.3607061 0.3658922 0.3739552 0.3906942 0.3850720 0.3882086 0.3993846 0.3775859 0.4038737 0.4011274 0.3839507 0.2741527 0.2756547 0.2827483 0.2636290 0.2754963 0.2845249 0.2729296 0.2748616 0.2697910 0.2833674 0.2824055 0.3102295 0.2747858 0.2884898 0.2892094 0.2829745 0.3025729 0.0000000 0.2328203 0.2128850 0.4343011 0.6634082 0.5801812 0.5420405 0.5289066 0.4961820 0.5929079 0.5290428 0.5328462 1.1191210 1.0252372 1.0348078 0.7989321 
Teiidae           0.3330020 0.3315815 0.3210245 0.3076664 0.3156649 0.3303056 0.3259606 0.3275301 0.3310492 0.3279875 0.3340905 0.3319454 0.3492437 0.3683461 0.3335840 0.3398229 0.3641563 0.3448190 0.2252456 0.2316566 0.2405478 0.2184005 0.2268993 0.2255250 0.2282026 0.2274657 0.2204983 0.2306352 0.2305506 0.2485418 0.2042320 0.2244916 0.2561006 0.2278319 0.2407911 0.2328203 0.0000000 0.1746164 0.3791512 0.6177930 0.5388319 0.4923294 0.5034541 0.4410398 0.5669657 0.4847921 0.4620159 1.0853564 0.9543870 0.9535893 0.7283780 
Eublepharidae     0.2739888 0.2888756 0.2735914 0.2584120 0.2605685 0.2797307 0.2753090 0.2607207 0.2613920 0.2735333 0.2876987 0.2950343 0.2925218 0.3096292 0.2805861 0.2996987 0.2988999 0.2828232 0.1757419 0.1897245 0.1975474 0.1748919 0.1805646 0.1910755 0.1851078 0.1855463 0.1855463 0.1907532 0.1874802 0.2063612 0.1564242 0.1762517 0.2246796 0.1963325 0.2198266 0.2128850 0.1746164 0.0000000 0.3451978 0.5651171 0.5069452 0.4582702 0.4529254 0.4081587 0.5258354 0.4503956 0.4392478 1.0728634 0.9390412 0.9484583 0.7252727 
Dicamptodontidae  0.3821527 0.3822588 0.3531962 0.3518797 0.3558505 0.3791973 0.3702960 0.3673252 0.3651439 0.3714241 0.3804333 0.3860899 0.3681879 0.3828860 0.3557909 0.4324507 0.4272522 0.4103644 0.3513213 0.3511176 0.3550249 0.3463543 0.3524596 0.3526172 0.3524294 0.3543898 0.3515705 0.3556202 0.3529220 0.3499425 0.3238294 0.3356436 0.4352647 0.4210309 0.4466591 0.4343011 0.3791512 0.3451978 0.0000000 0.4935678 0.3651289 0.3435165 0.3587398 0.3222062 0.4324227 0.3433027 0.3669611 1.1514306 0.9653744 0.9376345 0.6956365 
Alytidae          0.5975830 0.6040886 0.6087568 0.5881348 0.5764300 0.6072736 0.5874917 0.5701706 0.5780138 0.5819742 0.5696048 0.6072347 0.5969995 0.6112813 0.6049953 0.6618660 0.6757971 0.6415694 0.5981151 0.5843380 0.5772765 0.5678044 0.5742778 0.5914162 0.5962976 0.5824348 0.5902042 0.5923963 0.5893900 0.6293463 0.5851908 0.6088312 0.6391274 0.6284893 0.6697068 0.6634082 0.6177930 0.5651171 0.4935678 0.0000000 0.6043276 0.6053017 0.5859640 0.5375353 0.6830348 0.5783300 0.6154796 1.3956626 1.1110587 1.0821168 0.9830379 
Heleophrynidae    0.5182235 0.5239169 0.5211281 0.5153490 0.5158917 0.5239149 0.5260050 0.5151591 0.5151219 0.5314551 0.5311220 0.5298971 0.5260838 0.5387450 0.5181144 0.5679339 0.5659662 0.5563290 0.5268956 0.5114784 0.5242151 0.5229029 0.5238688 0.5468746 0.5432626 0.5293890 0.5293890 0.5301113 0.5211476 0.5264992 0.5038657 0.5308747 0.5601115 0.5540500 0.6067059 0.5801812 0.5388319 0.5069452 0.3651289 0.6043276 0.0000000 0.3450645 0.3453355 0.3023387 0.4097541 0.3151978 0.5310907 1.2959570 1.0733112 1.0620394 0.8961604 
Leptodactylidae   0.4917421 0.4993731 0.4817828 0.4708585 0.4942963 0.4937943 0.4850414 0.4899083 0.4858216 0.4942068 0.5128610 0.5130032 0.4956948 0.5133862 0.4844548 0.5320816 0.5605187 0.5301131 0.4574946 0.4596299 0.4571112 0.4455467 0.4529684 0.4604274 0.4658431 0.4603388 0.4549709 0.4692473 0.4536690 0.4762013 0.4330500 0.4574932 0.5415878 0.5151173 0.5767106 0.5420405 0.4923294 0.4582702 0.3435165 0.6053017 0.3450645 0.0000000 0.1092600 0.2512252 0.3829864 0.2795498 0.5030540 1.2513975 1.0482742 1.0443777 0.8355521 
Strabomantidae    0.5054678 0.5197077 0.4990457 0.4845420 0.5037718 0.5112884 0.4987453 0.5057296 0.5000458 0.4984346 0.5176078 0.5163937 0.5006786 0.5097811 0.4998427 0.5571116 0.5765257 0.5358071 0.4602258 0.4589765 0.4537565 0.4449689 0.4523503 0.4597661 0.4651544 0.4596828 0.4543439 0.4651692 0.4536825 0.4865709 0.4562078 0.4738516 0.5425487 0.5190257 0.5446335 0.5289066 0.5034541 0.4529254 0.3587398 0.5859640 0.3453355 0.1092600 0.0000000 0.2590325 0.3780005 0.2920478 0.5001325 1.2319262 1.0879630 1.1005362 0.8657924 
Micrixalidae      0.4477504 0.4503669 0.4423594 0.4306101 0.4462374 0.4575562 0.4555153 0.4556519 0.4602953 0.4639056 0.4835048 0.4752784 0.4663002 0.4754068 0.4457401 0.5196358 0.5099636 0.4934511 0.4033711 0.4094980 0.4182810 0.4011715 0.4080848 0.4117006 0.4214298 0.4132526 0.4069413 0.4204063 0.4227480 0.4284418 0.4037183 0.4134382 0.5120255 0.4632580 0.5075703 0.4961820 0.4410398 0.4081587 0.3222062 0.5375353 0.3023387 0.2512252 0.2590325 0.0000000 0.2452150 0.1644788 0.4320214 1.2454448 1.0467806 1.0388527 0.7914445 
Hemisotidae       0.5635782 0.5635171 0.5525870 0.5493609 0.5754138 0.5646745 0.5624868 0.5711911 0.5617012 0.5855876 0.5955272 0.5953712 0.5643994 0.5790925 0.5592258 0.6330541 0.6214599 0.5844172 0.5356950 0.5212103 0.5403809 0.5191455 0.5274306 0.5322970 0.5394317 0.5330737 0.5220922 0.5448997 0.5408760 0.5224284 0.5101088 0.5109766 0.6256009 0.5730928 0.6344494 0.5929079 0.5669657 0.5258354 0.4324227 0.6830348 0.4097541 0.3829864 0.3780005 0.2452150 0.0000000 0.2766878 0.5681434 1.3487258 1.1603878 1.1678897 0.8924898 
Asterophryidae    0.5005427 0.5143374 0.4861423 0.4784234 0.4920605 0.4980663 0.4982601 0.4913377 0.4969636 0.5111318 0.5188077 0.5185147 0.5065516 0.5256327 0.4795695 0.5456343 0.5414010 0.5160841 0.4311220 0.4340188 0.4419444 0.4286842 0.4398584 0.4451720 0.4505492 0.4465414 0.4399146 0.4440107 0.4385656 0.4506159 0.4318983 0.4323368 0.5362133 0.4910261 0.5623672 0.5290428 0.4847921 0.4503956 0.3433027 0.5783300 0.3151978 0.2795498 0.2920478 0.1644788 0.2766878 0.0000000 0.4614103 1.2644030 1.0781300 1.0891706 0.8335879 
Caeciliidae2      0.4930353 0.4848266 0.4546280 0.4533904 0.4675113 0.4734979 0.4622252 0.4477170 0.4552629 0.4769230 0.4633589 0.4804230 0.4860049 0.4870756 0.4860730 0.5042726 0.5149450 0.5009199 0.4154885 0.4140930 0.4188086 0.3965056 0.4079097 0.4088629 0.4194722 0.4116261 0.4085888 0.4154438 0.4102733 0.4167485 0.3880475 0.4013896 0.5245216 0.5026207 0.5277374 0.5328462 0.4620159 0.4392478 0.3669611 0.6154796 0.5310907 0.5030540 0.5001325 0.4320214 0.5681434 0.4614103 0.0000000 1.2238367 0.9869443 0.9892146 0.7556242 
Polypteriformes   1.1636686 1.2097554 1.1387466 1.1181728 1.1108114 1.1629158 1.1722373 1.1617825 1.1277397 1.1917277 1.1755904 1.1852021 1.1609348 1.1807851 1.1612311 1.2113526 1.2477730 1.1702223 1.0541868 1.0584171 1.0649234 1.0726879 1.0762828 1.0845941 1.0731099 1.0693485 1.0693304 1.0757605 1.0881959 1.0673927 1.0659478 1.0858845 1.1329585 1.1183647 1.1607126 1.1191210 1.0853564 1.0728634 1.1514306 1.3956626 1.2959570 1.2513975 1.2319262 1.2454448 1.3487258 1.2644030 1.2238367 0.0000000 1.4477056 1.4465802 1.3899335 
Channichthyidae   0.9682889 0.9597731 0.9074921 0.9343963 0.9580096 0.9351324 0.9073773 0.9206802 0.9223029 0.9544938 0.9456843 0.9411897 0.9562974 0.9791605 0.9697184 1.0009149 1.0689042 1.0252068 0.8936471 0.9249060 0.9398856 0.9150363 0.9164328 0.9347295 0.9339946 0.9324180 0.9290521 0.9332947 0.9149652 0.9553527 0.9272833 0.9337369 1.0923106 1.0263645 1.0528700 1.0252372 0.9543870 0.9390412 0.9653744 1.1110587 1.0733112 1.0482742 1.0879630 1.0467806 1.1603878 1.0781300 0.9869443 1.4477056 0.0000000 0.1036867 1.2260921 
Pseudaphritidae   0.9898713 0.9694046 0.9137057 0.9440453 0.9676817 0.9501554 0.9310141 0.9270100 0.9441255 0.9694845 0.9607021 0.9580438 0.9643680 1.0035364 0.9919484 1.0588515 1.1076274 1.0598067 0.9418160 0.9593581 0.9713746 0.9493809 0.9661597 0.9594855 0.9670417 0.9619084 0.9635756 0.9577349 0.9450186 0.9921757 0.9685528 0.9740948 1.0703820 1.0289800 1.0545149 1.0348078 0.9535893 0.9484583 0.9376345 1.0821168 1.0620394 1.0443777 1.1005362 1.0388527 1.1678897 1.0891706 0.9892146 1.4465802 0.1036867 0.0000000 1.2344648 
Carcharhinidae    0.7373940 0.7777116 0.7414606 0.7370101 0.7331763 0.7147603 0.7171002 0.7252660 0.7204306 0.7297978 0.7381138 0.7506415 0.7508287 0.7539928 0.7492905 0.7835435 0.8119537 0.7596297 0.6849738 0.7005035 0.7207970 0.7074182 0.7153106 0.7147784 0.7120511 0.7138154 0.7078744 0.7116995 0.7009297 0.7141816 0.6976087 0.6949402 0.8369537 0.7573256 0.7957607 0.7989321 0.7283780 0.7252727 0.6956365 0.9830379 0.8961604 0.8355521 0.8657924 0.7914445 0.8924898 0.8335879 0.7556242 1.3899335 1.2260921 1.2344648 0.0000000 
