51
Pitheciidae       0.0000000 0.3981754 0.3600394 0.3853368 0.3657694 0.4059076 0.4123136 0.4878477 0.4294521 0.3304896 0.3577692 0.3308304 0.3702692 0.3802806 0.4110311 0.9266066 0.9599613 0.7967746 1.5554142 1.5361363 1.5589253 1.6283296 1.5730678 1.5379957 1.5572082 1.6177980 1.6005401 1.5955508 1.5235603 1.5130681 2.3794513 2.5165699 1.4225750 1.3681188 1.3090554 1.3998086 1.5179499 1.4776868 2.9025742 1.2814715 1.3428862 1.3801331 1.2932253 1.3634598 1.2740521 1.4247051 1.5642336 8.9999984 3.1478704 2.7131473 3.2024731 
Scandentia        0.3981754 0.0000000 0.4686662 0.4551070 0.4438758 0.4424534 0.4717022 0.5443964 0.5248515 0.4181344 0.4210087 0.4374051 0.4499318 0.4736365 0.4264825 0.9312168 0.9897542 0.8189221 1.6356379 1.6387820 1.6801463 1.6245951 1.6464902 1.6037539 1.6249314 1.6278434 1.6684388 1.6693013 1.6402807 1.5855507 2.5202858 2.5320906 1.5297323 1.4033232 1.3569465 1.4074880 1.6278434 1.6209437 2.6744728 1.3554289 1.5072616 1.5503835 1.4834960 1.5272280 1.3910573 1.4861745 1.6129644 3.5604363 3.2853427 2.4065752 3.1796804 
Erethizontidae    0.3600394 0.4686662 0.0000000 0.1607551 0.3356829 0.3361431 0.4598201 0.5291648 0.4747678 0.3902173 0.4186808 0.3865978 0.4532828 0.4482821 0.4460123 0.9319309 0.9391932 0.8045303 1.5219486 1.5915667 1.5663092 1.5778862 1.5550136 1.5513788 1.5312512 1.6482697 1.6139925 1.5396546 1.5825558 1.5569123 2.0969381 3.0434106 1.4140374 1.4247051 1.3703148 1.4893879 1.6357323 1.5187065 2.4993307 1.3453797 1.4414500 1.5308389 1.4581170 1.3502197 1.2929659 1.3370123 1.5536062 4.8858065 3.6480505 2.6642606 3.5196214 
Capromyidae       0.3853368 0.4551070 0.1607551 0.0000000 0.3528582 0.3645945 0.4787778 0.5615331 0.4688693 0.3815192 0.4023364 0.4024881 0.4497423 0.4518223 0.4653371 0.9104831 0.9580946 0.7885215 1.4070309 1.4793505 1.4582126 1.4745244 1.4466004 1.4828313 1.4713167 1.5589253 1.5394317 1.4870653 1.4728343 1.5043358 2.0969381 2.5622540 1.3835368 1.3752085 1.3011559 1.3735558 1.5033752 1.4016845 2.3332865 1.3124652 1.3818225 1.4500560 1.4062311 1.3442864 1.2359423 1.3194892 1.5183146 4.3362312 3.0339772 2.3736640 3.3036034 
Muridae           0.3657694 0.4438758 0.3356829 0.3528582 0.0000000 0.3573886 0.4471386 0.5298320 0.4709155 0.3718640 0.3891471 0.3753824 0.4265415 0.4646103 0.4465340 0.9714269 0.9746868 0.8458934 1.6116432 1.6826598 1.6925516 1.6485702 1.6308523 1.5797273 1.6612393 1.7036605 1.6745644 1.6588478 1.6907859 1.6434541 2.3109333 2.7641887 1.4948350 1.4722986 1.4417720 1.5053431 1.6841764 1.7126022 2.3834823 1.3228169 1.3735558 1.3554289 1.3360930 1.3508934 1.2557429 1.3752119 1.6094421 4.3349644 3.4236459 2.6136399 3.1111530 
Castoridae        0.4059076 0.4424534 0.3361431 0.3645945 0.3573886 0.0000000 0.4389971 0.5098059 0.4846389 0.3846824 0.4294663 0.3734739 0.4319401 0.4503575 0.4374331 0.9749752 0.9496577 0.7870820 1.5342629 1.5385693 1.4953463 1.5811759 1.5770033 1.4965078 1.5427904 1.6417975 1.6012859 1.5513788 1.5499421 1.5938569 2.1248348 3.1879669 1.4395264 1.4482436 1.3388409 1.3707389 1.5446577 1.5187065 2.2972198 1.2339754 1.3265874 1.4092792 1.3173051 1.2858904 1.2689701 1.2937585 1.3531157 3.3504374 3.1842997 2.7263703 3.0363158 
Suidae            0.4123136 0.4717022 0.4598201 0.4787778 0.4471386 0.4389971 0.0000000 0.4220295 0.3415766 0.3524823 0.4071340 0.3681443 0.4211809 0.4615213 0.4649572 1.0547540 1.0128657 0.8646981 1.5772862 1.5643418 1.6341490 1.6962105 1.6571517 1.6447859 1.6280931 1.6803204 1.7126022 1.6387486 1.6110289 1.7102884 2.6627906 3.2265360 1.4495525 1.4924776 1.4309327 1.5043862 1.5053646 1.6085572 2.3180579 1.2997797 1.4951513 1.5228826 1.4246444 1.6122677 1.4161925 1.5198347 1.7457408 4.6564832 3.5120387 3.0873013 3.0889844 
Hippopotamidae    0.4878477 0.5443964 0.5291648 0.5615331 0.5298320 0.5098059 0.4220295 0.0000000 0.4235724 0.4647876 0.4480198 0.4414276 0.4980530 0.5218220 0.5458250 1.0703523 1.1213220 0.9416519 1.6404342 1.6456292 1.7242965 1.6897784 1.6785378 1.6454006 1.6997136 1.7266774 1.6582504 1.7282626 1.5927403 1.5004766 2.6599610 3.0056360 1.5172827 1.4246751 1.3896620 1.4398075 1.6594180 1.6547907 2.3943841 1.3411420 1.5217048 1.4225207 1.3674964 1.4948350 1.3746511 1.4828313 1.7285736 4.1454456 3.1822883 2.5202858 3.0434106 
Hyperoodontidae   0.4294521 0.5248515 0.4747678 0.4688693 0.4709155 0.4846389 0.3415766 0.4235724 0.0000000 0.3712630 0.3876442 0.3880715 0.4349023 0.4624397 0.4793569 0.9966830 1.0005828 0.8468685 1.5462154 1.5515841 1.5534431 1.5462154 1.5715144 1.5113151 1.5660876 1.6205189 1.6648567 1.5135080 1.4976308 1.5734768 2.5158103 3.2132801 1.4352292 1.3242853 1.3914502 1.4310531 1.4754353 1.6762980 2.3586938 1.4019628 1.4438642 1.5452823 1.4016845 1.4828344 1.3668612 1.4682419 1.6803204 4.5237071 3.2094765 2.7051356 2.9254406 
Vespertilionidae  0.3304896 0.4181344 0.3902173 0.3815192 0.3718640 0.3846824 0.3524823 0.4647876 0.3712630 0.0000000 0.1744473 0.2009762 0.3165195 0.3323294 0.4008373 0.9072574 0.9384845 0.7680905 1.4729758 1.5239562 1.5073760 1.5326616 1.4870653 1.5001262 1.5166846 1.5815513 1.5793863 1.5587249 1.4553818 1.4913232 2.4659398 2.7752981 1.3136814 1.3078904 1.2929659 1.3044412 1.4288663 1.3768925 2.4364422 1.3181428 1.3757612 1.4160659 1.3318606 1.4143297 1.3508934 1.3932655 1.5821765 3.4113391 3.2305794 2.7499402 3.1801589 
Furipteridae      0.3577692 0.4210087 0.4186808 0.4023364 0.3891471 0.4294663 0.4071340 0.4480198 0.3876442 0.1744473 0.0000000 0.2177888 0.3558749 0.3966017 0.4011255 0.8575062 0.9115297 0.7554720 1.5219486 1.5346476 1.5361220 1.5741523 1.5252598 1.5252598 1.5530980 1.6259188 1.6028706 1.5472487 1.4645698 1.4677639 2.3786588 2.8858291 1.4628611 1.4013999 1.3848186 1.4868918 1.5379957 1.5555393 2.4603948 1.3181428 1.4392571 1.4940298 1.3958041 1.4707657 1.3735558 1.4120404 1.6566447 4.1469959 3.2082318 2.8223137 3.1618901 
Rhinolophidae     0.3308304 0.4374051 0.3865978 0.4024881 0.3753824 0.3734739 0.3681443 0.4414276 0.3880715 0.2009762 0.2177888 0.0000000 0.3131898 0.3599760 0.4027852 0.8655964 0.8935948 0.7754667 1.3982285 1.4222911 1.3870724 1.4200528 1.4158046 1.3852141 1.3856862 1.4585914 1.4650236 1.4628951 1.3892532 1.4608503 2.3615701 2.9429246 1.4060003 1.3055651 1.3182730 1.3668612 1.4821583 1.4414500 2.2224572 1.2397384 1.3068028 1.3242853 1.2628916 1.3495682 1.2763935 1.2965678 1.5523343 3.2842546 3.4018140 2.8208975 3.5677872 
Viverridae        0.3702692 0.4499318 0.4532828 0.4497423 0.4265415 0.4319401 0.4211809 0.4980530 0.4349023 0.3165195 0.3558749 0.3131898 0.0000000 0.2796900 0.4398989 0.9418714 0.9270799 0.8027065 1.4492521 1.5775802 1.5459102 1.5909827 1.5207037 1.5351623 1.5370934 1.6262273 1.5886805 1.6308523 1.4993918 1.4841739 2.3109333 3.1702229 1.3687288 1.2346234 1.2431653 1.2829453 1.3688677 1.5081743 2.3624310 1.2565486 1.2393985 1.2740521 1.2226006 1.3113227 1.2255737 1.3423597 1.4802390 3.7264791 3.2552895 2.6938359 3.1779002 
Procyonidae       0.3802806 0.4736365 0.4482821 0.4518223 0.4646103 0.4503575 0.4615213 0.5218220 0.4624397 0.3323294 0.3966017 0.3599760 0.2796900 0.0000000 0.4762316 0.9605743 0.9381384 0.8364902 1.4511362 1.4489909 1.4535781 1.5285469 1.4821583 1.4487359 1.4896597 1.5752479 1.5202559 1.4751167 1.4246129 1.4867338 2.3249182 3.0042793 1.4350567 1.3495682 1.3113448 1.2999365 1.4901313 1.4351420 2.5005084 1.2627672 1.3321105 1.4457330 1.3437333 1.4207569 1.3517709 1.4943646 1.5867633 3.7446943 3.3024979 2.4454093 3.5677872 
Myrmecophagidae   0.4110311 0.4264825 0.4460123 0.4653371 0.4465340 0.4374331 0.4649572 0.5458250 0.4793569 0.4008373 0.4011255 0.4027852 0.4398989 0.4762316 0.0000000 0.9647582 0.9815156 0.8162057 1.5480867 1.6172873 1.5847064 1.6641650 1.5734768 1.5480867 1.6557092 1.7123541 1.6762980 1.6721451 1.6236887 1.6172873 2.7138462 2.9882692 1.5710257 1.3879003 1.3420226 1.4288663 1.4896597 1.5905012 2.4723410 1.3014168 1.3741179 1.4043526 1.4081381 1.4574403 1.3883158 1.4414500 1.6970864 5.1380159 2.9999334 2.4053259 2.8566904 
Caluromyidae      0.9266066 0.9312168 0.9319309 0.9104831 0.9714269 0.9749752 1.0547540 1.0703523 0.9966830 0.9072574 0.8575062 0.8655964 0.9418714 0.9605743 0.9647582 0.0000000 0.3947428 0.3322013 1.5834772 1.6416873 1.5801335 1.5660189 1.4920878 1.6198238 1.5607507 1.6053940 1.6110289 1.4760228 1.4096852 1.6386582 2.1422893 2.7116648 1.4123734 1.3253136 1.2944942 1.2400794 1.4574815 1.3973142 2.2443067 1.2929659 1.2967701 1.4288192 1.3836745 1.2673832 1.2805487 1.2652525 1.4620473 2.7499737 2.8628010 2.6966693 2.7499737 
Thylacomyidae     0.9599613 0.9897542 0.9391932 0.9580946 0.9746868 0.9496577 1.0128657 1.1213220 1.0005828 0.9384845 0.9115297 0.8935948 0.9270799 0.9381384 0.9815156 0.3947428 0.0000000 0.3302108 1.4757304 1.4508556 1.4636948 1.4332591 1.3852767 1.4661915 1.4461563 1.5228826 1.5379957 1.4116920 1.4616384 1.4697768 2.3736640 2.4454093 1.5555393 1.4182315 1.3592068 1.4288503 1.5462154 1.5122059 2.5494602 1.3502197 1.4372064 1.5247578 1.5254013 1.3874760 1.3870427 1.4841739 1.5808150 3.0150720 2.8423477 2.6226641 2.6273806 
Phalangeridae     0.7967746 0.8189221 0.8045303 0.7885215 0.8458934 0.7870820 0.8646981 0.9416519 0.8468685 0.7680905 0.7554720 0.7754667 0.8027065 0.8364902 0.8162057 0.3322013 0.3302108 0.0000000 1.4581170 1.5223933 1.4707657 1.4205376 1.3964706 1.5026409 1.4600980 1.4989237 1.5361504 1.3879003 1.4308565 1.3102039 2.1212016 2.3786588 1.3392649 1.2549907 1.2232572 1.2185522 1.5221816 1.4482436 2.2656791 1.2180130 1.2979939 1.4288663 1.4083454 1.3250710 1.2716995 1.2421709 1.4801287 3.1673120 2.8987691 2.6334734 2.5470749 
Tityridae         1.5554142 1.6356379 1.5219486 1.4070309 1.6116432 1.5342629 1.5772862 1.6404342 1.5462154 1.4729758 1.5219486 1.3982285 1.4492521 1.4511362 1.5480867 1.5834772 1.4757304 1.4581170 0.0000000 0.1561516 0.1650331 0.1873529 0.1659572 0.1910703 0.1834827 0.1883795 0.2036129 0.2038013 0.2285699 0.9224074 1.3356731 2.1208386 1.0338394 0.9604678 0.8895563 0.9773321 1.1891050 1.2355116 2.7026240 1.2762924 1.1534280 1.3347474 1.3275914 1.3735558 1.2249847 1.2462742 1.4074880 3.8813274 8.9999981 4.5884047 2.8026101 
Ptilonorhynchidae 1.5361363 1.6387820 1.5915667 1.4793505 1.6826598 1.5385693 1.5643418 1.6456292 1.5515841 1.5239562 1.5346476 1.4222911 1.5775802 1.4489909 1.6172873 1.6416873 1.4508556 1.5223933 0.1561516 0.0000000 0.1197842 0.1321236 0.1312132 0.1406351 0.1283090 0.1325834 0.1485922 0.1451662 0.2137368 0.9082884 1.4453284 2.0549294 1.1362200 1.0090626 0.9666400 1.0281079 1.2428850 1.3199702 2.8395654 1.2865300 1.1410040 1.3592068 1.3194892 1.4019628 1.2226006 1.2219183 1.4401037 6.1806093 5.8686842 5.0422312 3.2694285 
Callaeatidae      1.5589253 1.6801463 1.5663092 1.4582126 1.6925516 1.4953463 1.6341490 1.7242965 1.5534431 1.5073760 1.5361220 1.3870724 1.5459102 1.4535781 1.5847064 1.5801335 1.4636948 1.4707657 0.1650331 0.1197842 0.0000000 0.1107496 0.1001091 0.1190690 0.1070883 0.1126400 0.1212970 0.1283090 0.2342321 0.9449374 1.4081381 2.1337131 1.0658292 0.9561867 0.9041755 0.9828747 1.2175804 1.2020873 2.6273806 1.3018629 1.1735943 1.3779536 1.3392649 1.3779536 1.2410852 1.2517968 1.4484864 4.7421780 6.8056513 4.9381422 3.4199437 
Monarchidae       1.6283296 1.6245951 1.5778862 1.4745244 1.6485702 1.5811759 1.6962105 1.6897784 1.5462154 1.5326616 1.5741523 1.4200528 1.5909827 1.5285469 1.6641650 1.5660189 1.4332591 1.4205376 0.1873529 0.1321236 0.1107496 0.0000000 0.0898320 0.1207782 0.1104682 0.1216099 0.1321236 0.1339852 0.2377220 0.9285687 1.3768266 2.0274908 1.0749303 0.9842517 0.9431349 1.0031262 1.2230930 1.2959212 2.9427586 1.3125895 1.1793113 1.3171872 1.3044412 1.3813353 1.1827364 1.2414654 1.4841739 5.7177351 6.7039571 4.4851862 3.2411075 
Malaconotidae     1.5730678 1.6464902 1.5550136 1.4466004 1.6308523 1.5770033 1.6571517 1.6785378 1.5715144 1.4870653 1.5252598 1.4158046 1.5207037 1.4821583 1.5734768 1.4920878 1.3852767 1.3964706 0.1659572 0.1312132 0.1001091 0.0898320 0.0000000 0.1289296 0.1219704 0.1224913 0.1277573 0.1420208 0.2462089 0.9182433 1.3904544 2.0508831 1.0254860 0.9617150 0.9304977 0.9971384 1.2115608 1.2678308 2.9427586 1.2687118 1.1682695 1.3263228 1.2965678 1.3479692 1.1872210 1.2291837 1.5141356 5.1158769 4.2935543 3.9996313 3.3616862 
Certhiidae        1.5379957 1.6037539 1.5513788 1.4828313 1.5797273 1.4965078 1.6447859 1.6454006 1.5113151 1.5001262 1.5252598 1.3852141 1.5351623 1.4487359 1.5480867 1.6198238 1.4661915 1.5026409 0.1910703 0.1406351 0.1190690 0.1207782 0.1289296 0.0000000 0.0814191 0.0951084 0.1085925 0.1175621 0.2456366 0.9133088 1.3487765 1.9896138 1.0800704 1.0115383 0.9828747 1.0172356 1.2404382 1.2483197 2.8671715 1.2879179 1.1432992 1.3263228 1.3011559 1.3762993 1.2028188 1.2231772 1.4965078 5.8450930 8.9999983 5.4320333 3.0839044 
Cinclidae         1.5572082 1.6249314 1.5312512 1.4713167 1.6612393 1.5427904 1.6280931 1.6997136 1.5660876 1.5166846 1.5530980 1.3856862 1.5370934 1.4896597 1.6557092 1.5607507 1.4461563 1.4600980 0.1834827 0.1283090 0.1070883 0.1104682 0.1219704 0.0814191 0.0000000 0.0800526 0.0984390 0.1037198 0.2331236 0.9199426 1.4144711 2.0577613 1.0412296 0.9888779 0.9525739 0.9722147 1.2654316 1.2372929 2.8359131 1.2729348 1.1506677 1.3428862 1.3285766 1.3741179 1.1947987 1.2207705 1.4821583 3.9115812 6.0767222 4.7922731 3.5136960 
Ploceidae         1.6177980 1.6278434 1.6482697 1.5589253 1.7036605 1.6417975 1.6803204 1.7266774 1.6205189 1.5815513 1.6259188 1.4585914 1.6262273 1.5752479 1.7123541 1.6053940 1.5228826 1.4989237 0.1883795 0.1325834 0.1126400 0.1216099 0.1224913 0.0951084 0.0800526 0.0000000 0.0604322 0.1147362 0.2425983 0.9456265 1.4143297 2.1337131 1.0944432 0.9512590 0.9741027 1.0222161 1.2524748 1.2532657 2.7381775 1.3393276 1.1435674 1.3735558 1.3230238 1.4016845 1.2042005 1.2304363 1.5310343 4.1782727 4.8832308 4.0491998 3.5042264 
Thraupidae        1.6005401 1.6684388 1.6139925 1.5394317 1.6745644 1.6012859 1.7126022 1.6582504 1.6648567 1.5793863 1.6028706 1.4650236 1.5886805 1.5202559 1.6762980 1.6110289 1.5379957 1.5361504 0.2036129 0.1485922 0.1212970 0.1321236 0.1277573 0.1085925 0.0984390 0.0604322 0.0000000 0.1251723 0.2573535 0.9641415 1.4648580 2.1683923 1.1018465 0.9971384 0.9820696 1.0164712 1.2436077 1.2787095 3.0347667 1.3019919 1.1359264 1.3370123 1.2999365 1.3757612 1.1848113 1.2207705 1.5747757 4.2850428 5.1380159 4.1944426 3.3861493 
Alaudidae         1.5955508 1.6693013 1.5396546 1.4870653 1.6588478 1.5513788 1.6387486 1.7282626 1.5135080 1.5587249 1.5472487 1.4628951 1.6308523 1.4751167 1.6721451 1.4760228 1.4116920 1.3879003 0.2038013 0.1451662 0.1283090 0.1339852 0.1420208 0.1175621 0.1037198 0.1147362 0.1251723 0.0000000 0.2586224 0.9420402 1.4001047 2.0169491 1.0992633 0.9902804 0.9660001 0.9660001 1.2453209 1.3066517 2.6612706 1.3018629 1.1435674 1.3813353 1.3539327 1.4416092 1.2376844 1.3067039 1.4484864 4.7922731 4.5622983 4.0328377 3.4790654 
Coraciiformes     1.5235603 1.6402807 1.5825558 1.4728343 1.6907859 1.5499421 1.6110289 1.5927403 1.4976308 1.4553818 1.4645698 1.3892532 1.4993918 1.4246129 1.6236887 1.4096852 1.4616384 1.4308565 0.2285699 0.2137368 0.2342321 0.2377220 0.2462089 0.2456366 0.2331236 0.2425983 0.2573535 0.2586224 0.0000000 0.8801362 1.4016845 1.9707083 1.0691590 0.9374365 0.8822179 0.9548915 1.0797347 1.2140213 2.6800168 1.2605994 1.1406427 1.2999365 1.2581085 1.3056327 1.1235825 1.1984616 1.2772465 3.9996313 4.0354888 3.9289587 2.9242439 
Crocodylidae      1.5130681 1.5855507 1.5569123 1.5043358 1.6434541 1.5938569 1.7102884 1.5004766 1.5734768 1.4913232 1.4677639 1.4608503 1.4841739 1.4867338 1.6172873 1.6386582 1.4697768 1.3102039 0.9224074 0.9082884 0.9449374 0.9285687 0.9182433 0.9133088 0.9199426 0.9456265 0.9641415 0.9420402 0.8801362 0.0000000 1.3848186 2.2306119 1.1720445 1.1834357 1.1088790 1.2129633 1.3508934 1.5082362 2.6596970 1.3247653 1.3486063 1.4289168 1.3780645 1.3798112 1.2757581 1.4033232 1.5022124 3.6423098 9.0000000 4.6184787 2.8526964 
Carettochelyidae  2.3794513 2.5202858 2.0969381 2.0969381 2.3109333 2.1248348 2.6627906 2.6599610 2.5158103 2.4659398 2.3786588 2.3615701 2.3109333 2.3249182 2.7138462 2.1422893 2.3736640 2.1212016 1.3356731 1.4453284 1.4081381 1.3768266 1.3904544 1.3487765 1.4144711 1.4143297 1.4648580 1.4001047 1.4016845 1.3848186 0.0000000 2.4679500 1.6542518 1.5693490 1.5573005 1.5715144 1.6920734 1.9744564 2.9575238 1.7690255 1.8766034 2.0339782 2.0367394 1.9659171 1.8458289 1.9622018 2.3666795 4.8086082 3.8362914 3.2274528 3.7067804 
Kinosternidae     2.5165699 2.5320906 3.0434106 2.5622540 2.7641887 3.1879669 3.2265360 3.0056360 3.2132801 2.7752981 2.8858291 2.9429246 3.1702229 3.0042793 2.9882692 2.7116648 2.4454093 2.3786588 2.1208386 2.0549294 2.1337131 2.0274908 2.0508831 1.9896138 2.0577613 2.1337131 2.1683923 2.0169491 1.9707083 2.2306119 2.4679500 0.0000000 1.9473910 2.0861049 2.0245246 1.8675122 2.4320214 2.4961659 4.3747693 2.6895570 2.7116648 2.4770678 2.3725342 2.7616572 2.6711166 2.5875317 3.4638771 3.8960592 8.9999984 9.0000000 8.9999980 
Anomalepididae    1.4225750 1.5297323 1.4140374 1.3835368 1.4948350 1.4395264 1.4495525 1.5172827 1.4352292 1.3136814 1.4628611 1.4060003 1.3687288 1.4350567 1.5710257 1.4123734 1.5555393 1.3392649 1.0338394 1.1362200 1.0658292 1.0749303 1.0254860 1.0800704 1.0412296 1.0944432 1.1018465 1.0992633 1.0691590 1.1720445 1.6542518 1.9473910 0.0000000 0.4377882 0.3963474 0.4586958 0.7427793 0.7658746 2.3009936 1.2740521 1.1619918 1.2255737 1.2370162 1.2153878 1.1137782 1.1162528 1.3870427 3.8803958 3.8396286 3.7446943 2.4101621 
Loxocemidae       1.3681188 1.4033232 1.4247051 1.3752085 1.4722986 1.4482436 1.4924776 1.4246751 1.3242853 1.3078904 1.4013999 1.3055651 1.2346234 1.3495682 1.3879003 1.3253136 1.4182315 1.2549907 0.9604678 1.0090626 0.9561867 0.9842517 0.9617150 1.0115383 0.9888779 0.9512590 0.9971384 0.9902804 0.9374365 1.1834357 1.5693490 2.0861049 0.4377882 0.0000000 0.1856676 0.3499032 0.6505522 0.6561037 2.1712098 1.1747761 1.0823788 1.1365225 1.1013670 1.1315075 0.9881509 1.1212453 1.2830895 4.7170603 3.3509378 3.0638421 2.1606687 
Natricidae        1.3090554 1.3569465 1.3703148 1.3011559 1.4417720 1.3388409 1.4309327 1.3896620 1.3914502 1.2929659 1.3848186 1.3182730 1.2431653 1.3113448 1.3420226 1.2944942 1.3592068 1.2232572 0.8895563 0.9666400 0.9041755 0.9431349 0.9304977 0.9828747 0.9525739 0.9741027 0.9820696 0.9660001 0.8822179 1.1088790 1.5573005 2.0245246 0.3963474 0.1856676 0.0000000 0.3131898 0.6248811 0.6465145 2.1444290 1.0728341 1.0156106 1.0558638 1.0377413 1.1039838 0.9409588 1.0520080 1.2484950 4.4230075 3.3951473 3.2429935 2.3302896 
Xenosauridae      1.3998086 1.4074880 1.4893879 1.3735558 1.5053431 1.3707389 1.5043862 1.4398075 1.4310531 1.3044412 1.4868918 1.3668612 1.2829453 1.2999365 1.4288663 1.2400794 1.4288503 1.2185522 0.9773321 1.0281079 0.9828747 1.0031262 0.9971384 1.0172356 0.9722147 1.0222161 1.0164712 0.9660001 0.9548915 1.2129633 1.5715144 1.8675122 0.4586958 0.3499032 0.3131898 0.0000000 0.6385122 0.6483329 1.8850903 1.1356414 1.0807239 1.1040412 1.0658292 1.1637196 1.0148755 1.1041543 1.2421709 5.4919330 3.1219243 2.7375016 2.5873375 
Teiidae           1.5179499 1.6278434 1.6357323 1.5033752 1.6841764 1.5446577 1.5053646 1.6594180 1.4754353 1.4288663 1.5379957 1.4821583 1.3688677 1.4901313 1.4896597 1.4574815 1.5462154 1.5221816 1.1891050 1.2428850 1.2175804 1.2230930 1.2115608 1.2404382 1.2654316 1.2524748 1.2436077 1.2453209 1.0797347 1.3508934 1.6920734 2.4320214 0.7427793 0.6505522 0.6248811 0.6385122 0.0000000 0.9017086 2.2332687 1.4518151 1.3492650 1.3954601 1.4352292 1.4959575 1.3607583 1.4203030 1.5736931 6.5946288 3.2805654 3.2055221 3.0401282 
Eublepharidae     1.4776868 1.6209437 1.5187065 1.4016845 1.7126022 1.5187065 1.6085572 1.6547907 1.6762980 1.3768925 1.5555393 1.4414500 1.5081743 1.4351420 1.5905012 1.3973142 1.5122059 1.4482436 1.2355116 1.3199702 1.2020873 1.2959212 1.2678308 1.2483197 1.2372929 1.2532657 1.2787095 1.3066517 1.2140213 1.5082362 1.9744564 2.4961659 0.7658746 0.6561037 0.6465145 0.6483329 0.9017086 0.0000000 2.2371918 1.2926984 1.2041176 1.2500211 1.2450799 1.2976246 1.2046714 1.2151038 1.5588610 8.9999985 2.9882692 3.1801589 2.3719233 
Dicamptodontidae  2.9025742 2.6744728 2.4993307 2.3332865 2.3834823 2.2972198 2.3180579 2.3943841 2.3586938 2.4364422 2.4603948 2.2224572 2.3624310 2.5005084 2.4723410 2.2443067 2.5494602 2.2656791 2.7026240 2.8395654 2.6273806 2.9427586 2.9427586 2.8671715 2.8359131 2.7381775 3.0347667 2.6612706 2.6800168 2.6596970 2.9575238 4.3747693 2.3009936 2.1712098 2.1444290 1.8850903 2.2332687 2.2371918 0.0000000 2.0892428 2.0777667 2.0718364 2.0206239 2.0581229 1.9278463 1.9202699 2.1466109 9.0000000 3.7873501 3.5218023 5.8450930 
Alytidae          1.2814715 1.3554289 1.3453797 1.3124652 1.3228169 1.2339754 1.2997797 1.3411420 1.4019628 1.3181428 1.3181428 1.2397384 1.2565486 1.2627672 1.3014168 1.2929659 1.3502197 1.2180130 1.2762924 1.2865300 1.3018629 1.3125895 1.2687118 1.2879179 1.2729348 1.3393276 1.3019919 1.3018629 1.2605994 1.3247653 1.7690255 2.6895570 1.2740521 1.1747761 1.0728341 1.1356414 1.4518151 1.2926984 2.0892428 0.0000000 0.5253169 0.5375436 0.5170294 0.5945744 0.4774408 0.5403644 0.9156425 8.9999982 3.1025918 2.8294431 2.7367394 
Heleophrynidae    1.3428862 1.5072616 1.4414500 1.3818225 1.3735558 1.3265874 1.4951513 1.5217048 1.4438642 1.3757612 1.4392571 1.3068028 1.2393985 1.3321105 1.3741179 1.2967701 1.4372064 1.2979939 1.1534280 1.1410040 1.1735943 1.1793113 1.1682695 1.1432992 1.1506677 1.1435674 1.1359264 1.1435674 1.1406427 1.3486063 1.8766034 2.7116648 1.1619918 1.0823788 1.0156106 1.0807239 1.3492650 1.2041176 2.0777667 0.5253169 0.0000000 0.3205689 0.3013167 0.3472242 0.2718695 0.3281608 0.8895563 4.0491998 3.4775100 3.2680102 2.5532220 
Leptodactylidae   1.3801331 1.5503835 1.5308389 1.4500560 1.3554289 1.4092792 1.5228826 1.4225207 1.5452823 1.4160659 1.4940298 1.3242853 1.2740521 1.4457330 1.4043526 1.4288192 1.5247578 1.4288663 1.3347474 1.3592068 1.3779536 1.3171872 1.3263228 1.3263228 1.3428862 1.3735558 1.3370123 1.3813353 1.2999365 1.4289168 2.0339782 2.4770678 1.2255737 1.1365225 1.0558638 1.1040412 1.3954601 1.2500211 2.0718364 0.5375436 0.3205689 0.0000000 0.0992720 0.3155386 0.2287787 0.2841508 0.9388498 4.1648944 2.9885839 2.8389400 2.4747461 
Strabomantidae    1.2932253 1.4834960 1.4581170 1.4062311 1.3360930 1.3173051 1.4246444 1.3674964 1.4016845 1.3318606 1.3958041 1.2628916 1.2226006 1.3437333 1.4081381 1.3836745 1.5254013 1.4083454 1.3275914 1.3194892 1.3392649 1.3044412 1.2965678 1.3011559 1.3285766 1.3230238 1.2999365 1.3539327 1.2581085 1.3780645 2.0367394 2.3725342 1.2370162 1.1013670 1.0377413 1.0658292 1.4352292 1.2450799 2.0206239 0.5170294 0.3013167 0.0992720 0.0000000 0.2952471 0.1979389 0.2675114 0.9275706 8.9999989 2.9495545 2.7180774 2.4377194 
Micrixalidae      1.3634598 1.5272280 1.3502197 1.3442864 1.3508934 1.2858904 1.6122677 1.4948350 1.4828344 1.4143297 1.4707657 1.3495682 1.3113227 1.4207569 1.4574403 1.2673832 1.3874760 1.3250710 1.3735558 1.4019628 1.3779536 1.3813353 1.3479692 1.3762993 1.3741179 1.4016845 1.3757612 1.4416092 1.3056327 1.3798112 1.9659171 2.7616572 1.2153878 1.1315075 1.1039838 1.1637196 1.4959575 1.2976246 2.0581229 0.5945744 0.3472242 0.3155386 0.2952471 0.0000000 0.2147391 0.3114369 0.9188432 4.4573008 3.5287166 3.2672004 3.0210160 
Hemisotidae       1.2740521 1.3910573 1.2929659 1.2359423 1.2557429 1.2689701 1.4161925 1.3746511 1.3668612 1.3508934 1.3735558 1.2763935 1.2255737 1.3517709 1.3883158 1.2805487 1.3870427 1.2716995 1.2249847 1.2226006 1.2410852 1.1827364 1.1872210 1.2028188 1.1947987 1.2042005 1.1848113 1.2376844 1.1235825 1.2757581 1.8458289 2.6711166 1.1137782 0.9881509 0.9409588 1.0148755 1.3607583 1.2046714 1.9278463 0.4774408 0.2718695 0.2287787 0.1979389 0.2147391 0.0000000 0.1946237 0.8502803 4.0604216 3.0520170 2.8786520 2.7789531 
Asterophryidae    1.4247051 1.4861745 1.3370123 1.3194892 1.3752119 1.2937585 1.5198347 1.4828313 1.4682419 1.3932655 1.4120404 1.2965678 1.3423597 1.4943646 1.4414500 1.2652525 1.4841739 1.2421709 1.2462742 1.2219183 1.2517968 1.2414654 1.2291837 1.2231772 1.2207705 1.2304363 1.2207705 1.3067039 1.1984616 1.4033232 1.9622018 2.5875317 1.1162528 1.1212453 1.0520080 1.1041543 1.4203030 1.2151038 1.9202699 0.5403644 0.3281608 0.2841508 0.2675114 0.3114369 0.1946237 0.0000000 0.9430232 4.4124216 3.4796528 3.1220119 3.0363158 
Caeciliidae2      1.5642336 1.6129644 1.5536062 1.5183146 1.6094421 1.3531157 1.7457408 1.7285736 1.6803204 1.5821765 1.6566447 1.5523343 1.4802390 1.5867633 1.6970864 1.4620473 1.5808150 1.4801287 1.4074880 1.4401037 1.4484864 1.4841739 1.5141356 1.4965078 1.4821583 1.5310343 1.5747757 1.4484864 1.2772465 1.5022124 2.3666795 3.4638771 1.3870427 1.2830895 1.2484950 1.2421709 1.5736931 1.5588610 2.1466109 0.9156425 0.8895563 0.9388498 0.9275706 0.9188432 0.8502803 0.9430232 0.0000000 3.5196214 3.5040639 3.3764072 3.1013108 
Polypteriformes   8.9999984 3.5604363 4.8858065 4.3362312 4.3349644 3.3504374 4.6564832 4.1454456 4.5237071 3.4113391 4.1469959 3.2842546 3.7264791 3.7446943 5.1380159 2.7499737 3.0150720 3.1673120 3.8813274 6.1806093 4.7421780 5.7177351 5.1158769 5.8450930 3.9115812 4.1782727 4.2850428 4.7922731 3.9996313 3.6423098 4.8086082 3.8960592 3.8803958 4.7170603 4.4230075 5.4919330 6.5946288 8.9999985 9.0000000 8.9999982 4.0491998 4.1648944 8.9999989 4.4573008 4.0604216 4.4124216 3.5196214 0.0000000 9.0000000 9.0000000 8.9999985 
Channichthyidae   3.1478704 3.2853427 3.6480505 3.0339772 3.4236459 3.1842997 3.5120387 3.1822883 3.2094765 3.2305794 3.2082318 3.4018140 3.2552895 3.3024979 2.9999334 2.8628010 2.8423477 2.8987691 8.9999981 5.8686842 6.8056513 6.7039571 4.2935543 8.9999983 6.0767222 4.8832308 5.1380159 4.5622983 4.0354888 9.0000000 3.8362914 8.9999984 3.8396286 3.3509378 3.3951473 3.1219243 3.2805654 2.9882692 3.7873501 3.1025918 3.4775100 2.9885839 2.9495545 3.5287166 3.0520170 3.4796528 3.5040639 9.0000000 0.0000000 0.4488883 7.1136258 
Pseudaphritidae   2.7131473 2.4065752 2.6642606 2.3736640 2.6136399 2.7263703 3.0873013 2.5202858 2.7051356 2.7499402 2.8223137 2.8208975 2.6938359 2.4454093 2.4053259 2.6966693 2.6226641 2.6334734 4.5884047 5.0422312 4.9381422 4.4851862 3.9996313 5.4320333 4.7922731 4.0491998 4.1944426 4.0328377 3.9289587 4.6184787 3.2274528 9.0000000 3.7446943 3.0638421 3.2429935 2.7375016 3.2055221 3.1801589 3.5218023 2.8294431 3.2680102 2.8389400 2.7180774 3.2672004 2.8786520 3.1220119 3.3764072 9.0000000 0.4488883 0.0000000 3.5278853 
Carcharhinidae    3.2024731 3.1796804 3.5196214 3.3036034 3.1111530 3.0363158 3.0889844 3.0434106 2.9254406 3.1801589 3.1618901 3.5677872 3.1779002 3.5677872 2.8566904 2.7499737 2.6273806 2.5470749 2.8026101 3.2694285 3.4199437 3.2411075 3.3616862 3.0839044 3.5136960 3.5042264 3.3861493 3.4790654 2.9242439 2.8526964 3.7067804 8.9999980 2.4101621 2.1606687 2.3302896 2.5873375 3.0401282 2.3719233 5.8450930 2.7367394 2.5532220 2.4747461 2.4377194 3.0210160 2.7789531 3.0363158 3.1013108 8.9999985 7.1136258 3.5278853 0.0000000 
