51
Pitheciidae       0.0000000 0.3992733 0.4863663 0.4905349 0.4848377 0.5817739 0.5382314 0.4955646 0.5126886 0.5390559 0.5622855 0.6216426 0.4889483 0.4880713 0.4913936 1.0486480 1.0137364 0.9910826 0.8077742 0.8216620 0.8186398 0.8278068 0.8275314 0.8414414 0.8467978 0.8433380 0.8451406 0.8337263 0.8229511 0.8322343 0.8393433 0.8534633 0.8520598 0.8717861 0.9204590 0.9239244 0.7943576 0.7900640 0.9765586 0.9897032 0.9416956 0.9712356 0.9477548 0.9542371 0.9086490 0.9476911 0.9148337 1.2538967 1.4750297 1.5587009 1.2077590 
Scandentia        0.3992733 0.0000000 0.3134368 0.3096768 0.3304184 0.3834059 0.4182391 0.3783957 0.3499212 0.3352903 0.3643753 0.4619500 0.3085779 0.3141875 0.3351168 0.8536832 0.8351181 0.7587695 0.6492713 0.6426465 0.6399306 0.6438047 0.6566614 0.6543242 0.6586397 0.6564468 0.6575332 0.6512064 0.6519360 0.6643548 0.6566477 0.6449350 0.6470788 0.7111651 0.7129157 0.7043126 0.6232328 0.6223996 0.8338763 0.8976176 0.8088289 0.7989885 0.7799725 0.7672054 0.7508837 0.7669982 0.7641095 1.1842395 1.4687869 1.4718886 1.0495644 
Erethizontidae    0.4863663 0.3134368 0.0000000 0.1278518 0.3311638 0.4102444 0.4458798 0.3796494 0.3776970 0.3606012 0.3668462 0.4856098 0.3490163 0.3385828 0.3754358 0.8970404 0.9079557 0.8487494 0.6678531 0.6607541 0.6509738 0.6616341 0.6749555 0.6685917 0.6699337 0.6745802 0.6617777 0.6592079 0.6760629 0.7185316 0.6742974 0.6859900 0.6883038 0.7660458 0.7625545 0.7410645 0.6412545 0.6772873 0.8141493 0.8464481 0.8346448 0.8136494 0.8142387 0.8062937 0.7551190 0.7983118 0.7908431 1.1821712 1.3961200 1.4059557 1.1075910 
Capromyidae       0.4905349 0.3096768 0.1278518 0.0000000 0.3413670 0.4353518 0.4384351 0.3874676 0.4030502 0.3915621 0.4011034 0.4843167 0.3680688 0.3442297 0.4123917 0.8833108 0.8947834 0.8213999 0.6747301 0.6645637 0.6547573 0.6721006 0.6826789 0.6694225 0.6738076 0.6784733 0.6726646 0.6662781 0.6799689 0.7054049 0.6615734 0.6805337 0.6832780 0.7529654 0.7580997 0.7349765 0.6421574 0.6680892 0.8030993 0.8600761 0.8618170 0.8333969 0.8380629 0.8320832 0.7767678 0.8284921 0.7948967 1.2493917 1.4463975 1.4636876 1.1308286 
Muridae           0.4848377 0.3304184 0.3311638 0.3413670 0.0000000 0.4084832 0.4720288 0.4115347 0.3858361 0.3568768 0.3841330 0.4890758 0.3590729 0.3574909 0.3883792 0.8903008 0.8835287 0.8126501 0.7058763 0.7087981 0.7023441 0.7161517 0.7164973 0.7213300 0.7291017 0.7268749 0.7245905 0.7212088 0.7244005 0.7263730 0.7031671 0.6982889 0.7060565 0.7476572 0.8060810 0.7760888 0.6778407 0.6710137 0.8352692 0.8649226 0.8075457 0.8287954 0.8220217 0.7918710 0.7542663 0.7836929 0.7948444 1.1805346 1.4022591 1.4388241 1.1307456 
Castoridae        0.5817739 0.3834059 0.4102444 0.4353518 0.4084832 0.0000000 0.5226136 0.5108941 0.5009384 0.4715128 0.4813789 0.5995018 0.4529062 0.4616346 0.4420490 0.9879359 1.0591260 0.9637613 0.7525429 0.7327680 0.7340751 0.7417041 0.7412971 0.7508023 0.7635677 0.7609728 0.7465811 0.7574733 0.7544761 0.7952383 0.7821037 0.7965385 0.7413384 0.8094579 0.8242953 0.8418286 0.7359035 0.7208113 0.8975009 0.9753560 0.9013353 0.9209607 0.8954092 0.8698457 0.8440013 0.8779066 0.8561577 1.3560924 1.4837404 1.5094679 1.3164937 
Suidae            0.5382314 0.4182391 0.4458798 0.4384351 0.4720288 0.5226136 0.0000000 0.3412645 0.2931798 0.3509315 0.3997514 0.4658043 0.3626554 0.3625341 0.4330261 0.8911503 0.9900629 0.9249622 0.7839044 0.7644970 0.7686836 0.7733909 0.7777638 0.7828009 0.7987491 0.7931293 0.7936804 0.7867138 0.7749039 0.7988428 0.7802262 0.7768092 0.7603365 0.7756472 0.8074477 0.7796698 0.7128332 0.7307407 0.9084471 0.9462735 0.9341586 0.8925670 0.8635626 0.8735385 0.8592735 0.8999057 0.8722050 1.1841717 1.4239945 1.4590013 1.1884298 
Hippopotamidae    0.4955646 0.3783957 0.3796494 0.3874676 0.4115347 0.5108941 0.3412645 0.0000000 0.2057996 0.3344053 0.3571964 0.4572678 0.3210800 0.3027700 0.3770820 0.8728001 0.9158444 0.8572984 0.7125888 0.7155718 0.7089002 0.7201047 0.7204864 0.7286224 0.7366898 0.7382558 0.7320006 0.7284962 0.7356967 0.7513810 0.7304220 0.7433870 0.7125229 0.7793466 0.7817612 0.7712152 0.6765328 0.6929187 0.8478678 0.9022753 0.8444981 0.8404411 0.8205069 0.8181535 0.7940366 0.8030534 0.7811347 1.1667728 1.3016780 1.3630007 1.1198140 
Hyperoodontidae   0.5126886 0.3499212 0.3776970 0.4030502 0.3858361 0.5009384 0.2931798 0.2057996 0.0000000 0.2882019 0.3237675 0.4214803 0.3019374 0.2875973 0.3300588 0.8266523 0.9159746 0.8270264 0.6936775 0.6827664 0.6761377 0.6871656 0.6771758 0.6953380 0.7032638 0.7047611 0.6986816 0.6921059 0.6879507 0.7242027 0.7079171 0.7220965 0.6729592 0.7355482 0.7387760 0.7300265 0.6450777 0.6566124 0.8612848 0.8574527 0.8412506 0.8337311 0.8219543 0.7950206 0.7609044 0.7954623 0.7697144 1.1281840 1.3391800 1.4029847 1.1311972 
Vespertilionidae  0.5390559 0.3352903 0.3606012 0.3915621 0.3568768 0.4715128 0.3509315 0.3344053 0.2882019 0.0000000 0.1635593 0.3186713 0.2892791 0.2889973 0.3365971 0.8374488 0.8588416 0.8031482 0.6384978 0.6322422 0.6255288 0.6294971 0.6332641 0.6435145 0.6510402 0.6523943 0.6467257 0.6403908 0.6505025 0.6579552 0.6315239 0.6344542 0.6465083 0.7008901 0.7112586 0.7086454 0.6099295 0.6217823 0.8107608 0.9126108 0.8108712 0.7966315 0.7901547 0.7544938 0.7433526 0.7810393 0.7646687 1.1653405 1.3984401 1.3405830 1.1582002 
Furipteridae      0.5622855 0.3643753 0.3668462 0.4011034 0.3841330 0.4813789 0.3997514 0.3571964 0.3237675 0.1635593 0.0000000 0.3497610 0.3419058 0.2888945 0.3868873 0.8110783 0.8395661 0.7842670 0.6944748 0.6911426 0.6844201 0.6818446 0.6886037 0.7039972 0.7120637 0.7135991 0.6999846 0.6975663 0.7150698 0.7161531 0.6772440 0.6836415 0.6909953 0.7484904 0.7830988 0.7572325 0.6522582 0.6728290 0.8288097 0.8864136 0.8278640 0.8122354 0.7972352 0.7882211 0.7568603 0.7912073 0.7993501 1.1580982 1.3878590 1.3783831 1.1662289 
Rhinolophidae     0.6216426 0.4619500 0.4856098 0.4843167 0.4890758 0.5995018 0.4658043 0.4572678 0.4214803 0.3186713 0.3497610 0.0000000 0.4211333 0.3783158 0.4514021 0.9309215 0.9144599 0.8618993 0.7044467 0.7181347 0.7041562 0.7122738 0.7051050 0.7198559 0.7279018 0.7294530 0.7232317 0.7158795 0.7173440 0.7527960 0.7391080 0.7345066 0.7112667 0.7530218 0.7958381 0.7346369 0.6949378 0.6985962 0.8564352 0.9418493 0.8832826 0.8335434 0.8236573 0.8040614 0.7794057 0.8463223 0.8148359 1.1393086 1.4628842 1.4255580 1.1460891 
Viverridae        0.4889483 0.3085779 0.3490163 0.3680688 0.3590729 0.4529062 0.3626554 0.3210800 0.3019374 0.2892791 0.3419058 0.4211333 0.0000000 0.1693719 0.3311048 0.8594687 0.8615696 0.8189829 0.6329586 0.6294814 0.6295914 0.6399147 0.6458976 0.6472732 0.6546588 0.6524112 0.6504224 0.6442107 0.6604416 0.6476198 0.6259982 0.6348703 0.6334924 0.6959943 0.7302281 0.6834770 0.6133460 0.6102732 0.8052560 0.8095674 0.8191520 0.7862548 0.7573353 0.7387065 0.7357374 0.7571015 0.7723298 1.1871597 1.4326150 1.3660780 1.0605473 
Procyonidae       0.4880713 0.3141875 0.3385828 0.3442297 0.3574909 0.4616346 0.3625341 0.3027700 0.2875973 0.2889973 0.2888945 0.3783158 0.1693719 0.0000000 0.3446308 0.8454165 0.8910015 0.7881807 0.6224831 0.6228401 0.6229892 0.6267998 0.6238055 0.6339675 0.6412329 0.6425268 0.6370744 0.6275001 0.6339392 0.6443937 0.6328776 0.6242228 0.6297739 0.7017809 0.7047308 0.6894107 0.6130329 0.5999752 0.7764725 0.8120950 0.7733450 0.7769119 0.7749821 0.7297997 0.7231706 0.7369030 0.7333270 1.0828625 1.3105498 1.3112050 1.0970750 
Myrmecophagidae   0.4913936 0.3351168 0.3754358 0.4123917 0.3883792 0.4420490 0.4330261 0.3770820 0.3300588 0.3365971 0.3868873 0.4514021 0.3311048 0.3446308 0.0000000 0.8153708 0.8353387 0.7406746 0.6128729 0.6195754 0.6235327 0.6235232 0.6228395 0.6306590 0.6379105 0.6356739 0.6337622 0.6371033 0.6273815 0.6317032 0.6075987 0.6320171 0.5972907 0.6659037 0.6407471 0.6625302 0.5815847 0.5935346 0.7829650 0.8243937 0.7943475 0.7817839 0.7684473 0.7440990 0.6950179 0.7373791 0.6945949 1.0368942 1.2853287 1.2851189 1.0986864 
Caluromyidae      1.0486480 0.8536832 0.8970404 0.8833108 0.8903008 0.9879359 0.8911503 0.8728001 0.8266523 0.8374488 0.8110783 0.9309215 0.8594687 0.8454165 0.8153708 0.0000000 0.4159859 0.3786694 0.7877572 0.7903883 0.7802748 0.7701500 0.7848126 0.7937051 0.7955093 0.7854304 0.7822738 0.7940998 0.7981367 0.7840933 0.7790789 0.7894762 0.7461283 0.8025019 0.8020602 0.7544062 0.6846549 0.7270434 0.8796682 0.9229489 0.9310893 0.8590053 0.8525688 0.8717941 0.8516605 0.8788340 0.8237018 1.2543115 1.4105940 1.3800069 1.1134782 
Thylacomyidae     1.0137364 0.8351181 0.9079557 0.8947834 0.8835287 1.0591260 0.9900629 0.9158444 0.9159746 0.8588416 0.8395661 0.9144599 0.8615696 0.8910015 0.8353387 0.4159859 0.0000000 0.2890373 0.7511189 0.7615883 0.7514728 0.7451910 0.7522908 0.7574239 0.7543745 0.7595198 0.7491876 0.7610450 0.7689874 0.7713108 0.7938176 0.8012079 0.7496330 0.8182368 0.8395249 0.7623562 0.7083078 0.7412303 0.8861684 0.9648749 0.9068596 0.8614407 0.8704252 0.8687465 0.8513886 0.8683433 0.8469946 1.2449110 1.5162565 1.5330233 1.0886267 
Phalangeridae     0.9910826 0.7587695 0.8487494 0.8213999 0.8126501 0.9637613 0.9249622 0.8572984 0.8270264 0.8031482 0.7842670 0.8618993 0.8189829 0.7881807 0.7406746 0.3786694 0.2890373 0.0000000 0.6972468 0.7135157 0.6934717 0.6944566 0.7011358 0.7028439 0.7103257 0.7084701 0.7023961 0.7131532 0.7105279 0.7109370 0.6900464 0.7070477 0.6747714 0.7328909 0.7545927 0.7233130 0.6531399 0.6710217 0.8774851 0.8938566 0.8585533 0.8220613 0.8158902 0.7950443 0.7956296 0.8067817 0.7678516 1.2266732 1.3996029 1.4148988 1.0937474 
Tityridae         0.8077742 0.6492713 0.6678531 0.6747301 0.7058763 0.7525429 0.7839044 0.7125888 0.6936775 0.6384978 0.6944748 0.7044467 0.6329586 0.6224831 0.6128729 0.7877572 0.7511189 0.6972468 0.0000000 0.0226976 0.0165455 0.0180337 0.0241786 0.0196119 0.0273085 0.0196445 0.0180827 0.0242641 0.0273696 0.1091892 0.1012745 0.0894936 0.1232668 0.1815054 0.1919885 0.1804415 0.1070196 0.1430916 0.3442577 0.3820746 0.3649209 0.3145010 0.3130339 0.2991930 0.2983768 0.3173254 0.2811375 0.6460318 0.8115633 0.7867290 0.6342133 
Ptilonorhynchidae 0.8216620 0.6426465 0.6607541 0.6645637 0.7087981 0.7327680 0.7644970 0.7155718 0.6827664 0.6322422 0.6911426 0.7181347 0.6294814 0.6228401 0.6195754 0.7903883 0.7615883 0.7135157 0.0226976 0.0000000 0.0150602 0.0195986 0.0257719 0.0181259 0.0258239 0.0181560 0.0165965 0.0227760 0.0352208 0.1164541 0.1066823 0.1016570 0.1271727 0.1877715 0.1983676 0.1865515 0.1178050 0.1526194 0.3501957 0.3981364 0.3832746 0.3387730 0.3325207 0.3182794 0.3173858 0.3368406 0.2999845 0.6527962 0.8395700 0.8141170 0.6534707 
Callaeatidae      0.8186398 0.6399306 0.6509738 0.6547573 0.7023441 0.7340751 0.7686836 0.7089002 0.6761377 0.6255288 0.6844201 0.7041562 0.6295914 0.6229892 0.6235327 0.7802748 0.7514728 0.6934717 0.0165455 0.0150602 0.0000000 0.0104707 0.0165448 0.0089921 0.0165779 0.0090068 0.0074849 0.0135580 0.0289196 0.1092244 0.0995659 0.0945853 0.1233071 0.1757894 0.1920380 0.1823500 0.1105258 0.1449166 0.3396833 0.3734266 0.3638466 0.3206032 0.3145826 0.2962158 0.2954121 0.3142427 0.2901336 0.6470039 0.8275245 0.8023836 0.6514129 
Monarchidae       0.8278068 0.6438047 0.6616341 0.6721006 0.7161517 0.7417041 0.7733909 0.7201047 0.6871656 0.6294971 0.6818446 0.7122738 0.6399147 0.6267998 0.6235232 0.7701500 0.7451910 0.6944566 0.0180337 0.0195986 0.0104707 0.0000000 0.0149990 0.0135020 0.0180693 0.0135243 0.0119882 0.0180962 0.0304147 0.1072584 0.1028006 0.0960897 0.1248151 0.1772980 0.1935266 0.1800397 0.1120323 0.1464163 0.3388524 0.3810592 0.3664185 0.3230289 0.3169804 0.3030529 0.3022227 0.3212211 0.2915637 0.6442838 0.8282147 0.7955891 0.6454342 
Malaconotidae     0.8275314 0.6566614 0.6749555 0.6826789 0.7164973 0.7412971 0.7777638 0.7204864 0.6771758 0.6332641 0.6886037 0.7051050 0.6458976 0.6238055 0.6228395 0.7848126 0.7522908 0.7011358 0.0241786 0.0257719 0.0165448 0.0149990 0.0000000 0.0196109 0.0273072 0.0196435 0.0180818 0.0242629 0.0367030 0.1127270 0.1098914 0.1031180 0.1286268 0.1853199 0.1978562 0.1880458 0.1157463 0.1485736 0.3419779 0.3896924 0.3748845 0.3309202 0.3269420 0.3152461 0.3098170 0.3290497 0.2899944 0.6510681 0.8355440 0.8187599 0.6411007 
Certhiidae        0.8414414 0.6543242 0.6685917 0.6694225 0.7213300 0.7508023 0.7828009 0.7286224 0.6953380 0.6435145 0.7039972 0.7198559 0.6472732 0.6339675 0.6306590 0.7937051 0.7574239 0.7028439 0.0196119 0.0181259 0.0089921 0.0135020 0.0196109 0.0000000 0.0134978 0.0059756 0.0044693 0.0104940 0.0320597 0.1128536 0.1031080 0.0981055 0.1270145 0.1793528 0.1961869 0.1863988 0.1141481 0.1487471 0.3404676 0.3901289 0.3753896 0.3313494 0.3251853 0.3065756 0.3102096 0.3294736 0.2950174 0.6448702 0.8344760 0.8091118 0.6491770 
Cinclidae         0.8467978 0.6586397 0.6699337 0.6738076 0.7291017 0.7635677 0.7987491 0.7366898 0.7032638 0.6510402 0.7120637 0.7279018 0.6546588 0.6412329 0.6379105 0.7955093 0.7543745 0.7103257 0.0273085 0.0258239 0.0165779 0.0180693 0.0273072 0.0134978 0.0000000 0.0135201 0.0119845 0.0180906 0.0399208 0.1182534 0.1118483 0.1068002 0.1361226 0.1871622 0.2062592 0.1923814 0.1230680 0.1581205 0.3527722 0.3982681 0.3833927 0.3341307 0.3325977 0.3183472 0.3174529 0.3369205 0.2976456 0.6492130 0.8497324 0.8277894 0.6472015 
Ploceidae         0.8433380 0.6564468 0.6745802 0.6784733 0.7268749 0.7609728 0.7931293 0.7382558 0.7047611 0.6523943 0.7135991 0.7294530 0.6524112 0.6425268 0.6356739 0.7854304 0.7595198 0.7084701 0.0196445 0.0181560 0.0090068 0.0135243 0.0196435 0.0059756 0.0135201 0.0000000 0.0044766 0.0105113 0.0321135 0.1130650 0.1032975 0.0982851 0.1272559 0.1777569 0.1945773 0.1848071 0.1125803 0.1471632 0.3423892 0.3911248 0.3763366 0.3321455 0.3259586 0.3118031 0.3109344 0.3302596 0.2957034 0.6506890 0.8457426 0.8200969 0.6512799 
Thraupidae        0.8451406 0.6575332 0.6617777 0.6726646 0.7245905 0.7465811 0.7936804 0.7320006 0.6986816 0.6467257 0.6999846 0.7232317 0.6504224 0.6370744 0.6337622 0.7822738 0.7491876 0.7023961 0.0180827 0.0165965 0.0074849 0.0119882 0.0180818 0.0044693 0.0119845 0.0044766 0.0000000 0.0089847 0.0304980 0.1110805 0.1013738 0.0963801 0.1252089 0.1774173 0.1941974 0.1844530 0.1123790 0.1468906 0.3380031 0.3875857 0.3728801 0.3289722 0.3228343 0.3087598 0.3079050 0.3271138 0.2927288 0.6484778 0.8382848 0.8128572 0.6523387 
Alaudidae         0.8337263 0.6512064 0.6592079 0.6662781 0.7212088 0.7574733 0.7867138 0.7284962 0.6921059 0.6403908 0.6975663 0.7158795 0.6442107 0.6275001 0.6371033 0.7940998 0.7610450 0.7131532 0.0242641 0.0227760 0.0135580 0.0180962 0.0242629 0.0104940 0.0180906 0.0105113 0.0089847 0.0000000 0.0368341 0.1146309 0.1048457 0.0998340 0.1288257 0.1813020 0.1981939 0.1883596 0.1159216 0.1506119 0.3429409 0.3854516 0.3708220 0.3269735 0.3208508 0.3089358 0.3080797 0.3273057 0.2950227 0.6521178 0.8308646 0.8055473 0.6461029 
Coraciiformes     0.8229511 0.6519360 0.6760629 0.6799689 0.7244005 0.7544761 0.7749039 0.7356967 0.6879507 0.6505025 0.7150698 0.7173440 0.6604416 0.6339392 0.6273815 0.7981367 0.7689874 0.7105279 0.0273696 0.0352208 0.0289196 0.0304147 0.0367030 0.0320597 0.0399208 0.0321135 0.0304980 0.0368341 0.0000000 0.1167417 0.1121242 0.1035994 0.1346152 0.1920311 0.2028619 0.1890195 0.1215634 0.1530092 0.3631444 0.4069353 0.3916210 0.3442833 0.3379566 0.3236006 0.3226838 0.3387517 0.2940019 0.6420199 0.8511626 0.8297167 0.6522085 
Crocodylidae      0.8322343 0.6643548 0.7185316 0.7054049 0.7263730 0.7952383 0.7988428 0.7513810 0.7242027 0.6579552 0.7161531 0.7527960 0.6476198 0.6443937 0.6317032 0.7840933 0.7713108 0.7109370 0.1091892 0.1164541 0.1092244 0.1072584 0.1127270 0.1128536 0.1182534 0.1130650 0.1110805 0.1146309 0.1167417 0.0000000 0.1413140 0.1324781 0.1673389 0.2354851 0.2401348 0.2238049 0.1531269 0.1741510 0.3879650 0.4435118 0.3995795 0.3626131 0.3513809 0.3425323 0.3415362 0.3593195 0.3079620 0.6910717 0.8935721 0.8728977 0.6568753 
Carettochelyidae  0.8393433 0.6566477 0.6742974 0.6615734 0.7031671 0.7821037 0.7802262 0.7304220 0.7079171 0.6315239 0.6772440 0.7391080 0.6259982 0.6328776 0.6075987 0.7790789 0.7938176 0.6900464 0.1012745 0.1066823 0.0995659 0.1028006 0.1098914 0.1031080 0.1118483 0.1032975 0.1013738 0.1048457 0.1121242 0.1413140 0.0000000 0.0803957 0.1526837 0.2108982 0.1952766 0.2058784 0.1390005 0.1597987 0.3576908 0.4084463 0.3948518 0.3476531 0.3388694 0.3267106 0.3258456 0.3453972 0.2993469 0.6542784 0.8794417 0.8334310 0.6567404 
Kinosternidae     0.8534633 0.6449350 0.6859900 0.6805337 0.6982889 0.7965385 0.7768092 0.7433870 0.7220965 0.6344542 0.6836415 0.7345066 0.6348703 0.6242228 0.6320171 0.7894762 0.8012079 0.7070477 0.0894936 0.1016570 0.0945853 0.0960897 0.1031180 0.0981055 0.1068002 0.0982851 0.0963801 0.0998340 0.1035994 0.1324781 0.0803957 0.0000000 0.1473877 0.2053224 0.2000232 0.1945522 0.1320470 0.1638077 0.3641914 0.4167533 0.3928536 0.3339679 0.3324370 0.3136085 0.3148812 0.3342616 0.2930372 0.6518833 0.8343223 0.7965811 0.6566587 
Anomalepididae    0.8520598 0.6470788 0.6883038 0.6832780 0.7060565 0.7413384 0.7603365 0.7125229 0.6729592 0.6465083 0.6909953 0.7112667 0.6334924 0.6297739 0.5972907 0.7461283 0.7496330 0.6747714 0.1232668 0.1271727 0.1233071 0.1248151 0.1286268 0.1270145 0.1361226 0.1272559 0.1252089 0.1288257 0.1346152 0.1673389 0.1526837 0.1473877 0.0000000 0.1264550 0.1469266 0.1279616 0.0658638 0.1050292 0.3565430 0.3960174 0.3716246 0.3345625 0.3283896 0.3143316 0.3179544 0.3348367 0.2742196 0.6566285 0.8299749 0.7933308 0.6415634 
Loxocemidae       0.8717861 0.7111651 0.7660458 0.7529654 0.7476572 0.8094579 0.7756472 0.7793466 0.7355482 0.7008901 0.7484904 0.7530218 0.6959943 0.7017809 0.6659037 0.8025019 0.8182368 0.7328909 0.1815054 0.1877715 0.1757894 0.1772980 0.1853199 0.1793528 0.1871622 0.1777569 0.1774173 0.1813020 0.1920311 0.2354851 0.2108982 0.2053224 0.1264550 0.0000000 0.1558144 0.1818176 0.1207641 0.1551379 0.3976847 0.4342804 0.4068592 0.3797402 0.3587627 0.3700334 0.3737537 0.3895226 0.3426625 0.7434714 0.9110116 0.8939639 0.7336757 
Natricidae        0.9204590 0.7129157 0.7625545 0.7580997 0.8060810 0.8242953 0.8074477 0.7817612 0.7387760 0.7112586 0.7830988 0.7958381 0.7302281 0.7047308 0.6407471 0.8020602 0.8395249 0.7545927 0.1919885 0.1983676 0.1920380 0.1935266 0.1978562 0.1961869 0.2062592 0.1945773 0.1941974 0.1981939 0.2028619 0.2401348 0.1952766 0.2000232 0.1469266 0.1558144 0.0000000 0.2021901 0.1482757 0.1826799 0.4405851 0.5103875 0.4619757 0.4290050 0.4116462 0.4224170 0.4186921 0.4304130 0.3682857 0.7845037 0.9432574 0.9175152 0.7455276 
Xenosauridae      0.9239244 0.7043126 0.7410645 0.7349765 0.7760888 0.8418286 0.7796698 0.7712152 0.7300265 0.7086454 0.7572325 0.7346369 0.6834770 0.6894107 0.6625302 0.7544062 0.7623562 0.7233130 0.1804415 0.1865515 0.1823500 0.1800397 0.1880458 0.1863988 0.1923814 0.1848071 0.1844530 0.1883596 0.1890195 0.2238049 0.2058784 0.1945522 0.1279616 0.1818176 0.2021901 0.0000000 0.1201144 0.1620233 0.3976148 0.4255268 0.4134771 0.3843068 0.3728084 0.3577632 0.3591777 0.3746416 0.3254721 0.6557959 0.8334110 0.8040440 0.6471430 
Teiidae           0.7943576 0.6232328 0.6412545 0.6421574 0.6778407 0.7359035 0.7128332 0.6765328 0.6450777 0.6099295 0.6522582 0.6949378 0.6133460 0.6130329 0.5815847 0.6846549 0.7083078 0.6531399 0.1070196 0.1178050 0.1105258 0.1120323 0.1157463 0.1141481 0.1230680 0.1125803 0.1123790 0.1159216 0.1215634 0.1531269 0.1390005 0.1320470 0.0658638 0.1207641 0.1482757 0.1201144 0.0000000 0.0874239 0.3326747 0.3685430 0.3422024 0.3114739 0.3055938 0.3008132 0.2999985 0.3140424 0.2663552 0.6284276 0.8290818 0.8039619 0.6363754 
Eublepharidae     0.7900640 0.6223996 0.6772873 0.6680892 0.6710137 0.7208113 0.7307407 0.6929187 0.6566124 0.6217823 0.6728290 0.6985962 0.6102732 0.5999752 0.5935346 0.7270434 0.7412303 0.6710217 0.1430916 0.1526194 0.1449166 0.1464163 0.1485736 0.1487471 0.1581205 0.1471632 0.1468906 0.1506119 0.1530092 0.1741510 0.1597987 0.1638077 0.1050292 0.1551379 0.1826799 0.1620233 0.0874239 0.0000000 0.3534121 0.4051733 0.3793522 0.3398099 0.3243392 0.3306244 0.3296835 0.3468293 0.2868959 0.6736885 0.8123400 0.7808332 0.6681124 
Dicamptodontidae  0.9765586 0.8338763 0.8141493 0.8030993 0.8352692 0.8975009 0.9084471 0.8478678 0.8612848 0.8107608 0.8288097 0.8564352 0.8052560 0.7764725 0.7829650 0.8796682 0.8861684 0.8774851 0.3442577 0.3501957 0.3396833 0.3388524 0.3419779 0.3404676 0.3527722 0.3423892 0.3380031 0.3429409 0.3631444 0.3879650 0.3576908 0.3641914 0.3565430 0.3976847 0.4405851 0.3976148 0.3326747 0.3534121 0.0000000 0.3487489 0.3011320 0.2621537 0.2484050 0.2520940 0.2634712 0.2660618 0.3110232 0.7098952 0.9355974 0.8834172 0.6550883 
Alytidae          0.9897032 0.8976176 0.8464481 0.8600761 0.8649226 0.9753560 0.9462735 0.9022753 0.8574527 0.9126108 0.8864136 0.9418493 0.8095674 0.8120950 0.8243937 0.9229489 0.9648749 0.8938566 0.3820746 0.3981364 0.3734266 0.3810592 0.3896924 0.3901289 0.3982681 0.3911248 0.3875857 0.3854516 0.4069353 0.4435118 0.4084463 0.4167533 0.3960174 0.4342804 0.5103875 0.4255268 0.3685430 0.4051733 0.3487489 0.0000000 0.3135999 0.2827205 0.2800444 0.2492620 0.2459619 0.2547336 0.3426407 0.7489600 0.9270904 0.9350791 0.7390323 
Heleophrynidae    0.9416956 0.8088289 0.8346448 0.8618170 0.8075457 0.9013353 0.9341586 0.8444981 0.8412506 0.8108712 0.8278640 0.8832826 0.8191520 0.7733450 0.7943475 0.9310893 0.9068596 0.8585533 0.3649209 0.3832746 0.3638466 0.3664185 0.3748845 0.3753896 0.3833927 0.3763366 0.3728801 0.3708220 0.3916210 0.3995795 0.3948518 0.3928536 0.3716246 0.4068592 0.4619757 0.4134771 0.3422024 0.3793522 0.3011320 0.3135999 0.0000000 0.1524057 0.1596731 0.1553491 0.1455445 0.1605915 0.3032201 0.7535430 0.9492061 0.9589118 0.7526470 
Leptodactylidae   0.9712356 0.7989885 0.8136494 0.8333969 0.8287954 0.9209607 0.8925670 0.8404411 0.8337311 0.7966315 0.8122354 0.8335434 0.7862548 0.7769119 0.7817839 0.8590053 0.8614407 0.8220613 0.3145010 0.3387730 0.3206032 0.3230289 0.3309202 0.3313494 0.3341307 0.3321455 0.3289722 0.3269735 0.3442833 0.3626131 0.3476531 0.3339679 0.3345625 0.3797402 0.4290050 0.3843068 0.3114739 0.3398099 0.2621537 0.2827205 0.1524057 0.0000000 0.0366164 0.1034423 0.0962015 0.1118809 0.2591637 0.7015758 0.8809041 0.8789452 0.7233731 
Strabomantidae    0.9477548 0.7799725 0.8142387 0.8380629 0.8220217 0.8954092 0.8635626 0.8205069 0.8219543 0.7901547 0.7972352 0.8236573 0.7573353 0.7749821 0.7684473 0.8525688 0.8704252 0.8158902 0.3130339 0.3325207 0.3145826 0.3169804 0.3269420 0.3251853 0.3325977 0.3259586 0.3228343 0.3208508 0.3379566 0.3513809 0.3388694 0.3324370 0.3283896 0.3587627 0.4116462 0.3728084 0.3055938 0.3243392 0.2484050 0.2800444 0.1596731 0.0366164 0.0000000 0.1137719 0.1064058 0.1240243 0.2643843 0.7143086 0.8929625 0.8789672 0.7171865 
Micrixalidae      0.9542371 0.7672054 0.8062937 0.8320832 0.7918710 0.8698457 0.8735385 0.8181535 0.7950206 0.7544938 0.7882211 0.8040614 0.7387065 0.7297997 0.7440990 0.8717941 0.8687465 0.7950443 0.2991930 0.3182794 0.2962158 0.3030529 0.3152461 0.3065756 0.3183472 0.3118031 0.3087598 0.3089358 0.3236006 0.3425323 0.3267106 0.3136085 0.3143316 0.3700334 0.4224170 0.3577632 0.3008132 0.3306244 0.2520940 0.2492620 0.1553491 0.1034423 0.1137719 0.0000000 0.0478651 0.0624274 0.2566077 0.7030316 0.8405360 0.8521414 0.6920795 
Hemisotidae       0.9086490 0.7508837 0.7551190 0.7767678 0.7542663 0.8440013 0.8592735 0.7940366 0.7609044 0.7433526 0.7568603 0.7794057 0.7357374 0.7231706 0.6950179 0.8516605 0.8513886 0.7956296 0.2983768 0.3173858 0.2954121 0.3022227 0.3098170 0.3102096 0.3174529 0.3109344 0.3079050 0.3080797 0.3226838 0.3415362 0.3258456 0.3148812 0.3179544 0.3737537 0.4186921 0.3591777 0.2999985 0.3296835 0.2634712 0.2459619 0.1455445 0.0962015 0.1064058 0.0478651 0.0000000 0.0525333 0.2594353 0.6797948 0.8185680 0.8182080 0.6860341 
Asterophryidae    0.9476911 0.7669982 0.7983118 0.8284921 0.7836929 0.8779066 0.8999057 0.8030534 0.7954623 0.7810393 0.7912073 0.8463223 0.7571015 0.7369030 0.7373791 0.8788340 0.8683433 0.8067817 0.3173254 0.3368406 0.3142427 0.3212211 0.3290497 0.3294736 0.3369205 0.3302596 0.3271138 0.3273057 0.3387517 0.3593195 0.3453972 0.3342616 0.3348367 0.3895226 0.4304130 0.3746416 0.3140424 0.3468293 0.2660618 0.2547336 0.1605915 0.1118809 0.1240243 0.0624274 0.0525333 0.0000000 0.2728927 0.7123928 0.8703416 0.8675608 0.6914402 
Caeciliidae2      0.9148337 0.7641095 0.7908431 0.7948967 0.7948444 0.8561577 0.8722050 0.7811347 0.7697144 0.7646687 0.7993501 0.8148359 0.7723298 0.7333270 0.6945949 0.8237018 0.8469946 0.7678516 0.2811375 0.2999845 0.2901336 0.2915637 0.2899944 0.2950174 0.2976456 0.2957034 0.2927288 0.2950227 0.2940019 0.3079620 0.2993469 0.2930372 0.2742196 0.3426625 0.3682857 0.3254721 0.2663552 0.2868959 0.3110232 0.3426407 0.3032201 0.2591637 0.2643843 0.2566077 0.2594353 0.2728927 0.0000000 0.6909628 0.8640185 0.8471406 0.6531412 
Polypteriformes   1.2538967 1.1842395 1.1821712 1.2493917 1.1805346 1.3560924 1.1841717 1.1667728 1.1281840 1.1653405 1.1580982 1.1393086 1.1871597 1.0828625 1.0368942 1.2543115 1.2449110 1.2266732 0.6460318 0.6527962 0.6470039 0.6442838 0.6510681 0.6448702 0.6492130 0.6506890 0.6484778 0.6521178 0.6420199 0.6910717 0.6542784 0.6518833 0.6566285 0.7434714 0.7845037 0.6557959 0.6284276 0.6736885 0.7098952 0.7489600 0.7535430 0.7015758 0.7143086 0.7030316 0.6797948 0.7123928 0.6909628 0.0000000 1.0521040 0.9847356 0.9262501 
Channichthyidae   1.4750297 1.4687869 1.3961200 1.4463975 1.4022591 1.4837404 1.4239945 1.3016780 1.3391800 1.3984401 1.3878590 1.4628842 1.4326150 1.3105498 1.2853287 1.4105940 1.5162565 1.3996029 0.8115633 0.8395700 0.8275245 0.8282147 0.8355440 0.8344760 0.8497324 0.8457426 0.8382848 0.8308646 0.8511626 0.8935721 0.8794417 0.8343223 0.8299749 0.9110116 0.9432574 0.8334110 0.8290818 0.8123400 0.9355974 0.9270904 0.9492061 0.8809041 0.8929625 0.8405360 0.8185680 0.8703416 0.8640185 1.0521040 0.0000000 0.1339318 1.0710518 
Pseudaphritidae   1.5587009 1.4718886 1.4059557 1.4636876 1.4388241 1.5094679 1.4590013 1.3630007 1.4029847 1.3405830 1.3783831 1.4255580 1.3660780 1.3112050 1.2851189 1.3800069 1.5330233 1.4148988 0.7867290 0.8141170 0.8023836 0.7955891 0.8187599 0.8091118 0.8277894 0.8200969 0.8128572 0.8055473 0.8297167 0.8728977 0.8334310 0.7965811 0.7933308 0.8939639 0.9175152 0.8040440 0.8039619 0.7808332 0.8834172 0.9350791 0.9589118 0.8789452 0.8789672 0.8521414 0.8182080 0.8675608 0.8471406 0.9847356 0.1339318 0.0000000 1.0385443 
Carcharhinidae    1.2077590 1.0495644 1.1075910 1.1308286 1.1307456 1.3164937 1.1884298 1.1198140 1.1311972 1.1582002 1.1662289 1.1460891 1.0605473 1.0970750 1.0986864 1.1134782 1.0886267 1.0937474 0.6342133 0.6534707 0.6514129 0.6454342 0.6411007 0.6491770 0.6472015 0.6512799 0.6523387 0.6461029 0.6522085 0.6568753 0.6567404 0.6566587 0.6415634 0.7336757 0.7455276 0.6471430 0.6363754 0.6681124 0.6550883 0.7390323 0.7526470 0.7233731 0.7171865 0.6920795 0.6860341 0.6914402 0.6531412 0.9262501 1.0710518 1.0385443 0.0000000 
