51
Pitheciidae       0.0000000 0.2460219 0.2523304 0.2528757 0.2438929 0.2430822 0.2591739 0.2677256 0.2829971 0.3021495 0.2726048 0.2973730 0.2726337 0.2559711 0.2741095 0.4648732 0.4671188 0.5064247 1.0242290 1.0178163 0.9696180 0.9840076 0.9901060 0.9997548 0.9916056 1.0314178 1.0124722 0.9889007 1.0646083 1.1811414 1.2688779 1.2845405 1.1367709 0.9876720 1.0710733 0.9638197 1.0872377 1.0676152 1.8443488 1.6047534 2.7225210 2.6538105 2.9019920 2.3056301 2.3166333 2.4826053 1.4547456 1.3791043 1.2764404 1.2751824 1.3018442 
Scandentia        0.2460219 0.0000000 0.1890996 0.1981510 0.1860701 0.1886832 0.1953839 0.2005717 0.2046963 0.2397792 0.2152326 0.2355737 0.2063571 0.1976302 0.2218782 0.3993413 0.3938137 0.4264204 0.9506900 0.9599898 0.9162641 0.9249232 0.9436426 0.9291719 0.9214268 0.9617692 0.9469087 0.9228441 0.9990008 1.1553132 1.2086206 1.2403770 1.0497190 0.9457868 1.0183471 0.8621425 1.0004191 0.9785004 1.7514788 1.4974266 2.5913654 2.6285447 2.8647394 2.2506781 2.2307615 2.3684276 1.3504351 1.3357271 1.2142086 1.2316241 1.2241027 
Erethizontidae    0.2523304 0.1890996 0.0000000 0.0699062 0.1654323 0.1569881 0.1888568 0.2040371 0.2104730 0.2427137 0.2137148 0.2269543 0.2068312 0.1956357 0.2175258 0.3971018 0.4151542 0.4329771 0.9680798 0.9494990 0.9304278 0.9308248 0.9465285 0.9385717 0.9388232 0.9739714 0.9636622 0.9417048 1.0043620 1.1541075 1.2135277 1.2674609 1.0778634 0.9597014 1.0204957 0.8924475 1.0199268 0.9908373 1.7598998 1.4935332 2.6220015 2.6484641 2.8579090 2.2384559 2.2333488 2.3725869 1.3792169 1.2901423 1.1792364 1.1872802 1.2195642 
Capromyidae       0.2528757 0.1981510 0.0699062 0.0000000 0.1718985 0.1674214 0.2059851 0.2124404 0.2217884 0.2581653 0.2255364 0.2451310 0.2184927 0.2030391 0.2242579 0.4088606 0.4219650 0.4427469 0.9431329 0.9249828 0.9054419 0.9080578 0.9204041 0.9186115 0.9132703 0.9413233 0.9343535 0.9162617 0.9826534 1.1401952 1.2160675 1.2382930 1.0533547 0.9594900 0.9990081 0.9004102 0.9979173 0.9967747 1.7685381 1.4859813 2.5631287 2.5737803 2.8301078 2.2164048 2.2033122 2.3562850 1.3352487 1.2977861 1.1716487 1.1813976 1.2206192 
Muridae           0.2438929 0.1860701 0.1654323 0.1718985 0.0000000 0.1488737 0.1932268 0.2046961 0.2088082 0.2399823 0.2035031 0.2254202 0.2025256 0.1892316 0.2078973 0.3916587 0.3970447 0.4151937 0.9561093 0.9419694 0.8984774 0.9124159 0.9275423 0.9329207 0.9137306 0.9475286 0.9380193 0.9174356 0.9981998 1.1307803 1.1593546 1.2167920 1.0440654 0.9230851 0.9936900 0.8795387 0.9894252 0.9584669 1.7421710 1.4622474 2.5672751 2.6413760 2.9157512 2.1887124 2.2436134 2.3380918 1.3641460 1.2757503 1.1636758 1.1716645 1.2114060 
Castoridae        0.2430822 0.1886832 0.1569881 0.1674214 0.1488737 0.0000000 0.1990967 0.2073538 0.2084426 0.2441650 0.2076987 0.2390376 0.2025391 0.1909036 0.2181362 0.3984169 0.4106420 0.4335538 0.9504281 0.9438977 0.8974137 0.9077527 0.9162406 0.9188799 0.9166866 0.9346742 0.9253260 0.9176259 0.9921196 1.1029235 1.1793822 1.2138150 1.0629323 0.9342924 1.0204507 0.8897955 1.0015705 0.9800893 1.7786081 1.4692720 2.5372671 2.5776533 2.8763400 2.2419939 2.2393785 2.3847422 1.3254863 1.3065306 1.1694859 1.1729492 1.1755535 
Suidae            0.2591739 0.1953839 0.1888568 0.2059851 0.1932268 0.1990967 0.0000000 0.1308032 0.1341795 0.2004574 0.1813703 0.2006008 0.1759883 0.1567283 0.2059944 0.3999953 0.4038362 0.4291405 0.9016807 0.9078205 0.8639460 0.8697741 0.8865507 0.8981624 0.8869117 0.9069616 0.9027390 0.8887972 0.9539860 1.1033004 1.1837917 1.2361067 1.0620728 0.9284431 0.9906633 0.8686449 0.9793222 0.9837764 1.7217827 1.4446386 2.5254636 2.5548493 2.7839306 2.1368144 2.1376215 2.2782413 1.3183512 1.2730651 1.1491802 1.1592614 1.2205908 
Hippopotamidae    0.2677256 0.2005717 0.2040371 0.2124404 0.2046961 0.2073538 0.1308032 0.0000000 0.1239036 0.2083005 0.1785180 0.2071496 0.1815224 0.1626958 0.2103579 0.4068816 0.4104444 0.4371897 0.9255330 0.9249643 0.8930808 0.8872761 0.9046955 0.8989113 0.9001369 0.9269044 0.9210679 0.8984342 0.9621066 1.1216878 1.1898624 1.2140963 1.0413577 0.9357245 1.0003148 0.8723822 0.9956394 0.9631072 1.6915448 1.4566369 2.5357154 2.5796473 2.7568123 2.1366712 2.1750513 2.3474302 1.3279187 1.2469882 1.1350452 1.1338253 1.1653463 
Hyperoodontidae   0.2829971 0.2046963 0.2104730 0.2217884 0.2088082 0.2084426 0.1341795 0.1239036 0.0000000 0.2180064 0.1947957 0.2157318 0.1862298 0.1742627 0.2144299 0.4152556 0.4141230 0.4413143 0.9422544 0.9270964 0.8868232 0.8864947 0.9111608 0.9123177 0.9162981 0.9269109 0.9258591 0.9007137 0.9786005 1.1338770 1.1855681 1.2050763 1.0261411 0.9463152 0.9945969 0.8817542 1.0032638 0.9958182 1.7021794 1.4361665 2.5654661 2.5559319 2.7758161 2.1560576 2.1391290 2.3236552 1.3197590 1.2942177 1.1560700 1.1703626 1.1584842 
Vespertilionidae  0.3021495 0.2397792 0.2427137 0.2581653 0.2399823 0.2441650 0.2004574 0.2083005 0.2180064 0.0000000 0.1506005 0.1837525 0.2053213 0.1995159 0.2508451 0.4346527 0.4488522 0.4781780 0.9324205 0.9263593 0.9005050 0.8910314 0.9092365 0.9272687 0.9227401 0.9416461 0.9191196 0.9115951 0.9842804 1.1612032 1.2199710 1.2741142 1.0696947 0.9746643 1.0182080 0.9033130 1.0138648 0.9898116 1.7966320 1.4774571 2.5107058 2.6891900 2.9293187 2.1898750 2.2649040 2.3783719 1.3693176 1.3080208 1.1571777 1.1636297 1.2414486 
Furipteridae      0.2726048 0.2152326 0.2137148 0.2255364 0.2035031 0.2076987 0.1813703 0.1785180 0.1947957 0.1506005 0.0000000 0.1614262 0.1817537 0.1728035 0.2152143 0.4051726 0.4161930 0.4460262 0.9514871 0.9334891 0.9029796 0.8901091 0.9083730 0.9276782 0.9158219 0.9404655 0.9276313 0.9036724 0.9995349 1.1139880 1.1955493 1.2850845 1.0310516 0.9408409 1.0071784 0.8725004 1.0118592 0.9653273 1.7116125 1.4918176 2.5283525 2.6308305 2.8825481 2.1786036 2.1990968 2.3398174 1.3420426 1.2629919 1.1654744 1.1735020 1.1841148 
Rhinolophidae     0.2973730 0.2355737 0.2269543 0.2451310 0.2254202 0.2390376 0.2006008 0.2071496 0.2157318 0.1837525 0.1614262 0.0000000 0.2085343 0.1990951 0.2361295 0.4426794 0.4586053 0.4914037 0.9788175 0.9562888 0.9251746 0.9145045 0.9425840 0.9435396 0.9393372 0.9626864 0.9617989 0.9362772 1.0153382 1.1647521 1.2430017 1.2713754 1.0847607 0.9678787 1.0220317 0.9128238 1.0191823 0.9929454 1.7802041 1.5260566 2.5532030 2.5862087 2.8779049 2.2133497 2.2019332 2.3483027 1.3375754 1.3390553 1.1898009 1.1949846 1.2778004 
Viverridae        0.2726337 0.2063571 0.2068312 0.2184927 0.2025256 0.2025391 0.1759883 0.1815224 0.1862298 0.2053213 0.1817537 0.2085343 0.0000000 0.1081023 0.2107334 0.3923347 0.4058773 0.4371526 0.9354698 0.9192247 0.8912078 0.8899873 0.9024361 0.8999737 0.9036593 0.9248706 0.9154618 0.9034327 0.9695149 1.1184085 1.1671340 1.2216887 1.0381242 0.9246496 1.0010504 0.8857860 1.0020640 0.9869670 1.7093217 1.4471715 2.5220163 2.5342233 2.7417747 2.0895886 2.1526575 2.3267290 1.2889181 1.2497269 1.1239384 1.1405874 1.1858519 
Procyonidae       0.2559711 0.1976302 0.1956357 0.2030391 0.1892316 0.1909036 0.1567283 0.1626958 0.1742627 0.1995159 0.1728035 0.1990951 0.1081023 0.0000000 0.1943302 0.3758692 0.3948616 0.4156873 0.9250457 0.9168674 0.8868399 0.8880426 0.9002605 0.8910416 0.8879774 0.9154442 0.9097444 0.8858340 0.9658495 1.0897038 1.1764633 1.1964854 1.0242979 0.8954638 0.9827400 0.8553375 0.9799747 0.9339410 1.7254190 1.4570918 2.5328870 2.5506356 2.7611189 2.1517543 2.1384720 2.3336705 1.2896845 1.2553777 1.1129170 1.1309371 1.1605463 
Myrmecophagidae   0.2741095 0.2218782 0.2175258 0.2242579 0.2078973 0.2181362 0.2059944 0.2103579 0.2144299 0.2508451 0.2152143 0.2361295 0.2107334 0.1943302 0.0000000 0.3918347 0.3949361 0.4232558 0.9205661 0.9022522 0.8675760 0.8839413 0.8889101 0.9000803 0.8805582 0.9115238 0.9123534 0.8883116 0.9650097 1.0899609 1.1759351 1.1919307 1.0220920 0.9405370 1.0058626 0.8691145 0.9810513 0.9569064 1.7530161 1.4922686 2.5140513 2.5224544 2.7867088 2.1961623 2.1837735 2.2816533 1.2947032 1.2689800 1.1195575 1.1324715 1.1506652 
Caluromyidae      0.4648732 0.3993413 0.3971018 0.4088606 0.3916587 0.3984169 0.3999953 0.4068816 0.4152556 0.4346527 0.4051726 0.4426794 0.3923347 0.3758692 0.3918347 0.0000000 0.1673734 0.1903044 0.9348821 0.9317070 0.9101191 0.9186947 0.9405582 0.9353768 0.9317694 0.9644839 0.9499405 0.9333609 1.0040764 1.0511062 1.1380957 1.2467003 1.0414361 0.9500403 0.9781638 0.8580056 0.9913890 0.9770430 1.7137818 1.4478283 2.5258217 2.4817888 2.7092101 2.0380316 2.0141540 2.1683477 1.3522548 1.2788672 1.1157293 1.1267983 1.2334801 
Thylacomyidae     0.4671188 0.3938137 0.4151542 0.4219650 0.3970447 0.4106420 0.4038362 0.4104444 0.4141230 0.4488522 0.4161930 0.4586053 0.4058773 0.3948616 0.3949361 0.1673734 0.0000000 0.1509760 0.9569458 0.9519493 0.9173056 0.9241199 0.9256881 0.9416978 0.9305907 0.9752475 0.9540856 0.9467115 1.0085076 1.0894351 1.1554669 1.2513993 1.0456063 0.9459351 0.9860608 0.8814018 0.9855003 0.9922830 1.7185316 1.4763632 2.5621789 2.4855160 2.7339405 2.1230340 1.9889808 2.1618895 1.4028198 1.3025160 1.1429359 1.1585676 1.2487387 
Phalangeridae     0.5064247 0.4264204 0.4329771 0.4427469 0.4151937 0.4335538 0.4291405 0.4371897 0.4413143 0.4781780 0.4460262 0.4914037 0.4371526 0.4156873 0.4232558 0.1903044 0.1509760 0.0000000 0.9911140 0.9866584 0.9651609 0.9719568 0.9881553 0.9898571 0.9756543 1.0113335 0.9934449 0.9853025 1.0409416 1.1165179 1.2384716 1.2999444 1.0847600 0.9808182 1.0228348 0.9130409 1.0186650 1.0190020 1.7118164 1.4719721 2.5282610 2.4336124 2.7231650 2.1290584 2.0246680 2.1860040 1.4152660 1.3026857 1.1360576 1.1389459 1.2528487 
Tityridae         1.0242290 0.9506900 0.9680798 0.9431329 0.9561093 0.9504281 0.9016807 0.9255330 0.9422544 0.9324205 0.9514871 0.9788175 0.9354698 0.9250457 0.9205661 0.9348821 0.9569458 0.9911140 0.0000000 0.1546157 0.1373204 0.1452092 0.1517750 0.1543827 0.1492477 0.1639296 0.1575435 0.1610062 0.2588574 0.6839295 0.7713375 0.8388803 0.8610754 0.7710961 0.7868076 0.6747880 0.8195649 0.7418087 1.7958245 1.4348888 2.3600889 2.4802153 2.7664876 2.2258761 2.2578218 2.3408766 1.4061050 1.2864293 1.2530289 1.2739388 1.2639419 
Ptilonorhynchidae 1.0178163 0.9599898 0.9494990 0.9249828 0.9419694 0.9438977 0.9078205 0.9249643 0.9270964 0.9263593 0.9334891 0.9562888 0.9192247 0.9168674 0.9022522 0.9317070 0.9519493 0.9866584 0.1546157 0.0000000 0.0889719 0.0909364 0.1004603 0.1048095 0.1026158 0.1134265 0.1040332 0.1107600 0.2305783 0.6408084 0.7248948 0.8096844 0.8429533 0.7875110 0.8031503 0.6683525 0.8053272 0.7488507 1.7625715 1.4403577 2.3465601 2.5066767 2.7881833 2.2982631 2.2556541 2.2682077 1.3821805 1.2109125 1.1896741 1.2183681 1.2156703 
Callaeatidae      0.9696180 0.9162641 0.9304278 0.9054419 0.8984774 0.8974137 0.8639460 0.8930808 0.8868232 0.9005050 0.9029796 0.9251746 0.8912078 0.8868399 0.8675760 0.9101191 0.9173056 0.9651609 0.1373204 0.0889719 0.0000000 0.0446129 0.0534053 0.0582294 0.0567240 0.0667051 0.0576685 0.0656788 0.2144735 0.6402004 0.7140101 0.7950294 0.8196993 0.7580668 0.7810766 0.6444034 0.7978009 0.7219791 1.7261392 1.4190773 2.2841183 2.4664822 2.7164059 2.2205627 2.2062376 2.2240439 1.3558299 1.1940970 1.1649149 1.1874851 1.1877607 
Monarchidae       0.9840076 0.9249232 0.9308248 0.9080578 0.9124159 0.9077527 0.8697741 0.8872761 0.8864947 0.8910314 0.8901091 0.9145045 0.8899873 0.8880426 0.8839413 0.9186947 0.9241199 0.9719568 0.1452092 0.0909364 0.0446129 0.0000000 0.0469275 0.0647880 0.0623179 0.0714415 0.0642068 0.0694631 0.2214574 0.6395081 0.7235538 0.8043092 0.8287208 0.7610891 0.7896795 0.6405746 0.7932069 0.7329030 1.7283687 1.4174318 2.3319012 2.4774942 2.7152565 2.2380542 2.1774419 2.2262455 1.3396254 1.2061890 1.1682325 1.1854525 1.1727532 
Malaconotidae     0.9901060 0.9436426 0.9465285 0.9204041 0.9275423 0.9162406 0.8865507 0.9046955 0.9111608 0.9092365 0.9083730 0.9425840 0.9024361 0.9002605 0.8889101 0.9405582 0.9256881 0.9881553 0.1517750 0.1004603 0.0534053 0.0469275 0.0000000 0.0720025 0.0704396 0.0820988 0.0737752 0.0767262 0.2227995 0.6498295 0.7352829 0.8218368 0.8288684 0.7507349 0.7901156 0.6521249 0.8057783 0.7329729 1.7562065 1.4218467 2.3704384 2.5058512 2.7628488 2.2353467 2.1997350 2.2177645 1.3633825 1.2154409 1.1546399 1.1783091 1.2171819 
Certhiidae        0.9997548 0.9291719 0.9385717 0.9186115 0.9329207 0.9188799 0.8981624 0.8989113 0.9123177 0.9272687 0.9276782 0.9435396 0.8999737 0.8910416 0.9000803 0.9353768 0.9416978 0.9898571 0.1543827 0.1048095 0.0582294 0.0647880 0.0720025 0.0000000 0.0601083 0.0692079 0.0657414 0.0700177 0.2335463 0.6496895 0.7216487 0.8051666 0.8397876 0.7841615 0.8158935 0.6567167 0.8032526 0.7318596 1.7620657 1.4231762 2.3276369 2.5234714 2.7667077 2.3230785 2.2282609 2.2912671 1.3596994 1.2109683 1.1678600 1.1945451 1.2003501 
Cinclidae         0.9916056 0.9214268 0.9388232 0.9132703 0.9137306 0.9166866 0.8869117 0.9001369 0.9162981 0.9227401 0.9158219 0.9393372 0.9036593 0.8879774 0.8805582 0.9317694 0.9305907 0.9756543 0.1492477 0.1026158 0.0567240 0.0623179 0.0704396 0.0601083 0.0000000 0.0700183 0.0628010 0.0680405 0.2294480 0.6351999 0.7370716 0.8048293 0.8331543 0.7703508 0.8095706 0.6482068 0.7837031 0.7358338 1.7293663 1.3980695 2.3542019 2.4840241 2.7468587 2.2387972 2.1864224 2.2769221 1.3707846 1.2220292 1.1773603 1.2041073 1.2268346 
Ploceidae         1.0314178 0.9617692 0.9739714 0.9413233 0.9475286 0.9346742 0.9069616 0.9269044 0.9269109 0.9416461 0.9404655 0.9626864 0.9248706 0.9154442 0.9115238 0.9644839 0.9752475 1.0113335 0.1639296 0.1134265 0.0667051 0.0714415 0.0820988 0.0692079 0.0700183 0.0000000 0.0475320 0.0786976 0.2447191 0.6507803 0.7336956 0.8266771 0.8350777 0.7867521 0.8073768 0.6628189 0.8117261 0.7407635 1.7795890 1.4235199 2.3143129 2.5141631 2.8074345 2.3060442 2.2518859 2.2800477 1.3693129 1.2262367 1.1956760 1.2142431 1.2123229 
Thraupidae        1.0124722 0.9469087 0.9636622 0.9343535 0.9380193 0.9253260 0.9027390 0.9210679 0.9258591 0.9191196 0.9276313 0.9617989 0.9154618 0.9097444 0.9123534 0.9499405 0.9540856 0.9934449 0.1575435 0.1040332 0.0576685 0.0642068 0.0737752 0.0657414 0.0628010 0.0475320 0.0000000 0.0727344 0.2299517 0.6466512 0.7265955 0.8219357 0.8604206 0.7893519 0.8165889 0.6674699 0.8083732 0.7402577 1.7683955 1.4260985 2.3152507 2.4717943 2.7277185 2.2592998 2.2712122 2.3144661 1.3485983 1.2110317 1.1802328 1.2041407 1.2189773 
Alaudidae         0.9889007 0.9228441 0.9417048 0.9162617 0.9174356 0.9176259 0.8887972 0.8984342 0.9007137 0.9115951 0.9036724 0.9362772 0.9034327 0.8858340 0.8883116 0.9333609 0.9467115 0.9853025 0.1610062 0.1107600 0.0656788 0.0694631 0.0767262 0.0700177 0.0680405 0.0786976 0.0727344 0.0000000 0.2356368 0.6474143 0.7307918 0.8233275 0.8522247 0.7779494 0.8016274 0.6661939 0.8143952 0.7466180 1.8024645 1.4481738 2.3731933 2.4851637 2.7684301 2.2849777 2.2464507 2.2749659 1.3659284 1.2319425 1.1862568 1.2021575 1.2164161 
Coraciiformes     1.0646083 0.9990008 1.0043620 0.9826534 0.9981998 0.9921196 0.9539860 0.9621066 0.9786005 0.9842804 0.9995349 1.0153382 0.9695149 0.9658495 0.9650097 1.0040764 1.0085076 1.0409416 0.2588574 0.2305783 0.2144735 0.2214574 0.2227995 0.2335463 0.2294480 0.2447191 0.2299517 0.2356368 0.0000000 0.6915486 0.8319479 0.9043661 0.8901183 0.8292530 0.8608193 0.7174021 0.8558360 0.8042525 1.8505135 1.5077983 2.4238041 2.5039725 2.8165052 2.3041403 2.3308598 2.3514710 1.4319715 1.2784388 1.3057447 1.3054449 1.3010377 
Crocodylidae      1.1811414 1.1553132 1.1541075 1.1401952 1.1307803 1.1029235 1.1033004 1.1216878 1.1338770 1.1612032 1.1139880 1.1647521 1.1184085 1.0897038 1.0899609 1.0511062 1.0894351 1.1165179 0.6839295 0.6408084 0.6402004 0.6395081 0.6498295 0.6496895 0.6351999 0.6507803 0.6466512 0.6474143 0.6915486 0.0000000 0.9051415 1.0016901 0.9720213 0.9837934 1.0316842 0.8664849 1.0087054 0.9544466 1.9753673 1.5668909 2.6129209 2.5735156 2.6732577 2.4940054 2.5084038 2.5231089 1.5078130 1.4300817 1.4212763 1.4325516 1.4142278 
Carettochelyidae  1.2688779 1.2086206 1.2135277 1.2160675 1.1593546 1.1793822 1.1837917 1.1898624 1.1855681 1.2199710 1.1955493 1.2430017 1.1671340 1.1764633 1.1759351 1.1380957 1.1554669 1.2384716 0.7713375 0.7248948 0.7140101 0.7235538 0.7352829 0.7216487 0.7370716 0.7336956 0.7265955 0.7307918 0.8319479 0.9051415 0.0000000 0.7915017 1.0273870 0.9875838 1.0181106 0.9012985 1.0354134 1.0194698 1.9623943 1.6888402 2.6030616 2.6886342 2.8572907 2.5555641 2.3827509 2.6763197 1.5540556 1.4235931 1.4977741 1.5073834 1.4610552 
Kinosternidae     1.2845405 1.2403770 1.2674609 1.2382930 1.2167920 1.2138150 1.2361067 1.2140963 1.2050763 1.2741142 1.2850845 1.2713754 1.2216887 1.1964854 1.1919307 1.2467003 1.2513993 1.2999444 0.8388803 0.8096844 0.7950294 0.8043092 0.8218368 0.8051666 0.8048293 0.8266771 0.8219357 0.8233275 0.9043661 1.0016901 0.7915017 0.0000000 1.1264157 1.0272010 1.0650332 0.9548625 1.1353636 1.0135347 1.9821155 1.6887138 2.8160297 2.7007146 2.8911776 2.5378241 2.4532234 2.6701542 1.6674732 1.4908239 1.4901367 1.5103246 1.4989673 
Anomalepididae    1.1367709 1.0497190 1.0778634 1.0533547 1.0440654 1.0629323 1.0620728 1.0413577 1.0261411 1.0696947 1.0310516 1.0847607 1.0381242 1.0242979 1.0220920 1.0414361 1.0456063 1.0847600 0.8610754 0.8429533 0.8196993 0.8287208 0.8288684 0.8397876 0.8331543 0.8350777 0.8604206 0.8522247 0.8901183 0.9720213 1.0273870 1.1264157 0.0000000 0.4914382 0.5102243 0.4318184 0.6239458 0.5864247 1.8233518 1.4903903 2.4903905 2.2630263 2.5949612 2.2566405 2.1719074 2.3411493 1.4465847 1.3194873 1.2957248 1.3003188 1.3326310 
Loxocemidae       0.9876720 0.9457868 0.9597014 0.9594900 0.9230851 0.9342924 0.9284431 0.9357245 0.9463152 0.9746643 0.9408409 0.9678787 0.9246496 0.8954638 0.9405370 0.9500403 0.9459351 0.9808182 0.7710961 0.7875110 0.7580668 0.7610891 0.7507349 0.7841615 0.7703508 0.7867521 0.7893519 0.7779494 0.8292530 0.9837934 0.9875838 1.0272010 0.4914382 0.0000000 0.2914289 0.3457321 0.5313887 0.4954520 1.7813681 1.4525770 2.4970815 2.4150265 2.6711130 2.1647241 2.2153691 2.3540188 1.2941538 1.3001616 1.1805922 1.2035602 1.2119602 
Natricidae        1.0710733 1.0183471 1.0204957 0.9990081 0.9936900 1.0204507 0.9906633 1.0003148 0.9945969 1.0182080 1.0071784 1.0220317 1.0010504 0.9827400 1.0058626 0.9781638 0.9860608 1.0228348 0.7868076 0.8031503 0.7810766 0.7896795 0.7901156 0.8158935 0.8095706 0.8073768 0.8165889 0.8016274 0.8608193 1.0316842 1.0181106 1.0650332 0.5102243 0.2914289 0.0000000 0.3688885 0.5463442 0.5150449 1.8569162 1.4285869 2.4963156 2.3879738 2.6217584 2.2100490 2.2358193 2.3293279 1.3709098 1.3153258 1.2204645 1.2327399 1.2790835 
Xenosauridae      0.9638197 0.8621425 0.8924475 0.9004102 0.8795387 0.8897955 0.8686449 0.8723822 0.8817542 0.9033130 0.8725004 0.9128238 0.8857860 0.8553375 0.8691145 0.8580056 0.8814018 0.9130409 0.6747880 0.6683525 0.6444034 0.6405746 0.6521249 0.6567167 0.6482068 0.6628189 0.6674699 0.6661939 0.7174021 0.8664849 0.9012985 0.9548625 0.4318184 0.3457321 0.3688885 0.0000000 0.4500829 0.4121316 1.7233219 1.3232331 2.3454914 2.2888436 2.5411004 2.1114218 2.0396420 2.1840698 1.2675717 1.1865594 1.1803872 1.1944928 1.1544202 
Teiidae           1.0872377 1.0004191 1.0199268 0.9979173 0.9894252 1.0015705 0.9793222 0.9956394 1.0032638 1.0138648 1.0118592 1.0191823 1.0020640 0.9799747 0.9810513 0.9913890 0.9855003 1.0186650 0.8195649 0.8053272 0.7978009 0.7932069 0.8057783 0.8032526 0.7837031 0.8117261 0.8083732 0.8143952 0.8558360 1.0087054 1.0354134 1.1353636 0.6239458 0.5313887 0.5463442 0.4500829 0.0000000 0.5399920 1.8511886 1.4609820 2.4227200 2.3775206 2.6200592 2.2556693 2.1284274 2.3553871 1.3667434 1.3505642 1.2279263 1.2401063 1.2098423 
Eublepharidae     1.0676152 0.9785004 0.9908373 0.9967747 0.9584669 0.9800893 0.9837764 0.9631072 0.9958182 0.9898116 0.9653273 0.9929454 0.9869670 0.9339410 0.9569064 0.9770430 0.9922830 1.0190020 0.7418087 0.7488507 0.7219791 0.7329030 0.7329729 0.7318596 0.7358338 0.7407635 0.7402577 0.7466180 0.8042525 0.9544466 1.0194698 1.0135347 0.5864247 0.4954520 0.5150449 0.4121316 0.5399920 0.0000000 1.7788898 1.4536500 2.4503612 2.3481169 2.6432783 2.1380478 2.1901032 2.1609865 1.3834397 1.3003675 1.2408123 1.2352261 1.2216517 
Dicamptodontidae  1.8443488 1.7514788 1.7598998 1.7685381 1.7421710 1.7786081 1.7217827 1.6915448 1.7021794 1.7966320 1.7116125 1.7802041 1.7093217 1.7254190 1.7530161 1.7137818 1.7185316 1.7118164 1.7958245 1.7625715 1.7261392 1.7283687 1.7562065 1.7620657 1.7293663 1.7795890 1.7683955 1.8024645 1.8505135 1.9753673 1.9623943 1.9821155 1.8233518 1.7813681 1.8569162 1.7233219 1.8511886 1.7788898 0.0000000 1.5126792 2.4585593 2.4998317 2.6111214 2.2383131 2.0660998 2.4088734 1.7344651 2.0480607 1.8421943 1.8988874 2.0112728 
Alytidae          1.6047534 1.4974266 1.4935332 1.4859813 1.4622474 1.4692720 1.4446386 1.4566369 1.4361665 1.4774571 1.4918176 1.5260566 1.4471715 1.4570918 1.4922686 1.4478283 1.4763632 1.4719721 1.4348888 1.4403577 1.4190773 1.4174318 1.4218467 1.4231762 1.3980695 1.4235199 1.4260985 1.4481738 1.5077983 1.5668909 1.6888402 1.6887138 1.4903903 1.4525770 1.4285869 1.3232331 1.4609820 1.4536500 1.5126792 0.0000000 1.8662339 1.9223219 2.0067009 1.7866761 1.7326876 1.8364262 1.2885285 1.6511978 1.5436048 1.5586825 1.6035791 
Heleophrynidae    2.7225210 2.5913654 2.6220015 2.5631287 2.5672751 2.5372671 2.5254636 2.5357154 2.5654661 2.5107058 2.5283525 2.5532030 2.5220163 2.5328870 2.5140513 2.5258217 2.5621789 2.5282610 2.3600889 2.3465601 2.2841183 2.3319012 2.3704384 2.3276369 2.3542019 2.3143129 2.3152507 2.3731933 2.4238041 2.6129209 2.6030616 2.8160297 2.4903905 2.4970815 2.4963156 2.3454914 2.4227200 2.4503612 2.4585593 1.8662339 0.0000000 2.4192121 2.5986496 2.0349271 2.0699860 2.3104578 2.4691063 2.6055185 2.5704629 2.5523252 2.7094554 
Leptodactylidae   2.6538105 2.6285447 2.6484641 2.5737803 2.6413760 2.5776533 2.5548493 2.5796473 2.5559319 2.6891900 2.6308305 2.5862087 2.5342233 2.5506356 2.5224544 2.4817888 2.4855160 2.4336124 2.4802153 2.5066767 2.4664822 2.4774942 2.5058512 2.5234714 2.4840241 2.5141631 2.4717943 2.4851637 2.5039725 2.5735156 2.6886342 2.7007146 2.2630263 2.4150265 2.3879738 2.2888436 2.3775206 2.3481169 2.4998317 1.9223219 2.4192121 0.0000000 1.0891798 1.9688523 1.9073598 2.0346698 2.2421538 2.6128026 2.4269227 2.4594593 2.6391531 
Strabomantidae    2.9019920 2.8647394 2.8579090 2.8301078 2.9157512 2.8763400 2.7839306 2.7568123 2.7758161 2.9293187 2.8825481 2.8779049 2.7417747 2.7611189 2.7867088 2.7092101 2.7339405 2.7231650 2.7664876 2.7881833 2.7164059 2.7152565 2.7628488 2.7667077 2.7468587 2.8074345 2.7277185 2.7684301 2.8165052 2.6732577 2.8572907 2.8911776 2.5949612 2.6711130 2.6217584 2.5411004 2.6200592 2.6432783 2.6111214 2.0067009 2.5986496 1.0891798 0.0000000 2.3350064 2.2277521 2.3346077 2.3991759 2.7583448 2.5402657 2.5767920 2.7542476 
Micrixalidae      2.3056301 2.2506781 2.2384559 2.2164048 2.1887124 2.2419939 2.1368144 2.1366712 2.1560576 2.1898750 2.1786036 2.2133497 2.0895886 2.1517543 2.1961623 2.0380316 2.1230340 2.1290584 2.2258761 2.2982631 2.2205627 2.2380542 2.2353467 2.3230785 2.2387972 2.3060442 2.2592998 2.2849777 2.3041403 2.4940054 2.5555641 2.5378241 2.2566405 2.1647241 2.2100490 2.1114218 2.2556693 2.1380478 2.2383131 1.7866761 2.0349271 1.9688523 2.3350064 0.0000000 1.3278359 1.5170003 2.2281921 2.4671535 2.3260318 2.3159272 2.4583313 
Hemisotidae       2.3166333 2.2307615 2.2333488 2.2033122 2.2436134 2.2393785 2.1376215 2.1750513 2.1391290 2.2649040 2.1990968 2.2019332 2.1526575 2.1384720 2.1837735 2.0141540 1.9889808 2.0246680 2.2578218 2.2556541 2.2062376 2.1774419 2.1997350 2.2282609 2.1864224 2.2518859 2.2712122 2.2464507 2.3308598 2.5084038 2.3827509 2.4532234 2.1719074 2.2153691 2.2358193 2.0396420 2.1284274 2.1901032 2.0660998 1.7326876 2.0699860 1.9073598 2.2277521 1.3278359 0.0000000 1.4006224 2.1406704 2.3626218 2.2097952 2.2438486 2.2053840 
Asterophryidae    2.4826053 2.3684276 2.3725869 2.3562850 2.3380918 2.3847422 2.2782413 2.3474302 2.3236552 2.3783719 2.3398174 2.3483027 2.3267290 2.3336705 2.2816533 2.1683477 2.1618895 2.1860040 2.3408766 2.2682077 2.2240439 2.2262455 2.2177645 2.2912671 2.2769221 2.2800477 2.3144661 2.2749659 2.3514710 2.5231089 2.6763197 2.6701542 2.3411493 2.3540188 2.3293279 2.1840698 2.3553871 2.1609865 2.4088734 1.8364262 2.3104578 2.0346698 2.3346077 1.5170003 1.4006224 0.0000000 2.2582422 2.4919283 2.3847626 2.4084060 2.4287199 
Caeciliidae2      1.4547456 1.3504351 1.3792169 1.3352487 1.3641460 1.3254863 1.3183512 1.3279187 1.3197590 1.3693176 1.3420426 1.3375754 1.2889181 1.2896845 1.2947032 1.3522548 1.4028198 1.4152660 1.4061050 1.3821805 1.3558299 1.3396254 1.3633825 1.3596994 1.3707846 1.3693129 1.3485983 1.3659284 1.4319715 1.5078130 1.5540556 1.6674732 1.4465847 1.2941538 1.3709098 1.2675717 1.3667434 1.3834397 1.7344651 1.2885285 2.4691063 2.2421538 2.3991759 2.2281921 2.1406704 2.2582422 0.0000000 1.4308339 1.4313308 1.4555451 1.4266519 
Polypteriformes   1.3791043 1.3357271 1.2901423 1.2977861 1.2757503 1.3065306 1.2730651 1.2469882 1.2942177 1.3080208 1.2629919 1.3390553 1.2497269 1.2553777 1.2689800 1.2788672 1.3025160 1.3026857 1.2864293 1.2109125 1.1940970 1.2061890 1.2154409 1.2109683 1.2220292 1.2262367 1.2110317 1.2319425 1.2784388 1.4300817 1.4235931 1.4908239 1.3194873 1.3001616 1.3153258 1.1865594 1.3505642 1.3003675 2.0480607 1.6511978 2.6055185 2.6128026 2.7583448 2.4671535 2.3626218 2.4919283 1.4308339 0.0000000 0.7866016 0.8217402 0.9350070 
Channichthyidae   1.2764404 1.2142086 1.1792364 1.1716487 1.1636758 1.1694859 1.1491802 1.1350452 1.1560700 1.1571777 1.1654744 1.1898009 1.1239384 1.1129170 1.1195575 1.1157293 1.1429359 1.1360576 1.2530289 1.1896741 1.1649149 1.1682325 1.1546399 1.1678600 1.1773603 1.1956760 1.1802328 1.1862568 1.3057447 1.4212763 1.4977741 1.4901367 1.2957248 1.1805922 1.2204645 1.1803872 1.2279263 1.2408123 1.8421943 1.5436048 2.5704629 2.4269227 2.5402657 2.3260318 2.2097952 2.3847626 1.4313308 0.7866016 0.0000000 0.0605031 0.9366773 
Pseudaphritidae   1.2751824 1.2316241 1.1872802 1.1813976 1.1716645 1.1729492 1.1592614 1.1338253 1.1703626 1.1636297 1.1735020 1.1949846 1.1405874 1.1309371 1.1324715 1.1267983 1.1585676 1.1389459 1.2739388 1.2183681 1.1874851 1.1854525 1.1783091 1.1945451 1.2041073 1.2142431 1.2041407 1.2021575 1.3054449 1.4325516 1.5073834 1.5103246 1.3003188 1.2035602 1.2327399 1.1944928 1.2401063 1.2352261 1.8988874 1.5586825 2.5523252 2.4594593 2.5767920 2.3159272 2.2438486 2.4084060 1.4555451 0.8217402 0.0605031 0.0000000 0.9378587 
Carcharhinidae    1.3018442 1.2241027 1.2195642 1.2206192 1.2114060 1.1755535 1.2205908 1.1653463 1.1584842 1.2414486 1.1841148 1.2778004 1.1858519 1.1605463 1.1506652 1.2334801 1.2487387 1.2528487 1.2639419 1.2156703 1.1877607 1.1727532 1.2171819 1.2003501 1.2268346 1.2123229 1.2189773 1.2164161 1.3010377 1.4142278 1.4610552 1.4989673 1.3326310 1.2119602 1.2790835 1.1544202 1.2098423 1.2216517 2.0112728 1.6035791 2.7094554 2.6391531 2.7542476 2.4583313 2.2053840 2.4287199 1.4266519 0.9350070 0.9366773 0.9378587 0.0000000 
