51
Pitheciidae       0.0000000 0.2561246 0.2549935 0.2513157 0.2788215 0.2355770 0.1931215 0.1688080 0.1696988 0.1718476 0.1835114 0.1991263 0.2146477 0.2131075 0.2553497 0.5214478 0.4904829 0.4810434 1.8786273 1.7433252 1.9536052 1.7763309 1.7137968 1.7823721 1.8478156 1.7628954 1.7010646 1.7398954 1.9862164 1.6793468 2.3196654 1.4997023 0.9471003 0.8909020 0.9445521 1.0567774 0.9018956 1.1206195 1.0400203 1.0844997 1.1131491 1.1022510 1.0716017 1.1747685 1.1615015 1.1564682 0.8459991 1.6943716 1.8833772 1.8971326 2.1979679 
Scandentia        0.2561246 0.0000000 0.3081357 0.2851426 0.3379203 0.2764250 0.2302354 0.2192698 0.2178116 0.2298428 0.2265438 0.2445147 0.2834721 0.2643362 0.2808935 0.5591024 0.5367683 0.5327398 1.9117394 1.7571766 1.9908338 1.8651617 1.7933296 1.8570096 1.9355401 1.8301931 1.7818907 1.8415399 2.0732491 1.8474822 2.4759845 1.5896933 0.9971430 0.9484648 1.0059510 1.0965802 0.9630147 1.1617661 1.1453089 1.1574817 1.1697746 1.2215059 1.2012921 1.2728000 1.2461185 1.2496069 0.9612007 1.8634301 2.0277734 2.0677341 2.2940770 
Erethizontidae    0.2549935 0.3081357 0.0000000 0.1363860 0.3133204 0.2726811 0.2356168 0.2077491 0.2011218 0.1979194 0.2053261 0.2312821 0.2530842 0.2471991 0.2822814 0.5776187 0.5319537 0.5364524 1.9269396 1.7619456 1.9915884 1.8477888 1.7542878 1.8213199 1.9083089 1.8007755 1.7843913 1.7992659 2.0509671 1.8098332 2.4282747 1.5779145 0.9643129 0.9764142 0.9960924 1.1347917 0.9454426 1.1569375 1.0685977 1.1498853 1.1697642 1.1801823 1.1674639 1.2458313 1.2405898 1.2006639 0.9235962 1.7448384 1.9582878 2.0210324 2.1796627 
Capromyidae       0.2513157 0.2851426 0.1363860 0.0000000 0.2967219 0.2686617 0.2115467 0.1962252 0.1838594 0.1950609 0.1989046 0.2173737 0.2461654 0.2390125 0.2719636 0.5559505 0.5176467 0.5258248 1.8919769 1.7090660 1.8349967 1.7295732 1.7110807 1.7361785 1.8128152 1.7055676 1.6566545 1.6911671 1.9928746 1.8156915 2.4375137 1.5719679 0.9520360 0.9770462 1.0079181 1.1049532 0.9563304 1.1566273 1.0327178 1.1655615 1.1472193 1.2232505 1.1946469 1.2166455 1.2193727 1.2076012 0.9444061 1.7160110 2.0804765 2.0625403 2.2209412 
Muridae           0.2788215 0.3379203 0.3133204 0.2967219 0.0000000 0.2715620 0.2554755 0.2382189 0.2317966 0.2496970 0.2476147 0.2624969 0.2842832 0.2762337 0.3209432 0.5853831 0.5388326 0.5369254 2.1370287 1.9325224 2.0834501 1.9500353 1.9053020 2.0026535 2.1094611 1.9563260 1.8999193 1.9134053 2.2312039 1.8963271 2.5244060 1.6927252 1.0521433 1.0231765 1.0873653 1.1344223 0.9838708 1.1880441 1.1449198 1.1748123 1.1968219 1.2260019 1.1786953 1.2748144 1.2149900 1.2767570 0.9443928 1.8414838 2.0577867 2.1004293 2.1550364 
Castoridae        0.2355770 0.2764250 0.2726811 0.2686617 0.2715620 0.0000000 0.2185811 0.2037560 0.1963202 0.2022204 0.2008920 0.2212455 0.2432384 0.2306571 0.2810294 0.5716232 0.5257963 0.5308397 1.9355573 1.7903073 1.9761775 1.8920299 1.7837543 1.8905913 1.9821560 1.8620119 1.8267604 1.8636341 2.0470088 1.8313860 2.4212335 1.5987199 0.9845246 0.9495921 1.0132194 1.0925984 0.9334873 1.1438031 1.1791185 1.1912926 1.1273136 1.1679310 1.1485768 1.2697200 1.2928737 1.2987082 0.9992568 1.7671221 1.9557946 2.0353986 2.1612499 
Suidae            0.1931215 0.2302354 0.2356168 0.2115467 0.2554755 0.2185811 0.0000000 0.0926431 0.0869138 0.1221018 0.1233367 0.1300517 0.1702788 0.1589774 0.2172849 0.4839657 0.4566192 0.4586141 1.8287006 1.6475821 1.8016596 1.6937041 1.6554515 1.7125251 1.7940710 1.6723071 1.6397801 1.6933619 1.9144918 1.7057727 2.2861330 1.5388584 0.8981964 0.8945901 0.9282937 0.9828003 0.8639860 1.0408010 1.0358607 1.0983840 1.1044648 1.1049882 1.0718909 1.1587924 1.1238084 1.1584256 0.8698473 1.6968362 1.9714665 1.9699798 2.1558724 
Hippopotamidae    0.1688080 0.2192698 0.2077491 0.1962252 0.2382189 0.2037560 0.0926431 0.0000000 0.0461703 0.0996300 0.1048967 0.1176074 0.1524313 0.1392640 0.1855064 0.4654487 0.4261057 0.4310435 1.8174098 1.6658123 1.8266316 1.7446550 1.6759504 1.7471362 1.8185963 1.7001134 1.6462385 1.6959975 1.8864165 1.6871045 2.2333318 1.4834129 0.8805476 0.8749215 0.9055220 0.9605714 0.8610428 0.9931243 1.0081761 1.0255649 1.0567741 1.0800366 1.0428021 1.1231281 1.0797687 1.1223037 0.8328105 1.6373528 1.8839163 1.9101338 2.0530078 
Hyperoodontidae   0.1696988 0.2178116 0.2011218 0.1838594 0.2317966 0.1963202 0.0869138 0.0461703 0.0000000 0.0938843 0.0950358 0.1096963 0.1453459 0.1322060 0.1814429 0.4605206 0.4249648 0.4356191 1.8313808 1.6749950 1.8258424 1.7035111 1.6618006 1.7352500 1.8092266 1.7017386 1.6277195 1.6703634 1.8911789 1.6652911 2.3237435 1.5126921 0.8905026 0.8729467 0.9015686 0.9771931 0.8473101 1.0037391 1.0133432 1.0501617 1.0661382 1.0836691 1.0589927 1.1548412 1.0906789 1.1260549 0.8402361 1.6575354 1.9190402 1.9664619 2.0981433 
Vespertilionidae  0.1718476 0.2298428 0.1979194 0.1950609 0.2496970 0.2022204 0.1221018 0.0996300 0.0938843 0.0000000 0.0557567 0.0774048 0.1515820 0.1405831 0.1908175 0.4703960 0.4389104 0.4443347 1.8665257 1.7098372 1.8720043 1.7332358 1.7060433 1.7395810 1.8411193 1.7330188 1.6758865 1.7079075 1.9375022 1.6591042 2.3274268 1.4799764 0.9114734 0.8804975 0.9197599 1.0178420 0.8727320 1.0031261 1.0129294 1.0597441 1.0718576 1.1025263 1.0698471 1.1540425 1.1347972 1.1133666 0.8600803 1.6640369 1.9449178 1.9581857 2.0941632 
Furipteridae      0.1835114 0.2265438 0.2053261 0.1989046 0.2476147 0.2008920 0.1233367 0.1048967 0.0950358 0.0557567 0.0000000 0.0775032 0.1462972 0.1418857 0.2003450 0.4658546 0.4350913 0.4420451 1.8185732 1.6791216 1.8502082 1.7283574 1.6967805 1.7720083 1.8319005 1.7227683 1.6752281 1.7249935 1.9222745 1.6389496 2.3158332 1.4536591 0.8910740 0.8625106 0.9054460 0.9960706 0.8503881 0.9997678 1.0051261 1.0668305 1.0895486 1.1175041 1.0770895 1.1776868 1.1455871 1.1153081 0.8660545 1.6454400 1.9390170 1.9715083 2.0912049 
Rhinolophidae     0.1991263 0.2445147 0.2312821 0.2173737 0.2624969 0.2212455 0.1300517 0.1176074 0.1096963 0.0774048 0.0775032 0.0000000 0.1577516 0.1508029 0.2162113 0.4853646 0.4632572 0.4716667 1.8335163 1.6993387 1.8735310 1.7873847 1.7011126 1.7676947 1.8143030 1.7103286 1.6869738 1.7168013 1.9402059 1.6986859 2.3967490 1.5226461 0.9073548 0.8631309 0.9154422 1.0074543 0.8633678 1.0039385 1.0417713 1.0907992 1.1037391 1.0944877 1.0668367 1.2009600 1.1580112 1.1441160 0.8529086 1.6832237 1.9861047 2.0121059 2.1055836 
Viverridae        0.2146477 0.2834721 0.2530842 0.2461654 0.2842832 0.2432384 0.1702788 0.1524313 0.1453459 0.1515820 0.1462972 0.1577516 0.0000000 0.1029585 0.2365363 0.5028527 0.4524508 0.4703288 1.8749988 1.8186174 1.9520634 1.8770940 1.7737012 1.8610424 1.9281341 1.8325878 1.7926588 1.8512879 2.0509094 1.7674531 2.4285091 1.5659336 0.9571405 0.9323920 0.9435637 1.0783656 0.9092513 1.0615526 1.0750528 1.1241307 1.1165510 1.1405215 1.1023136 1.2208614 1.1788583 1.1719590 0.8950457 1.7847834 2.0074719 2.0228905 2.1162873 
Procyonidae       0.2131075 0.2643362 0.2471991 0.2390125 0.2762337 0.2306571 0.1589774 0.1392640 0.1322060 0.1405831 0.1418857 0.1508029 0.1029585 0.0000000 0.2214364 0.5404379 0.4737517 0.4761602 1.8026654 1.7409113 1.8767519 1.7503093 1.7124788 1.7529262 1.8462932 1.7349024 1.7265253 1.7365008 2.0082031 1.7402266 2.3913770 1.5388122 0.9599765 0.9365173 0.9579370 1.0655491 0.9158402 1.0806073 1.0491757 1.1288697 1.1237368 1.1669629 1.1310706 1.1758769 1.1444027 1.1550197 0.8924745 1.7517615 2.0009053 2.0220993 2.1219166 
Myrmecophagidae   0.2553497 0.2808935 0.2822814 0.2719636 0.3209432 0.2810294 0.2172849 0.1855064 0.1814429 0.1908175 0.2003450 0.2162113 0.2365363 0.2214364 0.0000000 0.5048898 0.4738653 0.4846174 1.8210313 1.7175507 1.8770935 1.7132397 1.7003685 1.8120924 1.8409261 1.7542075 1.7117441 1.7100320 1.9480459 1.7005091 2.3923638 1.5969780 0.9465510 0.9123375 0.9453900 1.0180306 0.8983758 1.0339429 1.0371128 1.0766270 1.1287695 1.1178328 1.1127252 1.1790753 1.1473475 1.1453856 0.8914619 1.7270222 1.9244802 1.9227671 2.1037118 
Caluromyidae      0.5214478 0.5591024 0.5776187 0.5559505 0.5853831 0.5716232 0.4839657 0.4654487 0.4605206 0.4703960 0.4658546 0.4853646 0.5028527 0.5404379 0.5048898 0.0000000 0.2618383 0.2746491 2.0900788 1.8713192 1.9195702 1.9255141 1.8817361 1.9642229 1.9679318 1.8018099 1.8170218 1.9059962 2.1355079 1.8056006 2.2256639 1.7545191 1.0054604 1.0365594 1.0446923 1.1906418 1.0406718 1.1991144 1.0964536 1.1848546 1.2843600 1.2388550 1.1724367 1.2917294 1.3131347 1.2924882 1.0627228 1.9592928 2.0500284 2.0737365 2.3074784 
Thylacomyidae     0.4904829 0.5367683 0.5319537 0.5176467 0.5388326 0.5257963 0.4566192 0.4261057 0.4249648 0.4389104 0.4350913 0.4632572 0.4524508 0.4737517 0.4738653 0.2618383 0.0000000 0.1705008 2.0777762 2.0047006 2.0494883 1.9633505 1.9452719 2.0551080 2.1464683 1.9440852 1.9470442 1.9806263 2.1341696 1.8774621 2.3929506 1.6930727 0.9585242 0.9991250 0.9910743 1.1230089 0.9461270 1.1000695 1.1066966 1.1714563 1.2781792 1.2175912 1.1438567 1.2749322 1.2824277 1.3070532 0.9564581 1.9474105 1.9571623 1.9807384 2.2490172 
Phalangeridae     0.4810434 0.5327398 0.5364524 0.5258248 0.5369254 0.5308397 0.4586141 0.4310435 0.4356191 0.4443347 0.4420451 0.4716667 0.4703288 0.4761602 0.4846174 0.2746491 0.1705008 0.0000000 1.9585250 1.8329269 1.8772622 1.8843376 1.7814913 1.9506395 2.0028586 1.8353539 1.8727877 1.8991655 2.0321360 1.7940682 2.2882773 1.6691634 0.9607042 0.9671710 0.9950454 1.1026408 0.9226160 1.0726087 1.0215167 1.0571267 1.1851332 1.1133031 1.0749834 1.1543772 1.1512605 1.1753320 0.9338795 1.8020468 1.8956657 1.9377045 2.2526794 
Tityridae         1.8786273 1.9117394 1.9269396 1.8919769 2.1370287 1.9355573 1.8287006 1.8174098 1.8313808 1.8665257 1.8185732 1.8335163 1.8749988 1.8026654 1.8210313 2.0900788 2.0777762 1.9585250 0.0000000 0.6150057 0.7375373 0.6619664 0.6838604 0.5933709 0.7203621 0.6381896 0.6530455 0.6298213 1.0270233 2.1484420 3.0654192 1.7234810 1.4134884 1.3846916 1.4277402 1.6245060 1.4121028 1.5517661 1.7464363 1.7770839 1.9106585 1.8558459 1.8632543 1.9634820 1.8678196 1.8888766 1.6760477 2.6341434 2.9066977 2.9033291 3.1009609 
Ptilonorhynchidae 1.7433252 1.7571766 1.7619456 1.7090660 1.9325224 1.7903073 1.6475821 1.6658123 1.6749950 1.7098372 1.6791216 1.6993387 1.8186174 1.7409113 1.7175507 1.8713192 2.0047006 1.8329269 0.6150057 0.0000000 0.5747411 0.5021429 0.5732248 0.4619539 0.5670002 0.4588166 0.4590995 0.4767383 1.0150646 2.1209820 2.9936621 1.8348094 1.4459293 1.4034079 1.4875588 1.6269070 1.3613746 1.5990145 1.7361789 1.7811800 1.9305047 1.8351474 1.8334626 1.9310325 1.7902612 1.9365763 1.5635414 2.5676894 2.8090489 2.7904483 3.0011002 
Callaeatidae      1.9536052 1.9908338 1.9915884 1.8349967 2.0834501 1.9761775 1.8016596 1.8266316 1.8258424 1.8720043 1.8502082 1.8735310 1.9520634 1.8767519 1.8770935 1.9195702 2.0494883 1.8772622 0.7375373 0.5747411 0.0000000 0.5261477 0.5708440 0.4646041 0.5891123 0.4664844 0.4873395 0.4785487 1.1482462 2.4774692 3.0716742 1.8164631 1.5926560 1.5186008 1.6254236 1.6822144 1.5018805 1.7127216 1.8096180 1.8465902 2.0762175 1.9507691 1.9512998 1.9644789 2.0324301 2.0745751 1.7108033 2.6630702 2.8455180 2.8741247 3.2960351 
Monarchidae       1.7763309 1.8651617 1.8477888 1.7295732 1.9500353 1.8920299 1.6937041 1.7446550 1.7035111 1.7332358 1.7283574 1.7873847 1.8770940 1.7503093 1.7132397 1.9255141 1.9633505 1.8843376 0.6619664 0.5021429 0.5261477 0.0000000 0.3628584 0.4315248 0.5466344 0.4255679 0.4389580 0.4263510 1.0878984 2.2472443 3.0724418 1.8373817 1.5459424 1.5460601 1.5536640 1.6900511 1.5137838 1.6981813 1.8604955 1.9465708 2.0606765 1.8910757 1.9291199 1.9894069 2.0013016 2.0522375 1.6844578 2.7548795 2.9036287 2.8683307 3.2209207 
Malaconotidae     1.7137968 1.7933296 1.7542878 1.7110807 1.9053020 1.7837543 1.6554515 1.6759504 1.6618006 1.7060433 1.6967805 1.7011126 1.7737012 1.7124788 1.7003685 1.8817361 1.9452719 1.7814913 0.6838604 0.5732248 0.5708440 0.3628584 0.0000000 0.4714507 0.5762204 0.4616045 0.4789937 0.4436501 1.1474139 2.3139275 2.9725736 1.7437205 1.5340364 1.5095707 1.5086629 1.7319012 1.4508496 1.6788034 1.8314516 1.8403129 1.9732693 1.7981409 1.8395624 1.9495784 1.9216516 1.9717084 1.7103460 2.6378100 2.8231081 2.8120643 3.0437889 
Certhiidae        1.7823721 1.8570096 1.8213199 1.7361785 2.0026535 1.8905913 1.7125251 1.7471362 1.7352500 1.7395810 1.7720083 1.7676947 1.8610424 1.7529262 1.8120924 1.9642229 2.0551080 1.9506395 0.5933709 0.4619539 0.4646041 0.4315248 0.4714507 0.0000000 0.3945270 0.3028548 0.3154925 0.3321406 1.0812880 2.1215791 3.0330495 1.8126678 1.4248286 1.4553306 1.5071510 1.5871527 1.3451823 1.5469531 1.6885841 1.7694373 1.9196285 1.8328370 1.8557360 1.8421604 1.8519484 1.9472077 1.5981846 2.5481391 2.8276776 2.8340076 3.0644305 
Cinclidae         1.8478156 1.9355401 1.9083089 1.8128152 2.1094611 1.9821560 1.7940710 1.8185963 1.8092266 1.8411193 1.8319005 1.8143030 1.9281341 1.8462932 1.8409261 1.9679318 2.1464683 2.0028586 0.7203621 0.5670002 0.5891123 0.5466344 0.5762204 0.3945270 0.0000000 0.3819049 0.4010872 0.3916317 1.1230188 2.2464500 3.0285076 1.8598373 1.5222807 1.5398635 1.6581569 1.6828294 1.5126652 1.5920068 1.8223710 1.9081051 1.9952267 1.9140651 1.9469414 1.9623185 1.9892573 2.1049561 1.7236621 2.7485019 2.8885938 2.8142399 3.2752727 
Ploceidae         1.7628954 1.8301931 1.8007755 1.7055676 1.9563260 1.8620119 1.6723071 1.7001134 1.7017386 1.7330188 1.7227683 1.7103286 1.8325878 1.7349024 1.7542075 1.8018099 1.9440852 1.8353539 0.6381896 0.4588166 0.4664844 0.4255679 0.4616045 0.3028548 0.3819049 0.0000000 0.1940923 0.2986741 1.0231599 2.1055385 2.9506133 1.8516183 1.4720286 1.4633558 1.5660792 1.6629347 1.4193692 1.5732635 1.6836789 1.8094942 1.8210226 1.7162157 1.6914000 1.8076507 1.7895930 1.9253031 1.5792947 2.6827060 2.9537191 2.9023753 3.0657120 
Thraupidae        1.7010646 1.7818907 1.7843913 1.6566545 1.8999193 1.8267604 1.6397801 1.6462385 1.6277195 1.6758865 1.6752281 1.6869738 1.7926588 1.7265253 1.7117441 1.8170218 1.9470442 1.8727877 0.6530455 0.4590995 0.4873395 0.4389580 0.4789937 0.3154925 0.4010872 0.1940923 0.0000000 0.3089869 1.0046606 2.1400333 3.0006674 1.8951240 1.4426316 1.4368158 1.4879722 1.5882191 1.3921419 1.5023674 1.7482404 1.8325670 1.9088200 1.8625774 1.8567390 1.8240345 1.8148330 1.9177378 1.5854137 2.7247562 2.9583505 2.8673542 3.1698965 
Alaudidae         1.7398954 1.8415399 1.7992659 1.6911671 1.9134053 1.8636341 1.6933619 1.6959975 1.6703634 1.7079075 1.7249935 1.7168013 1.8512879 1.7365008 1.7100320 1.9059962 1.9806263 1.8991655 0.6298213 0.4767383 0.4785487 0.4263510 0.4436501 0.3321406 0.3916317 0.2986741 0.3089869 0.0000000 1.0559122 2.2240170 3.0589517 1.7964209 1.5192982 1.5165700 1.5359776 1.5976098 1.4416839 1.6021426 1.7074595 1.8221534 1.9217162 1.8582176 1.8246425 1.9138117 1.8834455 1.9586866 1.6809568 2.6468017 2.8679660 2.7924114 3.1628912 
Coraciiformes     1.9862164 2.0732491 2.0509671 1.9928746 2.2312039 2.0470088 1.9144918 1.8864165 1.8911789 1.9375022 1.9222745 1.9402059 2.0509094 2.0082031 1.9480459 2.1355079 2.1341696 2.0321360 1.0270233 1.0150646 1.1482462 1.0878984 1.1474139 1.0812880 1.1230188 1.0231599 1.0046606 1.0559122 0.0000000 2.2710331 2.9812727 2.0229597 1.5967995 1.5653592 1.6734220 1.7068307 1.5785496 1.6697081 1.8109331 1.9026982 1.9833369 1.9339950 1.9776227 2.0265502 1.9710727 1.9764296 1.8490391 2.6941428 3.1725512 3.1502694 3.1473289 
Crocodylidae      1.6793468 1.8474822 1.8098332 1.8156915 1.8963271 1.8313860 1.7057727 1.6871045 1.6652911 1.6591042 1.6389496 1.6986859 1.7674531 1.7402266 1.7005091 1.8056006 1.8774621 1.7940682 2.1484420 2.1209820 2.4774692 2.2472443 2.3139275 2.1215791 2.2464500 2.1055385 2.1400333 2.2240170 2.2710331 0.0000000 2.7700658 2.0937025 1.4610798 1.5067422 1.4606603 1.7096065 1.4502633 1.5978498 1.7290643 1.7996359 1.8778892 1.9313574 1.8854408 1.8510280 1.8923255 1.9327236 1.5626215 2.6082989 3.0351382 3.1275459 2.6982062 
Carettochelyidae  2.3196654 2.4759845 2.4282747 2.4375137 2.5244060 2.4212335 2.2861330 2.2333318 2.3237435 2.3274268 2.3158332 2.3967490 2.4285091 2.3913770 2.3923638 2.2256639 2.3929506 2.2882773 3.0654192 2.9936621 3.0716742 3.0724418 2.9725736 3.0330495 3.0285076 2.9506133 3.0006674 3.0589517 2.9812727 2.7700658 0.0000000 1.9672678 2.1264140 2.0964415 1.9760347 2.3135327 2.0102394 2.1515902 2.2242211 2.4406461 2.5138892 2.6302111 2.5606147 2.4775883 2.4529772 2.5386217 2.3194695 3.1181096 3.7378143 3.6994898 3.7609240 
Kinosternidae     1.4997023 1.5896933 1.5779145 1.5719679 1.6927252 1.5987199 1.5388584 1.4834129 1.5126921 1.4799764 1.4536591 1.5226461 1.5659336 1.5388122 1.5969780 1.7545191 1.6930727 1.6691634 1.7234810 1.8348094 1.8164631 1.8373817 1.7437205 1.8126678 1.8598373 1.8516183 1.8951240 1.7964209 2.0229597 2.0937025 1.9672678 0.0000000 1.3038755 1.2892800 1.2745252 1.4594240 1.2264010 1.3056905 1.6279284 1.7492671 1.8281626 1.7657760 1.7383094 1.8542433 1.8174507 1.7892736 1.6113929 2.5037175 2.5401926 2.5361700 2.9585631 
Anomalepididae    0.9471003 0.9971430 0.9643129 0.9520360 1.0521433 0.9845246 0.8981964 0.8805476 0.8905026 0.9114734 0.8910740 0.9073548 0.9571405 0.9599765 0.9465510 1.0054604 0.9585242 0.9607042 1.4134884 1.4459293 1.5926560 1.5459424 1.5340364 1.4248286 1.5222807 1.4720286 1.4426316 1.5192982 1.5967995 1.4610798 2.1264140 1.3038755 0.0000000 0.2639438 0.2682057 0.4669937 0.2365485 0.4317605 0.9622520 0.9888018 1.1200828 1.0254675 1.0417579 1.0761272 1.0475599 1.1070082 0.8616021 1.7938013 1.9146362 1.9717604 2.0404941 
Loxocemidae       0.8909020 0.9484648 0.9764142 0.9770462 1.0231765 0.9495921 0.8945901 0.8749215 0.8729467 0.8804975 0.8625106 0.8631309 0.9323920 0.9365173 0.9123375 1.0365594 0.9991250 0.9671710 1.3846916 1.4034079 1.5186008 1.5460601 1.5095707 1.4553306 1.5398635 1.4633558 1.4368158 1.5165700 1.5653592 1.5067422 2.0964415 1.2892800 0.2639438 0.0000000 0.1588691 0.4687064 0.2421807 0.4319589 0.9063330 0.9039288 1.0089070 0.9654385 0.9449533 1.0249587 0.9772585 1.0453571 0.7834799 1.6187333 1.8703769 1.9151851 2.0245706 
Natricidae        0.9445521 1.0059510 0.9960924 1.0079181 1.0873653 1.0132194 0.9282937 0.9055220 0.9015686 0.9197599 0.9054460 0.9154422 0.9435637 0.9579370 0.9453900 1.0446923 0.9910743 0.9950454 1.4277402 1.4875588 1.6254236 1.5536640 1.5086629 1.5071510 1.6581569 1.5660792 1.4879722 1.5359776 1.6734220 1.4606603 1.9760347 1.2745252 0.2682057 0.1588691 0.0000000 0.4881158 0.2569944 0.4467287 0.9455200 0.9578970 1.0847424 1.0245109 0.9903408 1.1143811 1.0684007 1.1338375 0.8318525 1.7514096 1.9995624 2.0478195 2.1039564 
Xenosauridae      1.0567774 1.0965802 1.1347917 1.1049532 1.1344223 1.0925984 0.9828003 0.9605714 0.9771931 1.0178420 0.9960706 1.0074543 1.0783656 1.0655491 1.0180306 1.1906418 1.1230089 1.1026408 1.6245060 1.6269070 1.6822144 1.6900511 1.7319012 1.5871527 1.6828294 1.6629347 1.5882191 1.5976098 1.7068307 1.7096065 2.3135327 1.4594240 0.4669937 0.4687064 0.4881158 0.0000000 0.4291968 0.5962277 1.1633292 1.1735076 1.1998813 1.2633708 1.2690655 1.2619376 1.2497514 1.3111945 1.0502358 1.9325341 2.1294344 2.0462028 2.3823559 
Teiidae           0.9018956 0.9630147 0.9454426 0.9563304 0.9838708 0.9334873 0.8639860 0.8610428 0.8473101 0.8727320 0.8503881 0.8633678 0.9092513 0.9158402 0.8983758 1.0406718 0.9461270 0.9226160 1.4121028 1.3613746 1.5018805 1.5137838 1.4508496 1.3451823 1.5126652 1.4193692 1.3921419 1.4416839 1.5785496 1.4502633 2.0102394 1.2264010 0.2365485 0.2421807 0.2569944 0.4291968 0.0000000 0.3544775 0.8963793 0.9448186 1.0202302 0.9542884 0.9299271 1.0450867 1.0127950 1.0377947 0.7612800 1.6463733 1.8666688 1.9314471 2.0085774 
Eublepharidae     1.1206195 1.1617661 1.1569375 1.1566273 1.1880441 1.1438031 1.0408010 0.9931243 1.0037391 1.0031261 0.9997678 1.0039385 1.0615526 1.0806073 1.0339429 1.1991144 1.1000695 1.0726087 1.5517661 1.5990145 1.7127216 1.6981813 1.6788034 1.5469531 1.5920068 1.5732635 1.5023674 1.6021426 1.6697081 1.5978498 2.1515902 1.3056905 0.4317605 0.4319589 0.4467287 0.5962277 0.3544775 0.0000000 1.0054572 1.0930884 1.2143034 1.1276483 1.1225768 1.2273826 1.2263630 1.2883825 0.9645531 1.8748724 2.1149042 2.1216982 2.1822696 
Dicamptodontidae  1.0400203 1.1453089 1.0685977 1.0327178 1.1449198 1.1791185 1.0358607 1.0081761 1.0133432 1.0129294 1.0051261 1.0417713 1.0750528 1.0491757 1.0371128 1.0964536 1.1066966 1.0215167 1.7464363 1.7361789 1.8096180 1.8604955 1.8314516 1.6885841 1.8223710 1.6836789 1.7482404 1.7074595 1.8109331 1.7290643 2.2242211 1.6279284 0.9622520 0.9063330 0.9455200 1.1633292 0.8963793 1.0054572 0.0000000 0.6476747 0.6660053 0.6684183 0.6698164 0.7202287 0.7047247 0.7082605 0.5777910 1.7053584 1.5835699 1.6209875 1.9630859 
Alytidae          1.0844997 1.1574817 1.1498853 1.1655615 1.1748123 1.1912926 1.0983840 1.0255649 1.0501617 1.0597441 1.0668305 1.0907992 1.1241307 1.1288697 1.0766270 1.1848546 1.1714563 1.0571267 1.7770839 1.7811800 1.8465902 1.9465708 1.8403129 1.7694373 1.9081051 1.8094942 1.8325670 1.8221534 1.9026982 1.7996359 2.4406461 1.7492671 0.9888018 0.9039288 0.9578970 1.1735076 0.9448186 1.0930884 0.6476747 0.0000000 0.6422182 0.6404751 0.6181778 0.6581866 0.6430207 0.6227108 0.5659244 1.6380103 1.6701351 1.7426113 1.9512436 
Heleophrynidae    1.1131491 1.1697746 1.1697642 1.1472193 1.1968219 1.1273136 1.1044648 1.0567741 1.0661382 1.0718576 1.0895486 1.1037391 1.1165510 1.1237368 1.1287695 1.2843600 1.2781792 1.1851332 1.9106585 1.9305047 2.0762175 2.0606765 1.9732693 1.9196285 1.9952267 1.8210226 1.9088200 1.9217162 1.9833369 1.8778892 2.5138892 1.8281626 1.1200828 1.0089070 1.0847424 1.1998813 1.0202302 1.2143034 0.6660053 0.6422182 0.0000000 0.4084566 0.4085313 0.4647595 0.4431782 0.4930039 0.6473157 1.8936839 1.8194170 1.8478859 2.1095509 
Leptodactylidae   1.1022510 1.2215059 1.1801823 1.2232505 1.2260019 1.1679310 1.1049882 1.0800366 1.0836691 1.1025263 1.1175041 1.0944877 1.1405215 1.1669629 1.1178328 1.2388550 1.2175912 1.1133031 1.8558459 1.8351474 1.9507691 1.8910757 1.7981409 1.8328370 1.9140651 1.7162157 1.8625774 1.8582176 1.9339950 1.9313574 2.6302111 1.7657760 1.0254675 0.9654385 1.0245109 1.2633708 0.9542884 1.1276483 0.6684183 0.6404751 0.4084566 0.0000000 0.1207831 0.4442685 0.4646258 0.4607971 0.6817413 1.8533253 1.6774916 1.7632269 2.1163365 
Strabomantidae    1.0716017 1.2012921 1.1674639 1.1946469 1.1786953 1.1485768 1.0718909 1.0428021 1.0589927 1.0698471 1.0770895 1.0668367 1.1023136 1.1310706 1.1127252 1.1724367 1.1438567 1.0749834 1.8632543 1.8334626 1.9512998 1.9291199 1.8395624 1.8557360 1.9469414 1.6914000 1.8567390 1.8246425 1.9776227 1.8854408 2.5606147 1.7383094 1.0417579 0.9449533 0.9903408 1.2690655 0.9299271 1.1225768 0.6698164 0.6181778 0.4085313 0.1207831 0.0000000 0.4535232 0.4414544 0.4726209 0.6655804 1.8225912 1.6335824 1.7170823 2.0546831 
Micrixalidae      1.1747685 1.2728000 1.2458313 1.2166455 1.2748144 1.2697200 1.1587924 1.1231281 1.1548412 1.1540425 1.1776868 1.2009600 1.2208614 1.1758769 1.1790753 1.2917294 1.2749322 1.1543772 1.9634820 1.9310325 1.9644789 1.9894069 1.9495784 1.8421604 1.9623185 1.8076507 1.8240345 1.9138117 2.0265502 1.8510280 2.4775883 1.8542433 1.0761272 1.0249587 1.1143811 1.2619376 1.0450867 1.2273826 0.7202287 0.6581866 0.4647595 0.4442685 0.4535232 0.0000000 0.3519329 0.3626169 0.6870047 1.8117592 1.7576921 1.8085609 2.0712817 
Hemisotidae       1.1615015 1.2461185 1.2405898 1.2193727 1.2149900 1.2928737 1.1238084 1.0797687 1.0906789 1.1347972 1.1455871 1.1580112 1.1788583 1.1444027 1.1473475 1.3131347 1.2824277 1.1512605 1.8678196 1.7902612 2.0324301 2.0013016 1.9216516 1.8519484 1.9892573 1.7895930 1.8148330 1.8834455 1.9710727 1.8923255 2.4529772 1.8174507 1.0475599 0.9772585 1.0684007 1.2497514 1.0127950 1.2263630 0.7047247 0.6430207 0.4431782 0.4646258 0.4414544 0.3519329 0.0000000 0.3450625 0.6734855 1.7641378 1.6778055 1.6430668 2.1729719 
Asterophryidae    1.1564682 1.2496069 1.2006639 1.2076012 1.2767570 1.2987082 1.1584256 1.1223037 1.1260549 1.1133666 1.1153081 1.1441160 1.1719590 1.1550197 1.1453856 1.2924882 1.3070532 1.1753320 1.8888766 1.9365763 2.0745751 2.0522375 1.9717084 1.9472077 2.1049561 1.9253031 1.9177378 1.9586866 1.9764296 1.9327236 2.5386217 1.7892736 1.1070082 1.0453571 1.1338375 1.3111945 1.0377947 1.2883825 0.7082605 0.6227108 0.4930039 0.4607971 0.4726209 0.3626169 0.3450625 0.0000000 0.6554499 1.7568295 1.7057749 1.7566499 2.2705567 
Caeciliidae2      0.8459991 0.9612007 0.9235962 0.9444061 0.9443928 0.9992568 0.8698473 0.8328105 0.8402361 0.8600803 0.8660545 0.8529086 0.8950457 0.8924745 0.8914619 1.0627228 0.9564581 0.9338795 1.6760477 1.5635414 1.7108033 1.6844578 1.7103460 1.5981846 1.7236621 1.5792947 1.5854137 1.6809568 1.8490391 1.5626215 2.3194695 1.6113929 0.8616021 0.7834799 0.8318525 1.0502358 0.7612800 0.9645531 0.5777910 0.5659244 0.6473157 0.6817413 0.6655804 0.6870047 0.6734855 0.6554499 0.0000000 1.6033606 1.6823805 1.6626436 1.8693452 
Polypteriformes   1.6943716 1.8634301 1.7448384 1.7160110 1.8414838 1.7671221 1.6968362 1.6373528 1.6575354 1.6640369 1.6454400 1.6832237 1.7847834 1.7517615 1.7270222 1.9592928 1.9474105 1.8020468 2.6341434 2.5676894 2.6630702 2.7548795 2.6378100 2.5481391 2.7485019 2.6827060 2.7247562 2.6468017 2.6941428 2.6082989 3.1181096 2.5037175 1.7938013 1.6187333 1.7514096 1.9325341 1.6463733 1.8748724 1.7053584 1.6380103 1.8936839 1.8533253 1.8225912 1.8117592 1.7641378 1.7568295 1.6033606 0.0000000 2.1196640 2.0573382 2.4213976 
Channichthyidae   1.8833772 2.0277734 1.9582878 2.0804765 2.0577867 1.9557946 1.9714665 1.8839163 1.9190402 1.9449178 1.9390170 1.9861047 2.0074719 2.0009053 1.9244802 2.0500284 1.9571623 1.8956657 2.9066977 2.8090489 2.8455180 2.9036287 2.8231081 2.8276776 2.8885938 2.9537191 2.9583505 2.8679660 3.1725512 3.0351382 3.7378143 2.5401926 1.9146362 1.8703769 1.9995624 2.1294344 1.8666688 2.1149042 1.5835699 1.6701351 1.8194170 1.6774916 1.6335824 1.7576921 1.6778055 1.7057749 1.6823805 2.1196640 0.0000000 0.2067133 2.3728598 
Pseudaphritidae   1.8971326 2.0677341 2.0210324 2.0625403 2.1004293 2.0353986 1.9699798 1.9101338 1.9664619 1.9581857 1.9715083 2.0121059 2.0228905 2.0220993 1.9227671 2.0737365 1.9807384 1.9377045 2.9033291 2.7904483 2.8741247 2.8683307 2.8120643 2.8340076 2.8142399 2.9023753 2.8673542 2.7924114 3.1502694 3.1275459 3.6994898 2.5361700 1.9717604 1.9151851 2.0478195 2.0462028 1.9314471 2.1216982 1.6209875 1.7426113 1.8478859 1.7632269 1.7170823 1.8085609 1.6430668 1.7566499 1.6626436 2.0573382 0.2067133 0.0000000 2.5634844 
Carcharhinidae    2.1979679 2.2940770 2.1796627 2.2209412 2.1550364 2.1612499 2.1558724 2.0530078 2.0981433 2.0941632 2.0912049 2.1055836 2.1162873 2.1219166 2.1037118 2.3074784 2.2490172 2.2526794 3.1009609 3.0011002 3.2960351 3.2209207 3.0437889 3.0644305 3.2752727 3.0657120 3.1698965 3.1628912 3.1473289 2.6982062 3.7609240 2.9585631 2.0404941 2.0245706 2.1039564 2.3823559 2.0085774 2.1822696 1.9630859 1.9512436 2.1095509 2.1163365 2.0546831 2.0712817 2.1729719 2.2705567 1.8693452 2.4213976 2.3728598 2.5634844 0.0000000 
