51
Pitheciidae       0.0000000 0.3070015 0.3153879 0.3588252 0.4484337 0.4129204 0.4313947 0.3622397 0.3887867 0.3287996 0.2975039 0.3290738 0.4312244 0.4417677 0.3171544 0.9338750 0.9723125 0.9309082 1.0548002 1.0681503 1.1370742 1.1586423 1.1102348 1.0881491 1.0922953 1.0891470 1.1237442 1.1100864 1.0440332 1.1678649 1.1021078 0.9151608 0.9165725 0.8666263 0.8907522 0.8804541 0.8888646 0.9080618 0.9835720 0.9238256 0.9113446 0.9284418 0.9346495 0.9375638 0.9465721 0.9492477 1.0396492 1.4137402 1.2639574 1.3060088 1.4270595 
Scandentia        0.3070015 0.0000000 0.3339224 0.3853356 0.4562252 0.4329654 0.4522189 0.3673467 0.3886896 0.3371161 0.3062119 0.3339793 0.4593254 0.4555738 0.3373596 0.9498947 0.9777291 0.9657379 1.1358104 1.1287440 1.1886797 1.2308722 1.1913708 1.1642797 1.1699463 1.1611597 1.1859348 1.1475695 1.0857419 1.2006007 1.1605143 0.9647453 0.9722987 0.9306944 0.9346403 0.9162365 0.9339522 0.9401360 1.0572723 0.9654579 0.9726850 0.9971352 0.9970074 0.9815149 0.9897133 1.0025546 1.0930992 1.4599163 1.2733236 1.3407891 1.5547573 
Erethizontidae    0.3153879 0.3339224 0.0000000 0.1560020 0.4330755 0.4046241 0.4577741 0.3768236 0.3979881 0.3493146 0.3110668 0.3472861 0.4995095 0.4910205 0.3524351 0.9766556 1.0089776 0.9512252 1.1308166 1.1069936 1.1827314 1.2314229 1.1716799 1.1557781 1.1667569 1.1329413 1.1576278 1.1622101 1.0766287 1.2170867 1.1584075 1.0093187 0.9828035 0.9342912 0.9486255 0.9343334 0.9393363 0.9774946 1.0253488 0.9820420 0.9910345 1.0032287 0.9989742 0.9993533 1.0000685 1.0085815 1.1251155 1.4669734 1.3469733 1.3832779 1.5329143 
Capromyidae       0.3588252 0.3853356 0.1560020 0.0000000 0.4766101 0.4161991 0.5079508 0.4510156 0.4730122 0.3957167 0.3644075 0.4034896 0.5400983 0.5554368 0.3994422 1.0102342 1.0275923 0.9962316 1.1825007 1.1567495 1.2581315 1.2649919 1.2449163 1.2212333 1.2293855 1.2262988 1.2447683 1.2385288 1.1428795 1.2717576 1.2190769 1.0620205 1.0051842 0.9818662 1.0057037 0.9851780 0.9803102 0.9841577 1.0836705 1.0274439 1.0451551 1.0554605 1.0570219 1.0390229 1.0491509 1.0609397 1.1750721 1.4951205 1.3803712 1.4210855 1.5776156 
Muridae           0.4484337 0.4562252 0.4330755 0.4766101 0.0000000 0.4939098 0.5708314 0.5022441 0.5239978 0.4766792 0.4497360 0.4662855 0.6058540 0.6021311 0.4676258 1.1211124 1.1689156 1.0919833 1.2412850 1.2415068 1.3123649 1.3415236 1.2816435 1.2514965 1.2685773 1.2808512 1.2947721 1.2604163 1.1999463 1.3316574 1.2593770 1.1029180 1.0935246 1.0548397 1.0686220 1.0308307 1.0350634 1.0985075 1.1310147 1.0777121 1.0641765 1.0840612 1.0776038 1.0406564 1.0448268 1.0662195 1.2099954 1.5539972 1.4498119 1.4894794 1.6499350 
Castoridae        0.4129204 0.4329654 0.4046241 0.4161991 0.4939098 0.0000000 0.5405350 0.4772035 0.4965558 0.4453427 0.4017319 0.4449708 0.5937766 0.6055801 0.4476732 1.1208386 1.0493936 1.0811025 1.1880001 1.2001901 1.2474233 1.2941271 1.2563656 1.2300389 1.2406931 1.2377525 1.2479051 1.2419389 1.1722460 1.2692816 1.2254068 1.1063078 1.0300055 0.9789969 0.9848561 0.9836830 0.9888752 1.0295402 1.0703043 1.0463118 1.0607899 1.0616777 1.0626025 1.0657960 1.0843244 1.0735613 1.2139817 1.4882002 1.3810930 1.4211526 1.6275592 
Suidae            0.4313947 0.4522189 0.4577741 0.5079508 0.5708314 0.5405350 0.0000000 0.2769160 0.2942652 0.3620026 0.3216415 0.3636056 0.4978383 0.5098256 0.4296270 1.1135770 1.1080633 1.0830502 1.2443270 1.2462750 1.2866663 1.3157094 1.2688195 1.2323974 1.2499364 1.2462511 1.2676126 1.2426817 1.1892804 1.2942302 1.2990732 1.1078264 1.0698400 1.0149308 1.0299498 1.0225168 1.0346465 1.0683664 1.0981985 1.0512504 1.0777248 1.0560480 1.0555605 1.0698719 1.0855423 1.0897911 1.2036440 1.5338289 1.4003084 1.4757820 1.6221531 
Hippopotamidae    0.3622397 0.3673467 0.3768236 0.4510156 0.5022441 0.4772035 0.2769160 0.0000000 0.1540333 0.2861985 0.2498903 0.2940000 0.4150361 0.4286217 0.3485351 0.9704369 1.0002641 0.9598028 1.1708793 1.1844937 1.2522092 1.2793489 1.2252990 1.1953953 1.2038802 1.2159884 1.2278762 1.2100429 1.1167763 1.2097037 1.1760729 0.9931245 0.9922260 0.9350271 0.9472827 0.9258630 0.9424613 0.9953688 1.0233564 0.9631446 1.0037432 0.9930492 0.9675739 0.9885725 0.9877628 0.9893136 1.1453466 1.4882458 1.3309926 1.4031234 1.5318676 
Hyperoodontidae   0.3887867 0.3886896 0.3979881 0.4730122 0.5239978 0.4965558 0.2942652 0.1540333 0.0000000 0.3059653 0.2679616 0.3130914 0.4416475 0.4464590 0.3619645 1.0065249 1.0274095 0.9821442 1.1393683 1.1403078 1.1879170 1.2339770 1.1885040 1.1534425 1.1480502 1.1575497 1.1772366 1.1672485 1.0859208 1.2177795 1.1685623 0.9654808 0.9868005 0.9129161 0.9446384 0.9463975 0.9266061 0.9801150 1.0565181 0.9956490 0.9975072 0.9897435 0.9659362 1.0022096 1.0042033 1.0013387 1.1564329 1.4608696 1.3485039 1.4003162 1.5408751 
Vespertilionidae  0.3287996 0.3371161 0.3493146 0.3957167 0.4766792 0.4453427 0.3620026 0.2861985 0.3059653 0.0000000 0.1437515 0.2013245 0.3908581 0.3750508 0.3260456 0.9295328 0.9906044 0.9488265 1.1008689 1.1345657 1.1674887 1.1993274 1.1652046 1.1521242 1.1394462 1.1330400 1.1690500 1.1442960 1.0693893 1.1863121 1.1219634 0.9813046 0.9420942 0.8995935 0.9193214 0.9156468 0.8982706 0.9455089 0.9976183 0.9352825 0.9667962 0.9315975 0.9193270 0.9481880 0.9633121 0.9636409 1.0817311 1.4421350 1.3521952 1.4121459 1.5648199 
Furipteridae      0.2975039 0.3062119 0.3110668 0.3644075 0.4497360 0.4017319 0.3216415 0.2498903 0.2679616 0.1437515 0.0000000 0.1684328 0.3428981 0.3485631 0.2820713 0.9063233 0.9469694 0.8818857 1.0815378 1.0967318 1.1308991 1.1636658 1.1283367 1.1041580 1.1112497 1.1073316 1.1359829 1.1159171 1.0259194 1.1245209 1.1039806 0.9340927 0.8998256 0.8354194 0.8671789 0.8638049 0.8428722 0.8968905 0.9728812 0.9113018 0.9515659 0.9284754 0.9214711 0.9454027 0.9460827 0.9593587 1.0608299 1.4150198 1.2988666 1.3788823 1.4916841 
Rhinolophidae     0.3290738 0.3339793 0.3472861 0.4034896 0.4662855 0.4449708 0.3636056 0.2940000 0.3130914 0.2013245 0.1684328 0.0000000 0.3852082 0.3838790 0.3081355 0.9120058 0.9807511 0.9271821 1.0457613 1.0528993 1.0993986 1.1480150 1.0784858 1.0568064 1.0585766 1.0660269 1.0829071 1.0745538 1.0185615 1.1463679 1.1180077 0.9276256 0.9028107 0.8495715 0.8712926 0.8668273 0.8508221 0.9321408 0.9760426 0.9036967 0.9600882 0.9301873 0.9279494 0.9510668 0.9359673 0.9463693 1.0328939 1.3610635 1.2719744 1.3412006 1.4988618 
Viverridae        0.4312244 0.4593254 0.4995095 0.5400983 0.6058540 0.5937766 0.4978383 0.4150361 0.4416475 0.3908581 0.3428981 0.3852082 0.0000000 0.3444415 0.4402141 1.0781572 1.1494205 1.0381118 1.2388738 1.2587813 1.2827175 1.3127065 1.2680389 1.2479945 1.2407865 1.2552770 1.2812099 1.2329479 1.2256249 1.3248002 1.2481564 1.0723509 1.0482717 1.0103719 1.0295188 1.0121463 1.0070813 1.0472108 1.1580617 1.0634281 1.0663703 1.0772722 1.0523698 1.0919707 1.0863880 1.1069597 1.1959254 1.5317236 1.4677643 1.5139576 1.6744061 
Procyonidae       0.4417677 0.4555738 0.4910205 0.5554368 0.6021311 0.6055801 0.5098256 0.4286217 0.4464590 0.3750508 0.3485631 0.3838790 0.3444415 0.0000000 0.4485291 1.0879916 1.1103877 1.0701569 1.2840611 1.3260265 1.3758837 1.3771441 1.3489440 1.3291619 1.3201258 1.3035483 1.3471041 1.3471807 1.2419013 1.3440671 1.2612476 1.0600226 1.0739287 1.0216378 1.0416824 1.0309690 1.0224728 1.0664563 1.1435214 1.0742653 1.1104006 1.0900615 1.0777633 1.1120301 1.1147963 1.1381323 1.2470371 1.5883456 1.4720190 1.5403343 1.6891884 
Myrmecophagidae   0.3171544 0.3373596 0.3524351 0.3994422 0.4676258 0.4476732 0.4296270 0.3485351 0.3619645 0.3260456 0.2820713 0.3081355 0.4402141 0.4485291 0.0000000 0.9143440 0.9709545 0.9086569 1.0878509 1.1081258 1.1471762 1.2061787 1.1411091 1.1224965 1.1042446 1.1276195 1.1374323 1.1251546 1.0302346 1.1523908 1.0929918 0.9400956 0.8981439 0.8739059 0.8704809 0.8798991 0.8650188 0.9377385 0.9655015 0.9032919 0.9393281 0.9588392 0.9473592 0.9662057 0.9525316 0.9663688 1.0615281 1.4103362 1.2840686 1.3405006 1.4516085 
Caluromyidae      0.9338750 0.9498947 0.9766556 1.0102342 1.1211124 1.1208386 1.1135770 0.9704369 1.0065249 0.9295328 0.9063233 0.9120058 1.0781572 1.0879916 0.9143440 0.0000000 0.6570984 0.5969343 1.4183050 1.4620846 1.4411611 1.4872851 1.4848849 1.4131689 1.4443928 1.4576647 1.4704287 1.4733703 1.3926862 1.5576560 1.3865922 1.2747255 1.2130293 1.2093076 1.2111334 1.1894991 1.2003660 1.2638304 1.3157767 1.2585040 1.2921210 1.2953077 1.2692018 1.2604617 1.3006785 1.2675791 1.3575006 1.8047239 1.6558037 1.7106323 1.8820294 
Thylacomyidae     0.9723125 0.9777291 1.0089776 1.0275923 1.1689156 1.0493936 1.1080633 1.0002641 1.0274095 0.9906044 0.9469694 0.9807511 1.1494205 1.1103877 0.9709545 0.6570984 0.0000000 0.5365109 1.4884041 1.5289113 1.5236408 1.5752290 1.5576042 1.5188128 1.5293721 1.5386144 1.5752805 1.5570590 1.4330169 1.5333067 1.4984720 1.3771763 1.2909915 1.2434142 1.2510284 1.2553929 1.2545508 1.3029292 1.4441370 1.3174783 1.3525719 1.3531178 1.3341345 1.3220766 1.3594774 1.3306030 1.4392846 1.7922621 1.6609397 1.7019301 1.8518758 
Phalangeridae     0.9309082 0.9657379 0.9512252 0.9962316 1.0919833 1.0811025 1.0830502 0.9598028 0.9821442 0.9488265 0.8818857 0.9271821 1.0381118 1.0701569 0.9086569 0.5969343 0.5365109 0.0000000 1.4233487 1.4352189 1.4651149 1.4801710 1.4797623 1.4339699 1.4679956 1.4889676 1.4981216 1.4867506 1.3816416 1.4623256 1.4467027 1.2624941 1.2800691 1.2235908 1.2398254 1.2373917 1.1990383 1.2952906 1.3999440 1.3309509 1.3521579 1.3521515 1.3482834 1.3325349 1.3488339 1.3519687 1.4885596 1.7269636 1.6080560 1.6495952 1.8818860 
Tityridae         1.0548002 1.1358104 1.1308166 1.1825007 1.2412850 1.1880001 1.2443270 1.1708793 1.1393683 1.1008689 1.0815378 1.0457613 1.2388738 1.2840611 1.0878509 1.4183050 1.4884041 1.4233487 0.0000000 0.2309390 0.2323567 0.2845496 0.2402741 0.2150389 0.2303739 0.2217676 0.2306119 0.2250543 0.2292936 0.7441292 0.7098245 0.5661883 0.5998233 0.5627058 0.5623511 0.5599603 0.5602162 0.5944736 0.7736444 0.6582983 0.6922220 0.7271174 0.7320453 0.7034135 0.7206101 0.7181442 0.8087191 1.1419062 1.1251196 1.1415603 1.2121197 
Ptilonorhynchidae 1.0681503 1.1287440 1.1069936 1.1567495 1.2415068 1.2001901 1.2462750 1.1844937 1.1403078 1.1345657 1.0967318 1.0528993 1.2587813 1.3260265 1.1081258 1.4620846 1.5289113 1.4352189 0.2309390 0.0000000 0.1972787 0.2517694 0.2097294 0.1890661 0.1919840 0.1854874 0.2001615 0.1938132 0.2528304 0.7694827 0.7182284 0.5922670 0.6135674 0.5866652 0.5767361 0.5804063 0.5652243 0.6161972 0.8100106 0.7146460 0.7282311 0.7753785 0.7749009 0.7481591 0.7581683 0.7581264 0.8749854 1.1882609 1.1051261 1.1265606 1.2698684 
Callaeatidae      1.1370742 1.1886797 1.1827314 1.2581315 1.3123649 1.2474233 1.2866663 1.2522092 1.1879170 1.1674887 1.1308991 1.0993986 1.2827175 1.3758837 1.1471762 1.4411611 1.5236408 1.4651149 0.2323567 0.1972787 0.0000000 0.1921263 0.1576731 0.1523490 0.1414329 0.1486988 0.1554398 0.1518201 0.2519855 0.7812582 0.7529562 0.5874786 0.6274128 0.5926918 0.5897057 0.6004091 0.6002488 0.6234371 0.8386632 0.7264094 0.7443214 0.7779938 0.7697630 0.7552766 0.7685170 0.7748631 0.8784390 1.1897371 1.1319038 1.1636785 1.2846307 
Monarchidae       1.1586423 1.2308722 1.2314229 1.2649919 1.3415236 1.2941271 1.3157094 1.2793489 1.2339770 1.1993274 1.1636658 1.1480150 1.3127065 1.3771441 1.2061787 1.4872851 1.5752290 1.4801710 0.2845496 0.2517694 0.1921263 0.0000000 0.1400494 0.1926716 0.1866161 0.1998207 0.2018441 0.1931425 0.3087576 0.8274250 0.8090243 0.6622204 0.6780796 0.6451382 0.6496857 0.6649602 0.6499642 0.7014034 0.9334616 0.8011464 0.8033407 0.8314625 0.8318118 0.8095940 0.8354872 0.8342433 0.9574884 1.2600738 1.2534774 1.2577302 1.3363805 
Malaconotidae     1.1102348 1.1913708 1.1716799 1.2449163 1.2816435 1.2563656 1.2688195 1.2252990 1.1885040 1.1652046 1.1283367 1.0784858 1.2680389 1.3489440 1.1411091 1.4848849 1.5576042 1.4797623 0.2402741 0.2097294 0.1576731 0.1400494 0.0000000 0.1569500 0.1452427 0.1538116 0.1690274 0.1580684 0.2662079 0.8024659 0.7678405 0.6138955 0.6311824 0.6035111 0.5957033 0.6084008 0.5939454 0.6490054 0.8641642 0.7455750 0.7575853 0.7856123 0.7831724 0.7697560 0.7867805 0.7884590 0.9166106 1.2176652 1.1423752 1.1707533 1.3180568 
Certhiidae        1.0881491 1.1642797 1.1557781 1.2212333 1.2514965 1.2300389 1.2323974 1.1953953 1.1534425 1.1521242 1.1041580 1.0568064 1.2479945 1.3291619 1.1224965 1.4131689 1.5188128 1.4339699 0.2150389 0.1890661 0.1523490 0.1926716 0.1569500 0.0000000 0.1131887 0.1250688 0.1293310 0.1278262 0.2417976 0.7832994 0.7350252 0.5849066 0.6159529 0.5871485 0.5846086 0.5822155 0.5817540 0.6142822 0.8431194 0.7185841 0.7432943 0.7813127 0.7753557 0.7512692 0.7531476 0.7523562 0.8951950 1.1575592 1.1365263 1.1725094 1.3012768 
Cinclidae         1.0922953 1.1699463 1.1667569 1.2293855 1.2685773 1.2406931 1.2499364 1.2038802 1.1480502 1.1394462 1.1112497 1.0585766 1.2407865 1.3201258 1.1042446 1.4443928 1.5293721 1.4679956 0.2303739 0.1919840 0.1414329 0.1866161 0.1452427 0.1131887 0.0000000 0.1164897 0.1270893 0.1176610 0.2474616 0.7775310 0.7495341 0.6028352 0.6088115 0.5809621 0.5680100 0.5821241 0.5800038 0.6188886 0.8316616 0.7332659 0.7492676 0.7810980 0.7747644 0.7656220 0.7602129 0.7709032 0.9014710 1.2041350 1.1567186 1.1829433 1.3022138 
Ploceidae         1.0891470 1.1611597 1.1329413 1.2262988 1.2808512 1.2377525 1.2462511 1.2159884 1.1575497 1.1330400 1.1073316 1.0660269 1.2552770 1.3035483 1.1276195 1.4576647 1.5386144 1.4889676 0.2217676 0.1854874 0.1486988 0.1998207 0.1538116 0.1250688 0.1164897 0.0000000 0.0854681 0.1302123 0.2496505 0.7649688 0.7497554 0.5927936 0.6124769 0.5831315 0.5758744 0.5845694 0.5820014 0.6224658 0.8260109 0.7115585 0.7307512 0.7632577 0.7595006 0.7300297 0.7388991 0.7380598 0.8813240 1.1518877 1.1136699 1.1304688 1.2720882 
Thraupidae        1.1237442 1.1859348 1.1576278 1.2447683 1.2947721 1.2479051 1.2676126 1.2278762 1.1772366 1.1690500 1.1359829 1.0829071 1.2812099 1.3471041 1.1374323 1.4704287 1.5752805 1.4981216 0.2306119 0.2001615 0.1554398 0.2018441 0.1690274 0.1293310 0.1270893 0.0854681 0.0000000 0.1366909 0.2643484 0.7722682 0.7514423 0.6061052 0.6223833 0.5858601 0.5868206 0.5928215 0.5895512 0.6271197 0.8306158 0.7340087 0.7346131 0.7673309 0.7637377 0.7411587 0.7453256 0.7437363 0.8960977 1.1693149 1.1366442 1.1538408 1.2688947 
Alaudidae         1.1100864 1.1475695 1.1622101 1.2385288 1.2604163 1.2419389 1.2426817 1.2100429 1.1672485 1.1442960 1.1159171 1.0745538 1.2329479 1.3471807 1.1251546 1.4733703 1.5570590 1.4867506 0.2250543 0.1938132 0.1518201 0.1931425 0.1580684 0.1278262 0.1176610 0.1302123 0.1366909 0.0000000 0.2530898 0.7898451 0.7587371 0.6118127 0.6195988 0.5893466 0.5884098 0.5916174 0.5883088 0.6319202 0.8459410 0.7290758 0.7224987 0.7704875 0.7735951 0.7442174 0.7624903 0.7524120 0.8995449 1.1975906 1.1593214 1.1892233 1.2927434 
Coraciiformes     1.0440332 1.0857419 1.0766287 1.1428795 1.1999463 1.1722460 1.1892804 1.1167763 1.0859208 1.0693893 1.0259194 1.0185615 1.2256249 1.2419013 1.0302346 1.3926862 1.4330169 1.3816416 0.2292936 0.2528304 0.2519855 0.3087576 0.2662079 0.2417976 0.2474616 0.2496505 0.2643484 0.2530898 0.0000000 0.6765935 0.6546753 0.5070289 0.5519733 0.5128994 0.5075509 0.5127358 0.5068452 0.5435177 0.7347211 0.6324003 0.6600723 0.6910926 0.6940009 0.6548224 0.6797430 0.6853476 0.8098872 1.1578930 1.1253460 1.1259356 1.1932773 
Crocodylidae      1.1678649 1.2006007 1.2170867 1.2717576 1.3316574 1.2692816 1.2942302 1.2097037 1.2177795 1.1863121 1.1245209 1.1463679 1.3248002 1.3440671 1.1523908 1.5576560 1.5333067 1.4623256 0.7441292 0.7694827 0.7812582 0.8274250 0.8024659 0.7832994 0.7775310 0.7649688 0.7722682 0.7898451 0.6765935 0.0000000 0.7634222 0.6268797 0.6589180 0.6105452 0.6215941 0.6229541 0.6414876 0.6612823 0.8566828 0.7696081 0.7617474 0.7981797 0.7971835 0.7754966 0.7814369 0.7955000 0.9337639 1.2867979 1.1524221 1.1655660 1.3043865 
Carettochelyidae  1.1021078 1.1605143 1.1584075 1.2190769 1.2593770 1.2254068 1.2990732 1.1760729 1.1685623 1.1219634 1.1039806 1.1180077 1.2481564 1.2612476 1.0929918 1.3865922 1.4984720 1.4467027 0.7098245 0.7182284 0.7529562 0.8090243 0.7678405 0.7350252 0.7495341 0.7497554 0.7514423 0.7587371 0.6546753 0.7634222 0.0000000 0.4734092 0.5857507 0.5478086 0.5464862 0.5488234 0.5609280 0.5978560 0.7701279 0.6860629 0.7119373 0.7163470 0.7427318 0.7180181 0.7268723 0.7326084 0.8568318 1.1714469 1.0920944 1.0906786 1.1901587 
Kinosternidae     0.9151608 0.9647453 1.0093187 1.0620205 1.1029180 1.1063078 1.1078264 0.9931245 0.9654808 0.9813046 0.9340927 0.9276256 1.0723509 1.0600226 0.9400956 1.2747255 1.3771763 1.2624941 0.5661883 0.5922670 0.5874786 0.6622204 0.6138955 0.5849066 0.6028352 0.5927936 0.6061052 0.6118127 0.5070289 0.6268797 0.4734092 0.0000000 0.4388844 0.4042216 0.4145368 0.3995781 0.4280995 0.4578361 0.6583482 0.5853580 0.5950877 0.6139679 0.6179156 0.6123133 0.6203911 0.6280513 0.7012820 1.0178803 0.9816080 0.9747345 1.1087362 
Anomalepididae    0.9165725 0.9722987 0.9828035 1.0051842 1.0935246 1.0300055 1.0698400 0.9922260 0.9868005 0.9420942 0.8998256 0.9028107 1.0482717 1.0739287 0.8981439 1.2130293 1.2909915 1.2800691 0.5998233 0.6135674 0.6274128 0.6780796 0.6311824 0.6159529 0.6088115 0.6124769 0.6223833 0.6195988 0.5519733 0.6589180 0.5857507 0.4388844 0.0000000 0.1716925 0.1824928 0.1730169 0.1927112 0.2721693 0.5770757 0.4980929 0.5160730 0.5194358 0.5371169 0.5158069 0.5214295 0.5235055 0.6460846 1.0446616 0.9814100 0.9808463 1.0554253 
Loxocemidae       0.8666263 0.9306944 0.9342912 0.9818662 1.0548397 0.9789969 1.0149308 0.9350271 0.9129161 0.8995935 0.8354194 0.8495715 1.0103719 1.0216378 0.8739059 1.2093076 1.2434142 1.2235908 0.5627058 0.5866652 0.5926918 0.6451382 0.6035111 0.5871485 0.5809621 0.5831315 0.5858601 0.5893466 0.5128994 0.6105452 0.5478086 0.4042216 0.1716925 0.0000000 0.0936827 0.1349820 0.1554319 0.2362612 0.5528630 0.4768322 0.4882960 0.4992392 0.5182449 0.4835262 0.4938311 0.4966008 0.6254976 0.9897488 0.9326164 0.9463518 1.0307957 
Natricidae        0.8907522 0.9346403 0.9486255 1.0057037 1.0686220 0.9848561 1.0299498 0.9472827 0.9446384 0.9193214 0.8671789 0.8712926 1.0295188 1.0416824 0.8704809 1.2111334 1.2510284 1.2398254 0.5623511 0.5767361 0.5897057 0.6496857 0.5957033 0.5846086 0.5680100 0.5758744 0.5868206 0.5884098 0.5075509 0.6215941 0.5464862 0.4145368 0.1824928 0.0936827 0.0000000 0.1396849 0.1659545 0.2432863 0.5676273 0.4781195 0.5004742 0.5132327 0.5288974 0.4913347 0.5012003 0.5039294 0.6259528 0.9979820 0.9306004 0.9340819 1.0334303 
Xenosauridae      0.8804541 0.9162365 0.9343334 0.9851780 1.0308307 0.9836830 1.0225168 0.9258630 0.9463975 0.9156468 0.8638049 0.8668273 1.0121463 1.0309690 0.8798991 1.1894991 1.2553929 1.2373917 0.5599603 0.5804063 0.6004091 0.6649602 0.6084008 0.5822155 0.5821241 0.5845694 0.5928215 0.5916174 0.5127358 0.6229541 0.5488234 0.3995781 0.1730169 0.1349820 0.1396849 0.0000000 0.1608322 0.2203276 0.5596834 0.4661583 0.4924854 0.5011198 0.5268008 0.4867765 0.5059101 0.5082081 0.6020610 0.9771945 0.9124994 0.9225945 1.0291342 
Teiidae           0.8888646 0.9339522 0.9393363 0.9803102 1.0350634 0.9888752 1.0346465 0.9424613 0.9266061 0.8982706 0.8428722 0.8508221 1.0070813 1.0224728 0.8650188 1.2003660 1.2545508 1.1990383 0.5602162 0.5652243 0.6002488 0.6499642 0.5939454 0.5817540 0.5800038 0.5820014 0.5895512 0.5883088 0.5068452 0.6414876 0.5609280 0.4280995 0.1927112 0.1554319 0.1659545 0.1608322 0.0000000 0.2524236 0.5703618 0.4742461 0.4904568 0.5069600 0.5149731 0.4796570 0.4919039 0.4994096 0.6186889 1.0281466 0.9192914 0.9421395 1.0219976 
Eublepharidae     0.9080618 0.9401360 0.9774946 0.9841577 1.0985075 1.0295402 1.0683664 0.9953688 0.9801150 0.9455089 0.8968905 0.9321408 1.0472108 1.0664563 0.9377385 1.2638304 1.3029292 1.2952906 0.5944736 0.6161972 0.6234371 0.7014034 0.6490054 0.6142822 0.6188886 0.6224658 0.6271197 0.6319202 0.5435177 0.6612823 0.5978560 0.4578361 0.2721693 0.2362612 0.2432863 0.2203276 0.2524236 0.0000000 0.6035916 0.4982761 0.5286601 0.5333086 0.5578671 0.5242101 0.5427287 0.5553249 0.6535981 1.0020746 0.9607428 0.9687914 1.0756848 
Dicamptodontidae  0.9835720 1.0572723 1.0253488 1.0836705 1.1310147 1.0703043 1.0981985 1.0233564 1.0565181 0.9976183 0.9728812 0.9760426 1.1580617 1.1435214 0.9655015 1.3157767 1.4441370 1.3999440 0.7736444 0.8100106 0.8386632 0.9334616 0.8641642 0.8431194 0.8316616 0.8260109 0.8306158 0.8459410 0.7347211 0.8566828 0.7701279 0.6583482 0.5770757 0.5528630 0.5676273 0.5596834 0.5703618 0.6035916 0.0000000 0.3074584 0.3110568 0.3324611 0.3424763 0.3143951 0.3323089 0.3349187 0.5179875 1.0175553 0.9726844 1.0017078 1.0810066 
Alytidae          0.9238256 0.9654579 0.9820420 1.0274439 1.0777121 1.0463118 1.0512504 0.9631446 0.9956490 0.9352825 0.9113018 0.9036967 1.0634281 1.0742653 0.9032919 1.2585040 1.3174783 1.3309509 0.6582983 0.7146460 0.7264094 0.8011464 0.7455750 0.7185841 0.7332659 0.7115585 0.7340087 0.7290758 0.6324003 0.7696081 0.6860629 0.5853580 0.4980929 0.4768322 0.4781195 0.4661583 0.4742461 0.4982761 0.3074584 0.0000000 0.2001179 0.2227000 0.2345154 0.1972727 0.2158904 0.2169080 0.4109222 0.9249001 0.8565930 0.8819590 0.9784376 
Heleophrynidae    0.9113446 0.9726850 0.9910345 1.0451551 1.0641765 1.0607899 1.0777248 1.0037432 0.9975072 0.9667962 0.9515659 0.9600882 1.0663703 1.1104006 0.9393281 1.2921210 1.3525719 1.3521579 0.6922220 0.7282311 0.7443214 0.8033407 0.7575853 0.7432943 0.7492676 0.7307512 0.7346131 0.7224987 0.6600723 0.7617474 0.7119373 0.5950877 0.5160730 0.4882960 0.5004742 0.4924854 0.4904568 0.5286601 0.3110568 0.2001179 0.0000000 0.1647605 0.1760634 0.1467097 0.1663652 0.1624706 0.4252510 0.9338641 0.8679432 0.9030341 0.9712138 
Leptodactylidae   0.9284418 0.9971352 1.0032287 1.0554605 1.0840612 1.0616777 1.0560480 0.9930492 0.9897435 0.9315975 0.9284754 0.9301873 1.0772722 1.0900615 0.9588392 1.2953077 1.3531178 1.3521515 0.7271174 0.7753785 0.7779938 0.8314625 0.7856123 0.7813127 0.7810980 0.7632577 0.7673309 0.7704875 0.6910926 0.7981797 0.7163470 0.6139679 0.5194358 0.4992392 0.5132327 0.5011198 0.5069600 0.5333086 0.3324611 0.2227000 0.1647605 0.0000000 0.0663682 0.1601040 0.1821044 0.1769364 0.4463048 0.9585642 0.9059986 0.9358346 1.0116630 
Strabomantidae    0.9346495 0.9970074 0.9989742 1.0570219 1.0776038 1.0626025 1.0555605 0.9675739 0.9659362 0.9193270 0.9214711 0.9279494 1.0523698 1.0777633 0.9473592 1.2692018 1.3341345 1.3482834 0.7320453 0.7749009 0.7697630 0.8318118 0.7831724 0.7753557 0.7747644 0.7595006 0.7637377 0.7735951 0.6940009 0.7971835 0.7427318 0.6179156 0.5371169 0.5182449 0.5288974 0.5268008 0.5149731 0.5578671 0.3424763 0.2345154 0.1760634 0.0663682 0.0000000 0.1712877 0.1908601 0.1891823 0.4481978 0.9552504 0.8970980 0.9274640 1.0247609 
Micrixalidae      0.9375638 0.9815149 0.9993533 1.0390229 1.0406564 1.0657960 1.0698719 0.9885725 1.0022096 0.9481880 0.9454027 0.9510668 1.0919707 1.1120301 0.9662057 1.2604617 1.3220766 1.3325349 0.7034135 0.7481591 0.7552766 0.8095940 0.7697560 0.7512692 0.7656220 0.7300297 0.7411587 0.7442174 0.6548224 0.7754966 0.7180181 0.6123133 0.5158069 0.4835262 0.4913347 0.4867765 0.4796570 0.5242101 0.3143951 0.1972727 0.1467097 0.1601040 0.1712877 0.0000000 0.1174040 0.1117489 0.4375072 0.9551683 0.8882998 0.9155861 1.0133937 
Hemisotidae       0.9465721 0.9897133 1.0000685 1.0491509 1.0448268 1.0843244 1.0855423 0.9877628 1.0042033 0.9633121 0.9460827 0.9359673 1.0863880 1.1147963 0.9525316 1.3006785 1.3594774 1.3488339 0.7206101 0.7581683 0.7685170 0.8354872 0.7867805 0.7531476 0.7602129 0.7388991 0.7453256 0.7624903 0.6797430 0.7814369 0.7268723 0.6203911 0.5214295 0.4938311 0.5012003 0.5059101 0.4919039 0.5427287 0.3323089 0.2158904 0.1663652 0.1821044 0.1908601 0.1174040 0.0000000 0.1204702 0.4602431 0.9404189 0.9047481 0.9429765 1.0105856 
Asterophryidae    0.9492477 1.0025546 1.0085815 1.0609397 1.0662195 1.0735613 1.0897911 0.9893136 1.0013387 0.9636409 0.9593587 0.9463693 1.1069597 1.1381323 0.9663688 1.2675791 1.3306030 1.3519687 0.7181442 0.7581264 0.7748631 0.8342433 0.7884590 0.7523562 0.7709032 0.7380598 0.7437363 0.7524120 0.6853476 0.7955000 0.7326084 0.6280513 0.5235055 0.4966008 0.5039294 0.5082081 0.4994096 0.5553249 0.3349187 0.2169080 0.1624706 0.1769364 0.1891823 0.1117489 0.1204702 0.0000000 0.4675653 0.9654240 0.8909454 0.9259095 0.9859903 
Caeciliidae2      1.0396492 1.0930992 1.1251155 1.1750721 1.2099954 1.2139817 1.2036440 1.1453466 1.1564329 1.0817311 1.0608299 1.0328939 1.1959254 1.2470371 1.0615281 1.3575006 1.4392846 1.4885596 0.8087191 0.8749854 0.8784390 0.9574884 0.9166106 0.8951950 0.9014710 0.8813240 0.8960977 0.8995449 0.8098872 0.9337639 0.8568318 0.7012820 0.6460846 0.6254976 0.6259528 0.6020610 0.6186889 0.6535981 0.5179875 0.4109222 0.4252510 0.4463048 0.4481978 0.4375072 0.4602431 0.4675653 0.0000000 1.0807454 1.0588481 1.0663864 1.2102494 
Polypteriformes   1.4137402 1.4599163 1.4669734 1.4951205 1.5539972 1.4882002 1.5338289 1.4882458 1.4608696 1.4421350 1.4150198 1.3610635 1.5317236 1.5883456 1.4103362 1.8047239 1.7922621 1.7269636 1.1419062 1.1882609 1.1897371 1.2600738 1.2176652 1.1575592 1.2041350 1.1518877 1.1693149 1.1975906 1.1578930 1.2867979 1.1714469 1.0178803 1.0446616 0.9897488 0.9979820 0.9771945 1.0281466 1.0020746 1.0175553 0.9249001 0.9338641 0.9585642 0.9552504 0.9551683 0.9404189 0.9654240 1.0807454 0.0000000 0.8880356 0.9108371 1.1901743 
Channichthyidae   1.2639574 1.2733236 1.3469733 1.3803712 1.4498119 1.3810930 1.4003084 1.3309926 1.3485039 1.3521952 1.2988666 1.2719744 1.4677643 1.4720190 1.2840686 1.6558037 1.6609397 1.6080560 1.1251196 1.1051261 1.1319038 1.2534774 1.1423752 1.1365263 1.1567186 1.1136699 1.1366442 1.1593214 1.1253460 1.1524221 1.0920944 0.9816080 0.9814100 0.9326164 0.9306004 0.9124994 0.9192914 0.9607428 0.9726844 0.8565930 0.8679432 0.9059986 0.8970980 0.8882998 0.9047481 0.8909454 1.0588481 0.8880356 0.0000000 0.1008802 1.1570408 
Pseudaphritidae   1.3060088 1.3407891 1.3832779 1.4210855 1.4894794 1.4211526 1.4757820 1.4031234 1.4003162 1.4121459 1.3788823 1.3412006 1.5139576 1.5403343 1.3405006 1.7106323 1.7019301 1.6495952 1.1415603 1.1265606 1.1636785 1.2577302 1.1707533 1.1725094 1.1829433 1.1304688 1.1538408 1.1892233 1.1259356 1.1655660 1.0906786 0.9747345 0.9808463 0.9463518 0.9340819 0.9225945 0.9421395 0.9687914 1.0017078 0.8819590 0.9030341 0.9358346 0.9274640 0.9155861 0.9429765 0.9259095 1.0663864 0.9108371 0.1008802 0.0000000 1.1659065 
Carcharhinidae    1.4270595 1.5547573 1.5329143 1.5776156 1.6499350 1.6275592 1.6221531 1.5318676 1.5408751 1.5648199 1.4916841 1.4988618 1.6744061 1.6891884 1.4516085 1.8820294 1.8518758 1.8818860 1.2121197 1.2698684 1.2846307 1.3363805 1.3180568 1.3012768 1.3022138 1.2720882 1.2688947 1.2927434 1.1932773 1.3043865 1.1901587 1.1087362 1.0554253 1.0307957 1.0334303 1.0291342 1.0219976 1.0756848 1.0810066 0.9784376 0.9712138 1.0116630 1.0247609 1.0133937 1.0105856 0.9859903 1.2102494 1.1901743 1.1570408 1.1659065 0.0000000 
