51
Pitheciidae       0.0000000 0.4070666 0.4722305 0.4950538 0.4447606 0.5106113 0.4399472 0.4868536 0.4415658 0.4626540 0.4367036 0.4438063 0.4269360 0.4526864 0.6021250 0.8272624 0.8900801 0.9335332 1.4724799 1.3234932 1.3375611 1.3540241 1.3199262 1.4041757 1.3341988 1.3155211 1.2820861 1.3368992 1.2192330 1.1959261 1.3807645 1.2479000 1.6238470 1.4633957 1.6423761 2.5218461 1.5818979 1.7161210 2.2810931 1.3230174 1.5657465 1.3698517 1.4000426 1.5615041 1.3477006 1.4674547 1.6446203 1.3680261 1.5467877 1.5213370 2.1995816 
Scandentia        0.4070666 0.0000000 0.3939427 0.4474733 0.4335083 0.4897712 0.3973215 0.4297903 0.4020920 0.4041594 0.3665621 0.3646838 0.4117483 0.4175608 0.5941618 0.7538041 0.8784439 0.8537865 1.3975101 1.3409039 1.3777912 1.3451214 1.3321420 1.4390652 1.4104245 1.3767885 1.3364677 1.3640438 1.2448708 1.2674236 1.4503271 1.3011095 1.6857944 1.4149505 1.5398648 2.4954157 1.5698976 1.7148313 2.0829187 1.4864942 1.6728890 1.5571658 1.4479752 1.6245551 1.5869951 1.6224543 1.5862753 1.4127672 1.4771600 1.4630982 2.0440225 
Erethizontidae    0.4722305 0.3939427 0.0000000 0.2087306 0.4027431 0.4882708 0.4514666 0.4804417 0.4845782 0.4421429 0.4318482 0.4465124 0.4448821 0.4487634 0.6416959 0.8507785 0.9513398 0.9536882 1.6215624 1.4081214 1.4543698 1.4351698 1.4085138 1.4962990 1.5111857 1.4230987 1.3797363 1.4433834 1.3497065 1.4257550 1.5702864 1.4588626 1.8457324 1.6042095 1.7071247 2.5122077 1.6303737 1.7403799 2.1931751 1.5311204 1.6378478 1.4864942 1.4813030 1.6649800 1.5495097 1.5864104 1.7381805 1.4337509 1.5369477 1.5214752 2.3019205 
Capromyidae       0.4950538 0.4474733 0.2087306 0.0000000 0.4056071 0.5112035 0.4753267 0.5243509 0.4872315 0.4996204 0.4367001 0.4656477 0.5071680 0.4804417 0.6716789 0.8525505 0.9382703 0.9552599 1.5012981 1.3431986 1.4135078 1.3904815 1.3685830 1.4821861 1.4431367 1.3961542 1.3352907 1.4077256 1.2723561 1.3289949 1.4771600 1.3880981 1.7466638 1.5552430 1.6421963 2.6134299 1.5768934 1.7613594 2.4073910 1.4526102 1.5800614 1.4513506 1.4206056 1.6405619 1.5352407 1.6002617 1.7475794 1.4528132 1.4234417 1.4048563 2.3189156 
Muridae           0.4447606 0.4335083 0.4027431 0.4056071 0.0000000 0.4710176 0.4785924 0.4686135 0.4361630 0.4265013 0.4239047 0.4404735 0.4541565 0.4383262 0.6558012 0.7759876 0.8670240 0.8752030 1.4521984 1.2574974 1.2830110 1.3109533 1.2918593 1.3405562 1.3378265 1.3091734 1.3032153 1.2561072 1.2554812 1.2672030 1.3880981 1.2812943 1.6911304 1.5252202 1.6507269 2.6076506 1.5263242 1.6057844 2.3957490 1.4963515 1.6374043 1.4914033 1.4964068 1.6678576 1.6246426 1.5684309 1.8080748 1.4497090 1.4040026 1.3904184 2.0574551 
Castoridae        0.5106113 0.4897712 0.4882708 0.5112035 0.4710176 0.0000000 0.5066009 0.5197733 0.5119817 0.5252455 0.5150332 0.5147489 0.5134741 0.4703144 0.7043181 0.9319420 1.0424060 1.0600219 1.5410298 1.4127672 1.4403839 1.4203591 1.4001171 1.4962990 1.4331645 1.5111020 1.3928037 1.4581790 1.3177194 1.4340401 1.6259959 1.5011641 1.8639077 1.6656285 1.8850851 2.5122077 1.7836807 1.8837235 2.5454234 1.7601152 1.9127559 1.7132976 1.6548168 1.8291775 1.8853319 1.7819185 1.9725544 1.5991109 1.5979457 1.5757478 2.6136717 
Suidae            0.4399472 0.3973215 0.4514666 0.4753267 0.4785924 0.5066009 0.0000000 0.2724289 0.2492925 0.3395097 0.3192516 0.3410413 0.3472970 0.3445500 0.5617812 0.8442292 0.9329490 0.8938406 1.4340401 1.3362321 1.3555062 1.2982735 1.3072417 1.3988301 1.3828836 1.3551921 1.2966142 1.3431479 1.1825746 1.2848423 1.3828836 1.3184706 1.6378478 1.5063621 1.6554850 2.5032704 1.6099330 1.7366658 2.1870235 1.5057350 1.5305659 1.4914192 1.5114421 1.4913710 1.4213872 1.4670550 1.6329174 1.5412702 1.5800614 1.5527296 2.3965587 
Hippopotamidae    0.4868536 0.4297903 0.4804417 0.5243509 0.4686135 0.5197733 0.2724289 0.0000000 0.2255078 0.3789728 0.3562218 0.3879440 0.3759977 0.3755605 0.6506322 0.8342841 0.9095649 0.9392287 1.5117967 1.3941848 1.3843997 1.4170582 1.3739872 1.4490734 1.4283030 1.3909040 1.3833934 1.3781596 1.2574974 1.2960984 1.4380262 1.2957744 1.6259959 1.5588657 1.6663265 2.4799751 1.5852637 1.6519236 2.4292051 1.5060685 1.5878882 1.5934706 1.5842750 1.6864331 1.5809824 1.6177623 1.8183897 1.5207981 1.5956567 1.5894152 2.2749808 
Hyperoodontidae   0.4415658 0.4020920 0.4845782 0.4872315 0.4361630 0.5119817 0.2492925 0.2255078 0.0000000 0.3535598 0.3276782 0.3662558 0.3488644 0.3472970 0.6483261 0.8392115 0.9077549 0.9274008 1.4040026 1.3088100 1.2962873 1.3169723 1.3124995 1.3645913 1.3517813 1.3153986 1.2812575 1.3161758 1.1448928 1.2776702 1.3364277 1.3207114 1.5664934 1.4431367 1.5810133 2.3463813 1.6326619 1.5757478 2.3631205 1.4193019 1.5800614 1.5909948 1.5899357 1.7393523 1.5552430 1.5633043 1.7336966 1.5773310 1.5496776 1.5602954 2.2310276 
Vespertilionidae  0.4626540 0.4041594 0.4421429 0.4996204 0.4265013 0.5252455 0.3395097 0.3789728 0.3535598 0.0000000 0.1787293 0.2172440 0.3158155 0.3263956 0.5975241 0.8077905 0.8570815 0.8720486 1.4517786 1.2599883 1.3230174 1.2615587 1.2481583 1.3299848 1.2943681 1.2748208 1.2693892 1.3036918 1.1471412 1.2501612 1.3899285 1.2382019 1.7290543 1.5326852 1.6072841 2.6787405 1.5991109 1.7875850 2.3019205 1.5062429 1.6313139 1.5316917 1.5067350 1.5521158 1.5160175 1.5752990 1.5449221 1.4815678 1.5221886 1.4862012 2.1168768 
Furipteridae      0.4367036 0.3665621 0.4318482 0.4367001 0.4239047 0.5150332 0.3192516 0.3562218 0.3276782 0.1787293 0.0000000 0.1899780 0.3078040 0.3184088 0.5738113 0.8136877 0.9114655 0.8970961 1.4561621 1.3261141 1.3345925 1.3451300 1.2994793 1.3745329 1.3639693 1.3161294 1.3424760 1.3357197 1.1967578 1.2093291 1.3451361 1.2481583 1.7071247 1.5263242 1.5588657 2.5851556 1.4963426 1.7282971 2.4482813 1.5268223 1.6604109 1.5873905 1.5114421 1.5512195 1.5298542 1.5894152 1.6782410 1.4914350 1.5117967 1.4963974 2.2182354 
Rhinolophidae     0.4438063 0.3646838 0.4465124 0.4656477 0.4404735 0.5147489 0.3410413 0.3879440 0.3662558 0.2172440 0.1899780 0.0000000 0.3295838 0.3406570 0.5788194 0.7927122 0.8736236 0.8554076 1.4423827 1.3056503 1.3536670 1.3244814 1.2884564 1.3610939 1.3513293 1.3342858 1.2831545 1.3444611 1.1936418 1.2326706 1.4346104 1.2875894 1.7766795 1.5271632 1.6526701 2.5587916 1.5473406 1.6827758 2.3695338 1.4914033 1.6405619 1.5115294 1.4713656 1.5823628 1.4621724 1.5908714 1.6464560 1.4863293 1.5068646 1.5015811 2.1502054 
Viverridae        0.4269360 0.4117483 0.4448821 0.5071680 0.4541565 0.5134741 0.3472970 0.3759977 0.3488644 0.3158155 0.3078040 0.3295838 0.0000000 0.1831254 0.5907410 0.7841994 0.9124197 0.9079317 1.4328671 1.2979189 1.3059362 1.2750730 1.2569506 1.3380272 1.3061699 1.2966142 1.2399762 1.2974475 1.1610093 1.2767565 1.3511422 1.2874339 1.6549098 1.5661183 1.5847666 2.5032704 1.6576117 1.7015815 2.6774930 1.4963426 1.7437333 1.5696458 1.5636764 1.7015815 1.6581426 1.5904623 1.5668088 1.5015081 1.6032574 1.5800614 2.2895230 
Procyonidae       0.4526864 0.4175608 0.4487634 0.4804417 0.4383262 0.4703144 0.3445500 0.3755605 0.3472970 0.3263956 0.3184088 0.3406570 0.1831254 0.0000000 0.6187876 0.7912455 0.9113847 0.8788126 1.4563546 1.2893169 1.3444753 1.3464693 1.2974475 1.4077256 1.3444611 1.3390317 1.2667379 1.3317425 1.1932944 1.3077897 1.4377518 1.3438143 1.7293871 1.5722953 1.6334427 2.5799392 1.7361281 1.7557319 2.4063116 1.5380903 1.6770939 1.5857666 1.5588657 1.7028165 1.6074555 1.6394799 1.7092369 1.5585182 1.6574213 1.6391798 2.5445870 
Myrmecophagidae   0.6021250 0.5941618 0.6416959 0.6716789 0.6558012 0.7043181 0.5617812 0.6506322 0.6483261 0.5975241 0.5738113 0.5788194 0.5907410 0.6187876 0.0000000 0.9729632 0.9969929 1.0385754 1.6437370 1.4866136 1.4813030 1.5112703 1.4719366 1.6464891 1.6237228 1.5652069 1.5065457 1.5857666 1.4163401 1.4811665 1.5814976 1.5640526 1.7783951 1.6856473 1.7992870 2.9674602 1.7050273 1.8837235 2.8209125 1.7326751 1.7968914 1.7242944 1.6528757 1.8192152 1.7257183 1.8646155 1.8794921 1.8217185 1.7568226 1.7536172 2.4622126 
Caluromyidae      0.8272624 0.7538041 0.8507785 0.8525505 0.7759876 0.9319420 0.8442292 0.8342841 0.8392115 0.8077905 0.8136877 0.7927122 0.7841994 0.7912455 0.9729632 0.0000000 0.3215026 0.3477043 1.4808127 1.2650841 1.3604937 1.3371300 1.3404266 1.4292459 1.4461049 1.3580414 1.3734368 1.3880981 1.2545930 1.3015601 1.3909040 1.3586623 1.6728018 1.4913213 1.6716102 2.3922291 1.4859326 1.9154872 2.2452946 1.5727102 1.7655763 1.5213370 1.5700600 1.6814249 1.6324266 1.4357558 1.6913165 1.5066712 1.4860240 1.4654842 2.1451423 
Thylacomyidae     0.8900801 0.8784439 0.9513398 0.9382703 0.8670240 1.0424060 0.9329490 0.9095649 0.9077549 0.8570815 0.9114655 0.8736236 0.9124197 0.9113847 0.9969929 0.3215026 0.0000000 0.3640503 1.7748491 1.4722660 1.5365075 1.5415130 1.5264885 1.6245551 1.6535967 1.6282210 1.5996830 1.6093033 1.5012644 1.4914804 1.5063621 1.5324822 1.7763586 1.7467488 2.0019485 2.6640461 1.6974794 1.9523981 2.3219213 1.6473408 1.7800388 1.6252714 1.6814249 1.7925019 1.6281630 1.6112142 1.8205706 1.5549877 1.5730966 1.5506094 2.3297991 
Phalangeridae     0.9335332 0.8537865 0.9536882 0.9552599 0.8752030 1.0600219 0.8938406 0.9392287 0.9274008 0.8720486 0.8970961 0.8554076 0.9079317 0.8788126 1.0385754 0.3477043 0.3640503 0.0000000 1.7147385 1.4670550 1.5117067 1.4357558 1.4513506 1.5470627 1.6003451 1.4964657 1.5276886 1.5169207 1.3748799 1.5066081 1.5330980 1.4860690 1.8633781 1.6290767 1.7663039 2.8044464 1.5726475 1.8447326 2.5233731 1.6362538 1.7399584 1.6259959 1.6267261 1.7875850 1.6911304 1.5165731 1.8290335 1.7105723 1.7819268 1.7609037 2.2737441 
Tityridae         1.4724799 1.3975101 1.6215624 1.5012981 1.4521984 1.5410298 1.4340401 1.5117967 1.4040026 1.4517786 1.4561621 1.4423827 1.4328671 1.4563546 1.6437370 1.4808127 1.7748491 1.7147385 0.0000000 0.3155023 0.3336496 0.3106572 0.3055316 0.3371513 0.3512604 0.3208901 0.3504307 0.3367259 0.3268580 0.5356902 0.6224173 0.5760162 1.0628879 0.9520841 1.0834299 1.9380177 1.0597086 1.2041901 1.9536211 1.1136241 1.3153986 1.1420717 1.1766007 1.4104660 1.2276851 1.3043585 1.4543698 0.9861461 1.0130301 1.0008681 1.5610350 
Ptilonorhynchidae 1.3234932 1.3409039 1.4081214 1.3431986 1.2574974 1.4127672 1.3362321 1.3941848 1.3088100 1.2599883 1.3261141 1.3056503 1.2979189 1.2893169 1.4866136 1.2650841 1.4722660 1.4670550 0.3155023 0.0000000 0.2070789 0.2116265 0.2029920 0.2386939 0.2240393 0.2078924 0.2275325 0.2269757 0.2550636 0.4519603 0.6074874 0.5005838 0.9963702 0.8988491 0.9848621 1.8687000 1.0214727 1.1502320 1.7596457 0.9786488 1.2097193 0.9960373 1.0541977 1.1600780 1.0909687 1.1083806 1.2628046 0.8852238 0.8534303 0.8467829 1.5397997 
Callaeatidae      1.3375611 1.3777912 1.4543698 1.4135078 1.2830110 1.4403839 1.3555062 1.3843997 1.2962873 1.3230174 1.3345925 1.3536670 1.3059362 1.3444753 1.4813030 1.3604937 1.5365075 1.5117067 0.3336496 0.2070789 0.0000000 0.1442646 0.1412147 0.1710619 0.1516525 0.1527782 0.1633760 0.1610058 0.2742934 0.4862218 0.6012927 0.5107871 0.9781723 0.8838676 0.9886897 1.9621650 1.0421508 1.1448928 1.8646155 0.9939276 1.2686385 1.1122959 1.1215702 1.2884564 1.1724948 1.1649067 1.3601985 0.9360357 0.9107035 0.9326798 1.6574213 
Monarchidae       1.3540241 1.3451214 1.4351698 1.3904815 1.3109533 1.4203591 1.2982735 1.4170582 1.3169723 1.2615587 1.3451300 1.3244814 1.2750730 1.3464693 1.5112703 1.3371300 1.5415130 1.4357558 0.3106572 0.2116265 0.1442646 0.0000000 0.1071391 0.1738872 0.1575833 0.1540419 0.1693302 0.1513708 0.2512961 0.4623972 0.5796256 0.5165679 1.0041758 0.9008990 0.9625483 1.9187657 1.0199470 1.1322569 1.8483717 0.9890652 1.2235877 1.0770063 1.1163300 1.2812575 1.1968231 1.1567652 1.2837155 0.9319420 0.8965902 0.8965902 1.5549877 
Malaconotidae     1.3199262 1.3321420 1.4085138 1.3685830 1.2918593 1.4001171 1.3072417 1.3739872 1.3124995 1.2481583 1.2994793 1.2884564 1.2569506 1.2974475 1.4719366 1.3404266 1.5264885 1.4513506 0.3055316 0.2029920 0.1412147 0.1071391 0.0000000 0.1551589 0.1467373 0.1417338 0.1615125 0.1529202 0.2588525 0.4548179 0.6055785 0.5150044 1.0116610 0.9081102 0.9936094 1.9492417 1.0556684 1.1352132 2.0404190 0.9760655 1.2345682 1.0965611 1.1405346 1.2794772 1.1805901 1.2098427 1.3601985 0.9466092 0.8893825 0.8823940 1.5337343 
Certhiidae        1.4041757 1.4390652 1.4962990 1.4821861 1.3405562 1.4962990 1.3988301 1.4490734 1.3645913 1.3299848 1.3745329 1.3610939 1.3380272 1.4077256 1.6464891 1.4292459 1.6245551 1.5470627 0.3371513 0.2386939 0.1710619 0.1738872 0.1551589 0.0000000 0.1537565 0.1332676 0.1589210 0.1470536 0.2871964 0.4924199 0.6261873 0.5470471 0.9877160 0.8995361 0.9356657 1.9334962 1.0591346 1.1164211 1.8358423 0.9797004 1.2419979 1.0608799 1.0900898 1.2656043 1.1702417 1.1627546 1.3269278 0.9856823 0.9232705 0.9196992 1.6673563 
Cinclidae         1.3341988 1.4104245 1.5111857 1.4431367 1.3378265 1.4331645 1.3828836 1.4283030 1.3517813 1.2943681 1.3639693 1.3513293 1.3061699 1.3444611 1.6237228 1.4461049 1.6535967 1.6003451 0.3512604 0.2240393 0.1516525 0.1575833 0.1467373 0.1537565 0.0000000 0.1375361 0.1526364 0.1422569 0.2823482 0.4881230 0.6362443 0.5128854 1.0070774 0.9211165 1.0039868 1.9517491 1.0482667 1.0757877 1.8840142 0.9991511 1.2644118 1.0745140 1.1271134 1.2830816 1.1615709 1.1596260 1.3371160 0.9414838 0.9528863 0.9569809 1.6417945 
Ploceidae         1.3155211 1.3767885 1.4230987 1.3961542 1.3091734 1.5111020 1.3551921 1.3909040 1.3153986 1.2748208 1.3161294 1.3342858 1.2966142 1.3390317 1.5652069 1.3580414 1.6282210 1.4964657 0.3208901 0.2078924 0.1527782 0.1540419 0.1417338 0.1332676 0.1375361 0.0000000 0.0943018 0.1388083 0.2629366 0.4827007 0.6108459 0.5242483 1.0237138 0.8839375 0.9881064 1.9360936 1.0605977 1.0893308 1.9157369 0.9596506 1.2149103 1.0412593 1.0911001 1.2477381 1.1343720 1.1567652 1.3613253 0.9250014 0.9034718 0.8999632 1.6035127 
Thraupidae        1.2820861 1.3364677 1.3797363 1.3352907 1.3032153 1.3928037 1.2966142 1.3833934 1.2812575 1.2693892 1.3424760 1.2831545 1.2399762 1.2667379 1.5065457 1.3734368 1.5996830 1.5276886 0.3504307 0.2275325 0.1633760 0.1693302 0.1615125 0.1589210 0.1526364 0.0943018 0.0000000 0.1601054 0.2808560 0.4895025 0.6414409 0.5447477 1.0154126 0.9183091 1.0004424 1.9919824 1.0624742 1.0961653 1.8539948 0.9552599 1.2492812 1.0348861 1.0786798 1.2653482 1.1251790 1.1349972 1.3744146 0.9385868 0.8858373 0.8892873 1.5617920 
Alaudidae         1.3368992 1.3640438 1.4433834 1.4077256 1.2561072 1.4581790 1.3431479 1.3781596 1.3161758 1.3036918 1.3357197 1.3444611 1.2974475 1.3317425 1.5857666 1.3880981 1.6093033 1.5169207 0.3367259 0.2269757 0.1610058 0.1513708 0.1529202 0.1470536 0.1422569 0.1388083 0.1601054 0.0000000 0.2853850 0.4906853 0.6192291 0.5293759 0.9863123 0.8963338 0.9970721 1.9526676 1.0641336 1.1164211 2.0413618 1.0116610 1.2821370 1.0924763 1.1216624 1.3297012 1.1583195 1.1860335 1.3832621 0.9654520 0.9268486 0.9232705 1.6771962 
Coraciiformes     1.2192330 1.2448708 1.3497065 1.2723561 1.2554812 1.3177194 1.1825746 1.2574974 1.1448928 1.1471412 1.1967578 1.1936418 1.1610093 1.1932944 1.4163401 1.2545930 1.5012644 1.3748799 0.3268580 0.2550636 0.2742934 0.2512961 0.2588525 0.2871964 0.2823482 0.2629366 0.2808560 0.2853850 0.0000000 0.3971430 0.5050041 0.4533452 0.9536882 0.8251033 0.9148438 1.8209836 0.8790066 1.0900898 1.7245115 0.9848621 1.2622039 0.9694648 1.0036982 1.1936418 1.0514279 1.0584802 1.2416760 0.9180847 0.8927440 0.8892873 1.5287926 
Crocodylidae      1.1959261 1.2674236 1.4257550 1.3289949 1.2672030 1.4340401 1.2848423 1.2960984 1.2776702 1.2501612 1.2093291 1.2326706 1.2767565 1.3077897 1.4811665 1.3015601 1.4914804 1.5066081 0.5356902 0.4519603 0.4862218 0.4623972 0.4548179 0.4924199 0.4881230 0.4827007 0.4895025 0.4906853 0.3971430 0.0000000 0.5620931 0.4534292 0.9844368 0.9004695 1.0313007 1.9013227 0.9073440 1.0713151 1.6999302 0.9370070 1.1513430 0.9569016 0.9939276 1.1514701 1.0375421 1.0499474 1.2943462 0.8470445 0.8686843 0.8585201 1.6538400 
Carettochelyidae  1.3807645 1.4503271 1.5702864 1.4771600 1.3880981 1.6259959 1.3828836 1.4380262 1.3364277 1.3899285 1.3451361 1.4346104 1.3511422 1.4377518 1.5814976 1.3909040 1.5063621 1.5330980 0.6224173 0.6074874 0.6012927 0.5796256 0.6055785 0.6261873 0.6362443 0.6108459 0.6414409 0.6192291 0.5050041 0.5620931 0.0000000 0.3905275 1.0855213 0.9890652 1.0153704 1.8489465 1.0406720 1.2073719 2.0345222 1.0628879 1.2921003 1.1507432 1.1433323 1.3161758 1.1302124 1.1795768 1.2867159 0.9669495 1.0122120 0.9835533 1.6084372 
Kinosternidae     1.2479000 1.3011095 1.4588626 1.3880981 1.2812943 1.5011641 1.3184706 1.2957744 1.3207114 1.2382019 1.2481583 1.2875894 1.2874339 1.3438143 1.5640526 1.3586623 1.5324822 1.4860690 0.5760162 0.5005838 0.5107871 0.5165679 0.5150044 0.5470471 0.5128854 0.5242483 0.5447477 0.5293759 0.4533452 0.4534292 0.3905275 0.0000000 1.0043599 0.8819587 1.0221156 1.7249836 0.9310190 1.0883256 1.9074825 0.9437733 1.1964519 0.9997933 1.0086122 1.2312375 1.0019779 1.0628879 1.2298742 0.8929665 0.9629986 0.9520841 1.6235877 
Anomalepididae    1.6238470 1.6857944 1.8457324 1.7466638 1.6911304 1.8639077 1.6378478 1.6259959 1.5664934 1.7290543 1.7071247 1.7766795 1.6549098 1.7293871 1.7783951 1.6728018 1.7763586 1.8633781 1.0628879 0.9963702 0.9781723 1.0041758 1.0116610 0.9877160 1.0070774 1.0237138 1.0154126 0.9863123 0.9536882 0.9844368 1.0855213 1.0043599 0.0000000 0.7486577 0.8686884 1.9406867 0.8944159 1.1136241 2.3047035 1.4026405 1.6099330 1.3959727 1.4774096 1.6438697 1.5246238 1.5011641 1.6482025 1.2540431 1.3138256 1.3045244 1.7742383 
Loxocemidae       1.4633957 1.4149505 1.6042095 1.5552430 1.5252202 1.6656285 1.5063621 1.5588657 1.4431367 1.5326852 1.5263242 1.5271632 1.5661183 1.5722953 1.6856473 1.4913213 1.7467488 1.6290767 0.9520841 0.8988491 0.8838676 0.9008990 0.9081102 0.8995361 0.9211165 0.8839375 0.9183091 0.8963338 0.8251033 0.9004695 0.9890652 0.8819587 0.7486577 0.0000000 0.4526071 1.7188438 0.8970961 1.0728737 1.8654073 1.2108037 1.2865761 1.2171632 1.2381307 1.4633957 1.3092218 1.2676360 1.3756103 1.2540431 1.1837348 1.1837348 1.7356936 
Natricidae        1.6423761 1.5398648 1.7071247 1.6421963 1.6507269 1.8850851 1.6554850 1.6663265 1.5810133 1.6072841 1.5588657 1.6526701 1.5847666 1.6334427 1.7992870 1.6716102 2.0019485 1.7663039 1.0834299 0.9848621 0.9886897 0.9625483 0.9936094 0.9356657 1.0039868 0.9881064 1.0004424 0.9970721 0.9148438 1.0313007 1.0153704 1.0221156 0.8686884 0.4526071 0.0000000 1.8574941 0.9310190 1.2114796 2.1349672 1.2812575 1.4340401 1.3812726 1.3698517 1.5214752 1.4362601 1.4081214 1.5777735 1.3314121 1.3263138 1.3045244 1.8806061 
Xenosauridae      2.5218461 2.4954157 2.5122077 2.6134299 2.6076506 2.5122077 2.5032704 2.4799751 2.3463813 2.6787405 2.5851556 2.5587916 2.5032704 2.5799392 2.9674602 2.3922291 2.6640461 2.8044464 1.9380177 1.8687000 1.9621650 1.9187657 1.9492417 1.9334962 1.9517491 1.9360936 1.9919824 1.9526676 1.8209836 1.9013227 1.8489465 1.7249836 1.9406867 1.7188438 1.8574941 0.0000000 1.8549388 2.0744269 2.7136933 2.3523922 2.5945382 2.3711434 2.2919900 2.6074869 2.1694150 2.3112717 2.1088603 2.4536702 2.1559677 2.1433440 3.0058975 
Teiidae           1.5818979 1.5698976 1.6303737 1.5768934 1.5263242 1.7836807 1.6099330 1.5852637 1.6326619 1.5991109 1.4963426 1.5473406 1.6576117 1.7361281 1.7050273 1.4859326 1.6974794 1.5726475 1.0597086 1.0214727 1.0421508 1.0199470 1.0556684 1.0591346 1.0482667 1.0605977 1.0624742 1.0641336 0.8790066 0.9073440 1.0406720 0.9310190 0.8944159 0.8970961 0.9310190 1.8549388 0.0000000 1.2705110 2.1119464 1.3691352 1.5221886 1.3489549 1.3314121 1.5824831 1.3077897 1.3937279 1.6177623 1.2345682 1.3776248 1.3598884 1.9433050 
Eublepharidae     1.7161210 1.7148313 1.7403799 1.7613594 1.6057844 1.8837235 1.7366658 1.6519236 1.5757478 1.7875850 1.7282971 1.6827758 1.7015815 1.7557319 1.8837235 1.9154872 1.9523981 1.8447326 1.2041901 1.1502320 1.1448928 1.1322569 1.1352132 1.1164211 1.0757877 1.0893308 1.0961653 1.1164211 1.0900898 1.0713151 1.2073719 1.0883256 1.1136241 1.0728737 1.2114796 2.0744269 1.2705110 0.0000000 2.1457144 1.4065182 1.5373973 1.4433834 1.4152378 1.6309560 1.3657525 1.4620128 1.7148313 1.4116322 1.4626422 1.4438698 2.0397052 
Dicamptodontidae  2.2810931 2.0829187 2.1931751 2.4073910 2.3957490 2.5454234 2.1870235 2.4292051 2.3631205 2.3019205 2.4482813 2.3695338 2.6774930 2.4063116 2.8209125 2.2452946 2.3219213 2.5233731 1.9536211 1.7596457 1.8646155 1.8483717 2.0404190 1.8358423 1.8840142 1.9157369 1.8539948 2.0413618 1.7245115 1.6999302 2.0345222 1.9074825 2.3047035 1.8654073 2.1349672 2.7136933 2.1119464 2.1457144 0.0000000 1.5016934 1.6267261 1.4859785 1.4506925 1.4859326 1.4701336 1.5293730 1.6726090 1.6208590 1.7819550 1.7819550 2.4135977 
Alytidae          1.3230174 1.4864942 1.5311204 1.4526102 1.4963515 1.7601152 1.5057350 1.5060685 1.4193019 1.5062429 1.5268223 1.4914033 1.4963426 1.5380903 1.7326751 1.5727102 1.6473408 1.6362538 1.1136241 0.9786488 0.9939276 0.9890652 0.9760655 0.9797004 0.9991511 0.9596506 0.9552599 1.0116610 0.9848621 0.9370070 1.0628879 0.9437733 1.4026405 1.2108037 1.2812575 2.3523922 1.3691352 1.4065182 1.5016934 0.0000000 0.6850267 0.5957480 0.5940314 0.8574247 0.7140007 0.6992058 1.0460007 1.0338546 0.9895003 0.9926613 1.7372341 
Heleophrynidae    1.5657465 1.6728890 1.6378478 1.5800614 1.6374043 1.9127559 1.5305659 1.5878882 1.5800614 1.6313139 1.6604109 1.6405619 1.7437333 1.6770939 1.7968914 1.7655763 1.7800388 1.7399584 1.3153986 1.2097193 1.2686385 1.2235877 1.2345682 1.2419979 1.2644118 1.2149103 1.2492812 1.2821370 1.2622039 1.1513430 1.2921003 1.1964519 1.6099330 1.2865761 1.4340401 2.5945382 1.5221886 1.5373973 1.6267261 0.6850267 0.0000000 0.5032841 0.5271637 0.7466414 0.6630048 0.6012927 1.1478348 1.2181897 1.2104604 1.1996337 1.8751075 
Leptodactylidae   1.3698517 1.5571658 1.4864942 1.4513506 1.4914033 1.7132976 1.4914192 1.5934706 1.5909948 1.5316917 1.5873905 1.5115294 1.5696458 1.5857666 1.7242944 1.5213370 1.6252714 1.6259959 1.1420717 0.9960373 1.1122959 1.0770063 1.0965611 1.0608799 1.0745140 1.0412593 1.0348861 1.0924763 0.9694648 0.9569016 1.1507432 0.9997933 1.3959727 1.2171632 1.3812726 2.3711434 1.3489549 1.4433834 1.4859785 0.5957480 0.5032841 0.0000000 0.1412439 0.6423927 0.5158734 0.4978983 1.1461495 1.0816724 1.0546877 1.0450870 1.8165525 
Strabomantidae    1.4000426 1.4479752 1.4813030 1.4206056 1.4964068 1.6548168 1.5114421 1.5842750 1.5899357 1.5067350 1.5114421 1.4713656 1.5636764 1.5588657 1.6528757 1.5700600 1.6814249 1.6267261 1.1766007 1.0541977 1.1215702 1.1163300 1.1405346 1.0900898 1.1271134 1.0911001 1.0786798 1.1216624 1.0036982 0.9939276 1.1433323 1.0086122 1.4774096 1.2381307 1.3698517 2.2919900 1.3314121 1.4152378 1.4506925 0.5940314 0.5271637 0.1412439 0.0000000 0.6667134 0.5295387 0.5012594 1.1258091 1.0904502 1.0169193 1.0124587 1.8196386 
Micrixalidae      1.5615041 1.6245551 1.6649800 1.6405619 1.6678576 1.8291775 1.4913710 1.6864331 1.7393523 1.5521158 1.5512195 1.5823628 1.7015815 1.7028165 1.8192152 1.6814249 1.7925019 1.7875850 1.4104660 1.1600780 1.2884564 1.2812575 1.2794772 1.2656043 1.2830816 1.2477381 1.2653482 1.3297012 1.1936418 1.1514701 1.3161758 1.2312375 1.6438697 1.4633957 1.5214752 2.6074869 1.5824831 1.6309560 1.4859326 0.8574247 0.7466414 0.6423927 0.6667134 0.0000000 0.5765000 0.5631870 1.2363864 1.1970572 1.2473296 1.2449797 1.8381068 
Hemisotidae       1.3477006 1.5869951 1.5495097 1.5352407 1.6246426 1.8853319 1.4213872 1.5809824 1.5552430 1.5160175 1.5298542 1.4621724 1.6581426 1.6074555 1.7257183 1.6324266 1.6281630 1.6911304 1.2276851 1.0909687 1.1724948 1.1968231 1.1805901 1.1702417 1.1615709 1.1343720 1.1251790 1.1583195 1.0514279 1.0375421 1.1302124 1.0019779 1.5246238 1.3092218 1.4362601 2.1694150 1.3077897 1.3657525 1.4701336 0.7140007 0.6630048 0.5158734 0.5295387 0.5765000 0.0000000 0.4724096 1.1429449 1.1096870 1.2488601 1.2507606 1.8447326 
Asterophryidae    1.4674547 1.6224543 1.5864104 1.6002617 1.5684309 1.7819185 1.4670550 1.6177623 1.5633043 1.5752990 1.5894152 1.5908714 1.5904623 1.6394799 1.8646155 1.4357558 1.6112142 1.5165731 1.3043585 1.1083806 1.1649067 1.1567652 1.2098427 1.1627546 1.1596260 1.1567652 1.1349972 1.1860335 1.0584802 1.0499474 1.1795768 1.0628879 1.5011641 1.2676360 1.4081214 2.3112717 1.3937279 1.4620128 1.5293730 0.6992058 0.6012927 0.4978983 0.5012594 0.5631870 0.4724096 0.0000000 1.1797096 1.1965320 1.2356049 1.2443513 2.1933501 
Caeciliidae2      1.6446203 1.5862753 1.7381805 1.7475794 1.8080748 1.9725544 1.6329174 1.8183897 1.7336966 1.5449221 1.6782410 1.6464560 1.5668088 1.7092369 1.8794921 1.6913165 1.8205706 1.8290335 1.4543698 1.2628046 1.3601985 1.2837155 1.3601985 1.3269278 1.3371160 1.3613253 1.3744146 1.3832621 1.2416760 1.2943462 1.2867159 1.2298742 1.6482025 1.3756103 1.5777735 2.1088603 1.6177623 1.7148313 1.6726090 1.0460007 1.1478348 1.1461495 1.1258091 1.2363864 1.1429449 1.1797096 0.0000000 1.2067567 1.1995574 1.2015095 1.8531224 
Polypteriformes   1.3680261 1.4127672 1.4337509 1.4528132 1.4497090 1.5991109 1.5412702 1.5207981 1.5773310 1.4815678 1.4914350 1.4863293 1.5015081 1.5585182 1.8217185 1.5066712 1.5549877 1.7105723 0.9861461 0.8852238 0.9360357 0.9319420 0.9466092 0.9856823 0.9414838 0.9250014 0.9385868 0.9654520 0.9180847 0.8470445 0.9669495 0.8929665 1.2540431 1.2540431 1.3314121 2.4536702 1.2345682 1.4116322 1.6208590 1.0338546 1.2181897 1.0816724 1.0904502 1.1970572 1.1096870 1.1965320 1.2067567 0.0000000 0.5959502 0.5890266 1.4092679 
Channichthyidae   1.5467877 1.4771600 1.5369477 1.4234417 1.4040026 1.5979457 1.5800614 1.5956567 1.5496776 1.5221886 1.5117967 1.5068646 1.6032574 1.6574213 1.7568226 1.4860240 1.5730966 1.7819268 1.0130301 0.8534303 0.9107035 0.8965902 0.8893825 0.9232705 0.9528863 0.9034718 0.8858373 0.9268486 0.8927440 0.8686843 1.0122120 0.9629986 1.3138256 1.1837348 1.3263138 2.1559677 1.3776248 1.4626422 1.7819550 0.9895003 1.2104604 1.0546877 1.0169193 1.2473296 1.2488601 1.2356049 1.1995574 0.5959502 0.0000000 0.0168570 1.4137206 
Pseudaphritidae   1.5213370 1.4630982 1.5214752 1.4048563 1.3904184 1.5757478 1.5527296 1.5894152 1.5602954 1.4862012 1.4963974 1.5015811 1.5800614 1.6391798 1.7536172 1.4654842 1.5506094 1.7609037 1.0008681 0.8467829 0.9326798 0.8965902 0.8823940 0.9196992 0.9569809 0.8999632 0.8892873 0.9232705 0.8892873 0.8585201 0.9835533 0.9520841 1.3045244 1.1837348 1.3045244 2.1433440 1.3598884 1.4438698 1.7819550 0.9926613 1.1996337 1.0450870 1.0124587 1.2449797 1.2507606 1.2443513 1.2015095 0.5890266 0.0168570 0.0000000 1.3894342 
Carcharhinidae    2.1995816 2.0440225 2.3019205 2.3189156 2.0574551 2.6136717 2.3965587 2.2749808 2.2310276 2.1168768 2.2182354 2.1502054 2.2895230 2.5445870 2.4622126 2.1451423 2.3297991 2.2737441 1.5610350 1.5397997 1.6574213 1.5549877 1.5337343 1.6673563 1.6417945 1.6035127 1.5617920 1.6771962 1.5287926 1.6538400 1.6084372 1.6235877 1.7742383 1.7356936 1.8806061 3.0058975 1.9433050 2.0397052 2.4135977 1.7372341 1.8751075 1.8165525 1.8196386 1.8381068 1.8447326 2.1933501 1.8531224 1.4092679 1.4137206 1.3894342 0.0000000 
