51
Pitheciidae       0.0000000 0.2621898 0.3362635 0.3566360 0.2817049 0.3071564 0.3037254 0.3056869 0.3240114 0.2605959 0.2602010 0.2722670 0.2834597 0.3220365 0.3259839 0.6461300 0.5634169 0.5986852 1.4050654 1.5109083 1.4985815 1.5372671 1.5659191 1.5052924 1.5659788 1.4505496 1.4916283 1.4993382 1.7585333 1.3144245 1.6935469 1.6597376 1.4154950 1.4700325 1.4297107 1.5600392 1.5796736 1.6373679 1.3479797 0.8532501 1.1149086 1.1366911 1.0966815 1.0682820 1.0844528 1.0499972 0.8747449 0.9507166 0.9824524 1.0086846 0.9945160 
Scandentia        0.2621898 0.0000000 0.2929545 0.2856891 0.2605430 0.2602010 0.2692286 0.2718501 0.2671737 0.2250816 0.2343616 0.2362629 0.2406534 0.2731050 0.2864580 0.6558318 0.5634169 0.5953009 1.3649786 1.4993382 1.6036115 1.6681655 1.5518898 1.5386714 1.5773915 1.4962100 1.4356896 1.5197008 1.7849473 1.3977569 1.5997313 1.5346665 1.3725119 1.3146004 1.3875982 1.5434184 1.5026090 1.5364653 1.2486948 0.8563256 1.0721582 1.1027187 1.0548678 1.0494067 1.0621175 1.0645342 0.8762300 1.0367678 0.9535195 0.9743800 0.9836141 
Erethizontidae    0.3362635 0.2929545 0.0000000 0.1907078 0.2857333 0.3032744 0.3340591 0.3259839 0.3259839 0.2789065 0.2784776 0.2804044 0.3017618 0.3225601 0.3240114 0.6762284 0.5976667 0.6379112 1.5530964 1.5355116 1.7411655 1.7316270 1.6653922 1.6145590 1.6799189 1.5994639 1.6427299 1.6799189 1.8784784 1.4280382 1.7726911 1.5904277 1.3144667 1.4037322 1.3609674 1.5200186 1.4681521 1.6838178 1.4248385 0.9575042 1.1934755 1.2345857 1.1833598 1.1773296 1.1712360 1.1881899 0.9792067 1.1050934 1.0828093 1.1072413 1.0853371 
Capromyidae       0.3566360 0.2856891 0.1907078 0.0000000 0.2880919 0.3042340 0.3265141 0.2855711 0.3140105 0.2718501 0.2769746 0.2594150 0.2959463 0.3340591 0.3495581 0.6848393 0.5822710 0.6322099 1.4818834 1.5698575 1.7391412 1.7366297 1.6526100 1.5851061 1.6627719 1.5277083 1.5678498 1.6388161 1.8398458 1.3924946 1.6774932 1.6805678 1.4772359 1.4050335 1.4077556 1.5988571 1.5388529 1.7728393 1.3028305 0.9187478 1.1235252 1.1683967 1.1061941 1.1544783 1.1098772 1.1340801 0.9254852 1.0270179 1.0254347 1.0537399 1.0271086 
Muridae           0.2817049 0.2605430 0.2857333 0.2880919 0.0000000 0.2265479 0.2861730 0.2677566 0.2848583 0.2321540 0.2193439 0.2292920 0.2514128 0.3013754 0.2782660 0.6366797 0.5442566 0.5720189 1.3089208 1.4563549 1.5416093 1.5595868 1.5398303 1.5276013 1.5166727 1.4563549 1.4398097 1.4962100 1.6711799 1.3530201 1.6365993 1.5796736 1.2980670 1.3554726 1.3787216 1.5155262 1.3701790 1.6429286 1.2168539 0.8647977 1.0747681 1.1504021 1.1413251 1.0659283 1.0792886 1.0522785 0.9070976 0.9540307 0.9568674 0.9824524 0.9849937 
Castoridae        0.3071564 0.2602010 0.3032744 0.3042340 0.2265479 0.0000000 0.2640407 0.2674673 0.2808365 0.2272052 0.2281988 0.2360713 0.2632427 0.2916889 0.2780501 0.5911246 0.5421617 0.5610944 1.3424131 1.5065454 1.7563482 1.7084031 1.5452585 1.5584178 1.6170147 1.5482310 1.5598191 1.5244271 1.8102434 1.3313800 1.6394033 1.5094436 1.3938508 1.3840273 1.3260112 1.5523127 1.5010126 1.6123610 1.2162762 0.8765328 1.0843604 1.1123367 1.1354247 1.0402679 1.0731903 1.0334028 0.8973900 0.9838169 1.0249321 1.0720176 0.9988853 
Suidae            0.3037254 0.2692286 0.3340591 0.3265141 0.2861730 0.2640407 0.0000000 0.1872508 0.2106788 0.1885674 0.1883059 0.1996761 0.1992288 0.2378112 0.2613298 0.5898377 0.5010812 0.5558022 1.3477544 1.4940569 1.5838658 1.5719757 1.5184386 1.4100066 1.5419242 1.4467358 1.4133629 1.4069610 1.8063449 1.3646398 1.6422607 1.5079036 1.3034144 1.3572852 1.3264544 1.3996733 1.4281611 1.6083477 1.2440406 0.8409513 1.1580025 1.1587994 1.1050934 1.0707463 1.0847314 1.1389659 0.8830216 1.0255775 1.0205874 1.0377931 0.9915469 
Hippopotamidae    0.3056869 0.2718501 0.3259839 0.2855711 0.2677566 0.2674673 0.1872508 0.0000000 0.1531571 0.1691812 0.1817925 0.1946107 0.2091185 0.2397063 0.2525346 0.5911246 0.5482405 0.5532855 1.2472264 1.3816843 1.4916283 1.4261906 1.3919346 1.3422240 1.4233070 1.3426046 1.3317444 1.3429954 1.6555229 1.2399287 1.5910548 1.4916283 1.2975836 1.3682455 1.3203695 1.4567187 1.4748614 1.6021639 1.3035946 0.8371456 1.0760547 1.0944356 1.0905934 1.0264648 1.0174698 1.0905934 0.8385688 0.9429931 0.9840316 1.0003770 0.9622592 
Hyperoodontidae   0.3240114 0.2671737 0.3259839 0.3140105 0.2848583 0.2808365 0.2106788 0.1531571 0.0000000 0.1867307 0.2012402 0.2100814 0.2097159 0.2457443 0.2701963 0.6275673 0.5367249 0.5765027 1.3308034 1.4725580 1.5062823 1.4825704 1.4445391 1.4273835 1.5379386 1.4191055 1.3978375 1.3787216 1.7624897 1.3033528 1.6965134 1.4889989 1.2418928 1.3870656 1.3498949 1.4835074 1.4553380 1.5744293 1.3254382 0.8894901 1.1312457 1.1562105 1.0808682 1.0695087 1.0909869 1.1450572 0.8707374 1.0473661 1.0375566 1.0369776 1.0494067 
Vespertilionidae  0.2605959 0.2250816 0.2789065 0.2718501 0.2321540 0.2272052 0.1885674 0.1691812 0.1867307 0.0000000 0.0892048 0.1106742 0.1596499 0.1833077 0.2224811 0.5914382 0.4830660 0.5404764 1.3091704 1.4321337 1.5079831 1.4416582 1.4668298 1.3955873 1.4758799 1.3812346 1.3656700 1.4210897 1.7197205 1.2721840 1.6060536 1.5051301 1.3034144 1.3086968 1.3845158 1.5155262 1.4543362 1.5509731 1.1925059 0.7970987 1.0644399 1.0707256 1.0816276 1.0472376 1.0056252 1.0284931 0.8269245 0.9374880 0.9728326 0.9934760 0.9438852 
Furipteridae      0.2602010 0.2343616 0.2784776 0.2769746 0.2193439 0.2281988 0.1883059 0.1817925 0.2012402 0.0892048 0.0000000 0.1242507 0.1578319 0.1941265 0.2316280 0.5661201 0.4828619 0.5343260 1.3090496 1.4759569 1.5578955 1.4773755 1.4962100 1.4368092 1.4983697 1.4402049 1.4428821 1.4871886 1.7118568 1.2983429 1.6521502 1.5123671 1.3089208 1.3384868 1.3733335 1.5171101 1.4533490 1.5720803 1.2132001 0.7554281 1.0349499 1.0525831 1.0136237 1.0225112 0.9994594 1.0367678 0.8334119 0.9174652 0.9617977 0.9632757 0.9554305 
Rhinolophidae     0.2722670 0.2362629 0.2804044 0.2594150 0.2292920 0.2360713 0.1996761 0.1946107 0.2100814 0.1106742 0.1242507 0.0000000 0.1555918 0.2066684 0.2246761 0.5855750 0.4872091 0.5289976 1.2476049 1.3812346 1.4348027 1.4205992 1.4063202 1.3626975 1.4781105 1.3365365 1.3600113 1.4210897 1.6017179 1.2987808 1.5408776 1.4543362 1.3090496 1.3030985 1.3313800 1.4573870 1.4210897 1.5678612 1.1712360 0.8088896 1.0414566 1.0683054 1.0038274 1.0285389 1.0056252 0.9979806 0.8013435 0.8733162 0.9587201 0.9696470 0.9168684 
Viverridae        0.2834597 0.2406534 0.3017618 0.2959463 0.2514128 0.2632427 0.1992288 0.2091185 0.2097159 0.1596499 0.1578319 0.1555918 0.0000000 0.1487246 0.2304193 0.5764113 0.4796129 0.5439306 1.2606533 1.3840273 1.4589065 1.4537984 1.4117155 1.3639756 1.4056884 1.3540736 1.3203210 1.3258421 1.6838178 1.3312616 1.6238777 1.5293901 1.3255169 1.3633606 1.3619640 1.5249180 1.4621487 1.6162854 1.1910988 0.8064430 1.1126580 1.1142334 1.0619798 1.0312671 1.0397415 1.0270179 0.8414561 0.9378749 1.0086846 1.0156043 1.0159459 
Procyonidae       0.3220365 0.2731050 0.3225601 0.3340591 0.3013754 0.2916889 0.2378112 0.2397063 0.2457443 0.1833077 0.1941265 0.2066684 0.1487246 0.0000000 0.2784776 0.6205500 0.5166597 0.5696253 1.4273835 1.4993382 1.6772749 1.5372671 1.5271331 1.4996813 1.5957998 1.4852046 1.5153544 1.5255382 1.7788323 1.2867911 1.6939581 1.5380806 1.3424131 1.3815491 1.3619640 1.5155262 1.4966574 1.6742399 1.2149266 0.8352839 1.1579690 1.1468745 1.0917330 1.0707256 1.0402679 1.0333016 0.8238963 0.9759909 1.0284462 1.0255775 1.0391784 
Myrmecophagidae   0.3259839 0.2864580 0.3240114 0.3495581 0.2782660 0.2780501 0.2613298 0.2525346 0.2701963 0.2224811 0.2316280 0.2246761 0.2304193 0.2784776 0.0000000 0.6060712 0.5261049 0.5567143 1.3144843 1.4852046 1.5576130 1.6074107 1.4909907 1.4240672 1.4525434 1.4447333 1.4594990 1.4784510 1.7665237 1.3089473 1.6742283 1.5778798 1.3585014 1.3088118 1.4233070 1.5758133 1.4044509 1.5852277 1.2874367 0.8182555 1.0721096 1.1536989 1.1313915 1.0924471 1.0719319 1.0818469 0.9428258 1.0107612 1.0097407 1.0383654 1.0345239 
Caluromyidae      0.6461300 0.6558318 0.6762284 0.6848393 0.6366797 0.5911246 0.5898377 0.5911246 0.6275673 0.5914382 0.5661201 0.5855750 0.5764113 0.6205500 0.6060712 0.0000000 0.2617251 0.2555801 1.5637653 1.6562820 1.8721274 1.8310489 1.6773793 1.6569834 1.7252595 1.6742399 1.6908594 1.6551194 2.1254288 1.6249026 2.0225223 1.7606679 1.5617754 1.5364089 1.4279013 1.7401869 1.7351992 1.7997650 1.5249180 0.9125295 1.1682933 1.2070027 1.1755716 1.1289392 1.1497628 1.2358153 0.9906039 1.1277494 1.2013403 1.2458153 1.1142334 
Thylacomyidae     0.5634169 0.5634169 0.5976667 0.5822710 0.5442566 0.5421617 0.5010812 0.5482405 0.5367249 0.4830660 0.4828619 0.4872091 0.4796129 0.5166597 0.5261049 0.2617251 0.0000000 0.1694115 1.4953474 1.5602482 1.6895519 1.6617876 1.6218401 1.5386714 1.5914069 1.5021033 1.5578955 1.5380806 1.9714533 1.3563596 1.7518190 1.5658562 1.5228263 1.4686405 1.3924946 1.6920676 1.6021639 1.7242058 1.3623057 0.9036183 1.0029425 1.0732569 1.0745759 1.0276974 1.0874407 1.1389659 0.9237604 1.0334028 1.0526723 1.0708113 1.0890822 
Phalangeridae     0.5986852 0.5953009 0.6379112 0.6322099 0.5720189 0.5610944 0.5558022 0.5532855 0.5765027 0.5404764 0.5343260 0.5289976 0.5439306 0.5696253 0.5567143 0.2555801 0.1694115 0.0000000 1.4322205 1.5500453 1.6584909 1.6110738 1.5408776 1.4909375 1.5576130 1.4200547 1.4875200 1.5171101 1.9529678 1.3616272 1.7553227 1.5914069 1.5021033 1.4375045 1.3376357 1.6801186 1.6713852 1.7822598 1.2620354 0.8154239 0.9726848 1.1151073 1.0591868 1.0025846 1.0341659 1.0618370 0.8762300 1.0633768 1.0499038 1.0787671 1.0150380 
Tityridae         1.4050654 1.3649786 1.5530964 1.4818834 1.3089208 1.3424131 1.3477544 1.2472264 1.3308034 1.3091704 1.3090496 1.2476049 1.2606533 1.4273835 1.3144843 1.5637653 1.4953474 1.4322205 0.0000000 0.3442060 0.4268592 0.3958363 0.3984510 0.4223110 0.4591390 0.3725337 0.3745334 0.4073603 0.5601959 0.9510537 1.5094720 1.2211938 1.2923361 1.2749752 1.2353306 1.5337770 1.3840273 1.4948610 1.5224229 1.0063119 1.3543458 1.4560229 1.3623885 1.1833598 1.2666108 1.2460662 1.0806623 1.0610024 1.2359546 1.2131222 1.0864802 
Ptilonorhynchidae 1.5109083 1.4993382 1.5355116 1.5698575 1.4563549 1.5065454 1.4940569 1.3816843 1.4725580 1.4321337 1.4759569 1.3812346 1.3840273 1.4993382 1.4852046 1.6562820 1.5602482 1.5500453 0.3442060 0.0000000 0.3544100 0.3096368 0.3388126 0.3317298 0.3864625 0.3368198 0.3171270 0.3586448 0.6297751 1.0009268 1.3557641 1.2162762 1.5482310 1.3877305 1.4037322 1.5416093 1.6294692 1.4962100 1.6859365 1.1275096 1.5237196 1.6111826 1.5224229 1.3491522 1.4621487 1.4877146 1.1633664 1.1931980 1.3787216 1.3426046 1.2368411 
Callaeatidae      1.4985815 1.6036115 1.7411655 1.7391412 1.5416093 1.7563482 1.5838658 1.4916283 1.5062823 1.5079831 1.5578955 1.4348027 1.4589065 1.6772749 1.5576130 1.8721274 1.6895519 1.6584909 0.4268592 0.3544100 0.0000000 0.2953883 0.3136053 0.3600417 0.3536477 0.3295603 0.3185967 0.3691550 0.6807731 1.1115437 1.6223020 1.4916283 1.6559101 1.6653922 1.6650117 1.8712371 1.7572455 1.7246766 1.7880341 1.2259485 1.5718765 1.6622992 1.6088754 1.4456798 1.5523127 1.5320750 1.2436211 1.2424426 1.4162436 1.3753035 1.1978250 
Monarchidae       1.5372671 1.6681655 1.7316270 1.7366297 1.5595868 1.7084031 1.5719757 1.4261906 1.4825704 1.4416582 1.4773755 1.4205992 1.4537984 1.5372671 1.6074107 1.8310489 1.6617876 1.6110738 0.3958363 0.3096368 0.2953883 0.0000000 0.2498949 0.3037534 0.3493170 0.3096025 0.2873509 0.3159641 0.6864675 1.1033387 1.6497504 1.4012405 1.5942676 1.5187207 1.5216247 1.8232052 1.5079036 1.6040106 1.6489977 1.2283905 1.5595868 1.6831109 1.5678821 1.4371387 1.4610897 1.4831237 1.2871179 1.1848190 1.3887377 1.3590934 1.1811116 
Malaconotidae     1.5659191 1.5518898 1.6653922 1.6526100 1.5398303 1.5452585 1.5184386 1.3919346 1.4445391 1.4668298 1.4962100 1.4063202 1.4117155 1.5271331 1.4909907 1.6773793 1.6218401 1.5408776 0.3984510 0.3388126 0.3136053 0.2498949 0.0000000 0.3293864 0.3470152 0.3304577 0.3135576 0.3544521 0.6755208 1.0731276 1.6320068 1.2534596 1.4869632 1.5007100 1.5216247 1.7364579 1.6311064 1.6401571 1.6204313 1.1940606 1.5762360 1.6362016 1.6034652 1.4256209 1.3845158 1.4322205 1.2711850 1.2524150 1.3749017 1.3680254 1.2321103 
Certhiidae        1.5052924 1.5386714 1.6145590 1.5851061 1.5276013 1.5584178 1.4100066 1.3422240 1.4273835 1.3955873 1.4368092 1.3626975 1.3639756 1.4996813 1.4240672 1.6569834 1.5386714 1.4909375 0.4223110 0.3317298 0.3600417 0.3037534 0.3293864 0.0000000 0.3214052 0.2912339 0.2671737 0.3277940 0.7091753 1.0792886 1.4323169 1.2427673 1.4456798 1.3990523 1.3448920 1.5988571 1.5212510 1.5021033 1.5776293 1.1234433 1.5293901 1.6040106 1.4505496 1.3606443 1.4069610 1.4082704 1.2724265 1.2527644 1.3636499 1.3522654 1.2412072 
Cinclidae         1.5659788 1.5773915 1.6799189 1.6627719 1.5166727 1.6170147 1.5419242 1.4233070 1.5379386 1.4758799 1.4983697 1.4781105 1.4056884 1.5957998 1.4525434 1.7252595 1.5914069 1.5576130 0.4591390 0.3864625 0.3536477 0.3493170 0.3470152 0.3214052 0.0000000 0.3052002 0.2916889 0.3425090 0.7053763 1.0695112 1.5487396 1.3426046 1.5239683 1.4818834 1.4760395 1.6160915 1.6742887 1.6183436 1.6111826 1.1579072 1.6474864 1.6861567 1.6771328 1.3855137 1.4600464 1.4389062 1.2983429 1.2932132 1.3257592 1.3199551 1.2212478 
Ploceidae         1.4505496 1.4962100 1.5994639 1.5277083 1.4563549 1.5482310 1.4467358 1.3426046 1.4191055 1.3812346 1.4402049 1.3365365 1.3540736 1.4852046 1.4447333 1.6742399 1.5021033 1.4200547 0.3725337 0.3368198 0.3295603 0.3096025 0.3304577 0.2912339 0.3052002 0.0000000 0.1529916 0.3057000 0.6128771 1.0360009 1.4567187 1.2973814 1.4380159 1.5168841 1.5078183 1.6834501 1.6111826 1.5642079 1.5330005 1.1204025 1.5957677 1.6268343 1.5371690 1.3438093 1.4024684 1.4050335 1.2228330 1.2660478 1.3882307 1.3807909 1.2403598 
Thraupidae        1.4916283 1.4356896 1.6427299 1.5678498 1.4398097 1.5598191 1.4133629 1.3317444 1.3978375 1.3656700 1.4428821 1.3600113 1.3203210 1.5153544 1.4594990 1.6908594 1.5578955 1.4875200 0.3745334 0.3171270 0.3185967 0.2873509 0.3135576 0.2671737 0.2916889 0.1529916 0.0000000 0.2926037 0.6283344 1.0634866 1.4724494 1.3263633 1.5281588 1.5035188 1.4822129 1.6742608 1.5716933 1.6625401 1.6653922 1.1417820 1.5471304 1.6100737 1.5604468 1.3667431 1.4191055 1.4438008 1.2925944 1.2820230 1.3877305 1.4032471 1.1803591 
Alaudidae         1.4993382 1.5197008 1.6799189 1.6388161 1.4962100 1.5244271 1.4069610 1.3429954 1.3787216 1.4210897 1.4871886 1.4210897 1.3258421 1.5255382 1.4784510 1.6551194 1.5380806 1.5171101 0.4073603 0.3586448 0.3691550 0.3159641 0.3544521 0.3277940 0.3425090 0.3057000 0.2926037 0.0000000 0.6757761 1.0522785 1.5200186 1.3259261 1.5518898 1.5346665 1.5380806 1.7034311 1.6328351 1.5464461 1.6914120 1.2227974 1.5926920 1.6682954 1.6100737 1.4289498 1.4240672 1.4447333 1.2927212 1.2566193 1.4203711 1.3853289 1.2244170 
Coraciiformes     1.7585333 1.7849473 1.8784784 1.8398458 1.6711799 1.8102434 1.8063449 1.6555229 1.7624897 1.7197205 1.7118568 1.6017179 1.6838178 1.7788323 1.7665237 2.1254288 1.9714533 1.9529678 0.5601959 0.6297751 0.6807731 0.6864675 0.6755208 0.7091753 0.7053763 0.6128771 0.6283344 0.6757761 0.0000000 1.1310273 1.7494712 1.4696908 1.5965423 1.5380806 1.4296668 1.7706380 1.8104786 1.8746613 1.7339913 1.2399287 1.7446011 1.6481439 1.5810148 1.4287770 1.4861604 1.5803067 1.2973814 1.2879007 1.3491522 1.4063202 1.3535399 
Crocodylidae      1.3144245 1.3977569 1.4280382 1.3924946 1.3530201 1.3313800 1.3646398 1.2399287 1.3033528 1.2721840 1.2983429 1.2987808 1.3312616 1.2867911 1.3089473 1.6249026 1.3563596 1.3616272 0.9510537 1.0009268 1.1115437 1.1033387 1.0731276 1.0792886 1.0695112 1.0360009 1.0634866 1.0522785 1.1310273 0.0000000 1.4365901 1.1192763 1.3204187 1.3145697 1.2909410 1.5504749 1.6268343 1.5847482 1.5842949 1.0429332 1.3267352 1.2630196 1.1936883 1.2040343 1.2453834 1.3031633 1.1224495 1.1389659 1.2579926 1.2806317 1.1265154 
Carettochelyidae  1.6935469 1.5997313 1.7726911 1.6774932 1.6365993 1.6394033 1.6422607 1.5910548 1.6965134 1.6060536 1.6521502 1.5408776 1.6238777 1.6939581 1.6742283 2.0225223 1.7518190 1.7553227 1.5094720 1.3557641 1.6223020 1.6497504 1.6320068 1.4323169 1.5487396 1.4567187 1.4724494 1.5200186 1.7494712 1.4365901 0.0000000 1.3031633 1.9462654 1.9212675 1.9217112 2.0227184 1.8181750 1.9673459 1.7098545 1.3260112 1.7143391 1.7603302 1.6481439 1.5078183 1.5446150 1.5656457 1.3504075 1.4799302 1.7873546 1.7415939 1.5458680 
Kinosternidae     1.6597376 1.5346665 1.5904277 1.6805678 1.5796736 1.5094436 1.5079036 1.4916283 1.4889989 1.5051301 1.5123671 1.4543362 1.5293901 1.5380806 1.5778798 1.7606679 1.5658562 1.5914069 1.2211938 1.2162762 1.4916283 1.4012405 1.2534596 1.2427673 1.3426046 1.2973814 1.3263633 1.3259261 1.4696908 1.1192763 1.3031633 0.0000000 1.5917182 1.4169979 1.4815669 1.7615804 1.7486122 1.7834890 1.6135891 1.2606533 1.5142321 1.5434184 1.4015932 1.3585838 1.4981625 1.5882026 1.1598294 1.3028305 1.4416582 1.4162267 1.3261849 
Anomalepididae    1.4154950 1.3725119 1.3144667 1.4772359 1.2980670 1.3938508 1.3034144 1.2975836 1.2418928 1.3034144 1.3089208 1.3090496 1.3255169 1.3424131 1.3585014 1.5617754 1.5228263 1.5021033 1.2923361 1.5482310 1.6559101 1.5942676 1.4869632 1.4456798 1.5239683 1.4380159 1.5281588 1.5518898 1.5965423 1.3204187 1.9462654 1.5917182 0.0000000 0.8362045 0.7732466 0.9507166 1.0747681 1.1182007 1.7171583 1.2381541 1.4923776 1.4676917 1.5109276 1.3721096 1.4100066 1.4393379 1.2593551 1.3201333 1.3088118 1.3433968 1.2456704 
Loxocemidae       1.4700325 1.3146004 1.4037322 1.4050335 1.3554726 1.3840273 1.3572852 1.3682455 1.3870656 1.3086968 1.3384868 1.3030985 1.3633606 1.3815491 1.3088118 1.5364089 1.4686405 1.4375045 1.2749752 1.3877305 1.6653922 1.5187207 1.5007100 1.3990523 1.4818834 1.5168841 1.5035188 1.5346665 1.5380806 1.3145697 1.9212675 1.4169979 0.8362045 0.0000000 0.4291764 0.8893296 1.0707256 1.0419666 1.4981625 1.1623228 1.4761289 1.3388442 1.3455794 1.3031633 1.4063202 1.3787216 1.1213588 1.2358153 1.4184886 1.4627916 1.1286352 
Natricidae        1.4297107 1.3875982 1.3609674 1.4077556 1.3787216 1.3260112 1.3264544 1.3203695 1.3498949 1.3845158 1.3733335 1.3313800 1.3619640 1.3619640 1.4233070 1.4279013 1.3924946 1.3376357 1.2353306 1.4037322 1.6650117 1.5216247 1.5216247 1.3448920 1.4760395 1.5078183 1.4822129 1.5380806 1.4296668 1.2909410 1.9217112 1.4815669 0.7732466 0.4291764 0.0000000 0.9312115 1.1254464 1.0220478 1.6591391 1.1234901 1.3633606 1.3582519 1.3835775 1.3261849 1.3379692 1.3386642 1.0708113 1.2137820 1.3203695 1.3616272 1.1118031 
Xenosauridae      1.5600392 1.5434184 1.5200186 1.5988571 1.5155262 1.5523127 1.3996733 1.4567187 1.4835074 1.5155262 1.5171101 1.4573870 1.5249180 1.5155262 1.5758133 1.7401869 1.6920676 1.6801186 1.5337770 1.5416093 1.8712371 1.8232052 1.7364579 1.5988571 1.6160915 1.6834501 1.6742608 1.7034311 1.7706380 1.5504749 2.0227184 1.7615804 0.9507166 0.8893296 0.9312115 0.0000000 1.2645799 1.2206347 1.6414769 1.4305661 1.8232052 1.7098545 1.6675893 1.4634997 1.6110738 1.5678375 1.3024747 1.5203587 1.5740871 1.5784233 1.3835456 
Teiidae           1.5796736 1.5026090 1.4681521 1.5388529 1.3701790 1.5010126 1.4281611 1.4748614 1.4553380 1.4543362 1.4533490 1.4210897 1.4621487 1.4966574 1.4044509 1.7351992 1.6021639 1.6713852 1.3840273 1.6294692 1.7572455 1.5079036 1.6311064 1.5212510 1.6742887 1.6111826 1.5716933 1.6328351 1.8104786 1.6268343 1.8181750 1.7486122 1.0747681 1.0707256 1.1254464 1.2645799 0.0000000 1.1091061 1.6569834 1.3035946 1.7084031 1.5346088 1.4869632 1.3486737 1.4337547 1.4505496 1.4289498 1.3426046 1.3855137 1.4476162 1.2287435 
Eublepharidae     1.6373679 1.5364653 1.6838178 1.7728393 1.6429286 1.6123610 1.6083477 1.6021639 1.5744293 1.5509731 1.5720803 1.5678612 1.6162854 1.6742399 1.5852277 1.7997650 1.7242058 1.7822598 1.4948610 1.4962100 1.7246766 1.6040106 1.6401571 1.5021033 1.6183436 1.5642079 1.6625401 1.5464461 1.8746613 1.5847482 1.9673459 1.7834890 1.1182007 1.0419666 1.0220478 1.2206347 1.1091061 0.0000000 1.6597376 1.4337547 1.6622992 1.6831109 1.5330005 1.5313610 1.3426046 1.5584178 1.2456704 1.3028988 1.4903033 1.4784510 1.2763812 
Dicamptodontidae  1.3479797 1.2486948 1.4248385 1.3028305 1.2168539 1.2162762 1.2440406 1.3035946 1.3254382 1.1925059 1.2132001 1.1712360 1.1910988 1.2149266 1.2874367 1.5249180 1.3623057 1.2620354 1.5224229 1.6859365 1.7880341 1.6489977 1.6204313 1.5776293 1.6111826 1.5330005 1.6653922 1.6914120 1.7339913 1.5842949 1.7098545 1.6135891 1.7171583 1.4981625 1.6591391 1.6414769 1.6569834 1.6597376 0.0000000 0.7794813 1.0918204 0.9954867 1.0226600 0.9416940 0.9307011 1.0506251 0.8086632 1.0473661 1.1445149 1.1746322 1.0635932 
Alytidae          0.8532501 0.8563256 0.9575042 0.9187478 0.8647977 0.8765328 0.8409513 0.8371456 0.8894901 0.7970987 0.7554281 0.8088896 0.8064430 0.8352839 0.8182555 0.9125295 0.9036183 0.8154239 1.0063119 1.1275096 1.2259485 1.2283905 1.1940606 1.1234433 1.1579072 1.1204025 1.1417820 1.2227974 1.2399287 1.0429332 1.3260112 1.2606533 1.2381541 1.1623228 1.1234901 1.4305661 1.3035946 1.4337547 0.7794813 0.0000000 0.5444228 0.5539568 0.5675694 0.5034371 0.5228583 0.5384313 0.4376393 0.6655652 0.6703128 0.6951190 0.6151682 
Heleophrynidae    1.1149086 1.0721582 1.1934755 1.1235252 1.0747681 1.0843604 1.1580025 1.0760547 1.1312457 1.0644399 1.0349499 1.0414566 1.1126580 1.1579690 1.0721096 1.1682933 1.0029425 0.9726848 1.3543458 1.5237196 1.5718765 1.5595868 1.5762360 1.5293901 1.6474864 1.5957677 1.5471304 1.5926920 1.7446011 1.3267352 1.7143391 1.5142321 1.4923776 1.4761289 1.3633606 1.8232052 1.7084031 1.6622992 1.0918204 0.5444228 0.0000000 0.5369612 0.5501787 0.4483175 0.4717181 0.5229483 0.6620976 0.8748234 0.8846847 0.9039746 0.8262213 
Leptodactylidae   1.1366911 1.1027187 1.2345857 1.1683967 1.1504021 1.1123367 1.1587994 1.0944356 1.1562105 1.0707256 1.0525831 1.0683054 1.1142334 1.1468745 1.1536989 1.2070027 1.0732569 1.1151073 1.4560229 1.6111826 1.6622992 1.6831109 1.6362016 1.6040106 1.6861567 1.6268343 1.6100737 1.6682954 1.6481439 1.2630196 1.7603302 1.5434184 1.4676917 1.3388442 1.3582519 1.7098545 1.5346088 1.6831109 0.9954867 0.5539568 0.5369612 0.0000000 0.2367640 0.4297829 0.4708075 0.5528018 0.7240390 0.9416940 0.9243186 0.9632757 0.8618236 
Strabomantidae    1.0966815 1.0548678 1.1833598 1.1061941 1.1413251 1.1354247 1.1050934 1.0905934 1.0808682 1.0816276 1.0136237 1.0038274 1.0619798 1.0917330 1.1313915 1.1755716 1.0745759 1.0591868 1.3623885 1.5224229 1.6088754 1.5678821 1.6034652 1.4505496 1.6771328 1.5371690 1.5604468 1.6100737 1.5810148 1.1936883 1.6481439 1.4015932 1.5109276 1.3455794 1.3835775 1.6675893 1.4869632 1.5330005 1.0226600 0.5675694 0.5501787 0.2367640 0.0000000 0.4678136 0.5104038 0.5581216 0.6885926 0.9271701 0.9283285 0.9587201 0.8460426 
Micrixalidae      1.0682820 1.0494067 1.1773296 1.1544783 1.0659283 1.0402679 1.0707463 1.0264648 1.0695087 1.0472376 1.0225112 1.0285389 1.0312671 1.0707256 1.0924471 1.1289392 1.0276974 1.0025846 1.1833598 1.3491522 1.4456798 1.4371387 1.4256209 1.3606443 1.3855137 1.3438093 1.3667431 1.4289498 1.4287770 1.2040343 1.5078183 1.3585838 1.3721096 1.3031633 1.3261849 1.4634997 1.3486737 1.5313610 0.9416940 0.5034371 0.4483175 0.4297829 0.4678136 0.0000000 0.2640407 0.3333083 0.6074171 0.8581368 0.8444053 0.8803791 0.8008857 
Hemisotidae       1.0844528 1.0621175 1.1712360 1.1098772 1.0792886 1.0731903 1.0847314 1.0174698 1.0909869 1.0056252 0.9994594 1.0056252 1.0397415 1.0402679 1.0719319 1.1497628 1.0874407 1.0341659 1.2666108 1.4621487 1.5523127 1.4610897 1.3845158 1.4069610 1.4600464 1.4024684 1.4191055 1.4240672 1.4861604 1.2453834 1.5446150 1.4981625 1.4100066 1.4063202 1.3379692 1.6110738 1.4337547 1.3426046 0.9307011 0.5228583 0.4717181 0.4708075 0.5104038 0.2640407 0.0000000 0.3554550 0.6087706 0.9505106 0.8991594 0.9329044 0.8194482 
Asterophryidae    1.0499972 1.0645342 1.1881899 1.1340801 1.0522785 1.0334028 1.1389659 1.0905934 1.1450572 1.0284931 1.0367678 0.9979806 1.0270179 1.0333016 1.0818469 1.2358153 1.1389659 1.0618370 1.2460662 1.4877146 1.5320750 1.4831237 1.4322205 1.4082704 1.4389062 1.4050335 1.4438008 1.4447333 1.5803067 1.3031633 1.5656457 1.5882026 1.4393379 1.3787216 1.3386642 1.5678375 1.4505496 1.5584178 1.0506251 0.5384313 0.5229483 0.5528018 0.5581216 0.3333083 0.3554550 0.0000000 0.6472903 0.8733002 0.8982387 0.9362574 0.8434884 
Caeciliidae2      0.8747449 0.8762300 0.9792067 0.9254852 0.9070976 0.8973900 0.8830216 0.8385688 0.8707374 0.8269245 0.8334119 0.8013435 0.8414561 0.8238963 0.9428258 0.9906039 0.9237604 0.8762300 1.0806623 1.1633664 1.2436211 1.2871179 1.2711850 1.2724265 1.2983429 1.2228330 1.2925944 1.2927212 1.2973814 1.1224495 1.3504075 1.1598294 1.2593551 1.1213588 1.0708113 1.3024747 1.4289498 1.2456704 0.8086632 0.4376393 0.6620976 0.7240390 0.6885926 0.6074171 0.6087706 0.6472903 0.0000000 0.6712461 0.6339689 0.6625942 0.6219055 
Polypteriformes   0.9507166 1.0367678 1.1050934 1.0270179 0.9540307 0.9838169 1.0255775 0.9429931 1.0473661 0.9374880 0.9174652 0.8733162 0.9378749 0.9759909 1.0107612 1.1277494 1.0334028 1.0633768 1.0610024 1.1931980 1.2424426 1.1848190 1.2524150 1.2527644 1.2932132 1.2660478 1.2820230 1.2566193 1.2879007 1.1389659 1.4799302 1.3028305 1.3201333 1.2358153 1.2137820 1.5203587 1.3426046 1.3028988 1.0473661 0.6655652 0.8748234 0.9416940 0.9271701 0.8581368 0.9505106 0.8733002 0.6712461 0.0000000 0.4511500 0.4616109 0.5015720 
Channichthyidae   0.9824524 0.9535195 1.0828093 1.0254347 0.9568674 1.0249321 1.0205874 0.9840316 1.0375566 0.9728326 0.9617977 0.9587201 1.0086846 1.0284462 1.0097407 1.2013403 1.0526723 1.0499038 1.2359546 1.3787216 1.4162436 1.3887377 1.3749017 1.3636499 1.3257592 1.3882307 1.3877305 1.4203711 1.3491522 1.2579926 1.7873546 1.4416582 1.3088118 1.4184886 1.3203695 1.5740871 1.3855137 1.4903033 1.1445149 0.6703128 0.8846847 0.9243186 0.9283285 0.8444053 0.8991594 0.8982387 0.6339689 0.4511500 0.0000000 0.0460299 0.5333435 
Pseudaphritidae   1.0086846 0.9743800 1.1072413 1.0537399 0.9824524 1.0720176 1.0377931 1.0003770 1.0369776 0.9934760 0.9632757 0.9696470 1.0156043 1.0255775 1.0383654 1.2458153 1.0708113 1.0787671 1.2131222 1.3426046 1.3753035 1.3590934 1.3680254 1.3522654 1.3199551 1.3807909 1.4032471 1.3853289 1.4063202 1.2806317 1.7415939 1.4162267 1.3433968 1.4627916 1.3616272 1.5784233 1.4476162 1.4784510 1.1746322 0.6951190 0.9039746 0.9632757 0.9587201 0.8803791 0.9329044 0.9362574 0.6625942 0.4616109 0.0460299 0.0000000 0.5491768 
Carcharhinidae    0.9945160 0.9836141 1.0853371 1.0271086 0.9849937 0.9988853 0.9915469 0.9622592 1.0494067 0.9438852 0.9554305 0.9168684 1.0159459 1.0391784 1.0345239 1.1142334 1.0890822 1.0150380 1.0864802 1.2368411 1.1978250 1.1811116 1.2321103 1.2412072 1.2212478 1.2403598 1.1803591 1.2244170 1.3535399 1.1265154 1.5458680 1.3261849 1.2456704 1.1286352 1.1118031 1.3835456 1.2287435 1.2763812 1.0635932 0.6151682 0.8262213 0.8618236 0.8460426 0.8008857 0.8194482 0.8434884 0.6219055 0.5015720 0.5333435 0.5491768 0.0000000 
