51
Pitheciidae       0.0000000 0.2119426 0.1884455 0.1965634 0.1878029 0.1905181 0.2103809 0.1882054 0.2007787 0.1986680 0.2141337 0.2075074 0.1971085 0.2517785 0.2501933 0.4612031 0.5461247 0.5498953 1.2125231 1.2081165 1.2216811 1.2194617 1.2110558 1.2265981 1.2645727 1.2479221 1.2389305 1.2433700 1.2319390 1.7301856 1.0182049 1.0522674 0.9547758 0.9383818 0.9797357 1.0200987 1.1264044 1.0174255 0.8032493 0.7581495 0.7860181 0.7582200 0.7466092 0.7188351 0.7228156 0.7439909 0.8380424 1.1217803 1.0921075 1.1319354 1.3777167 
Scandentia        0.2119426 0.0000000 0.2427509 0.2551682 0.2470059 0.2467805 0.2635109 0.2533584 0.2694763 0.2666525 0.2838375 0.2753157 0.2601638 0.3021346 0.3005550 0.5170670 0.5696085 0.5855538 1.1683730 1.1881142 1.2080302 1.1972179 1.1924838 1.1690772 1.2576815 1.2458967 1.2223334 1.2371192 1.2555225 1.7679205 0.9819773 1.0114969 0.9537031 0.9114791 0.9980865 1.0000860 1.1018366 1.0503601 0.7943364 0.7429198 0.7477901 0.7267595 0.7113855 0.7205195 0.7081426 0.7229970 0.8190928 1.1844358 1.1167408 1.1601499 1.3213854 
Erethizontidae    0.1884455 0.2427509 0.0000000 0.0934803 0.1898026 0.1781523 0.2371470 0.2112402 0.2278891 0.2270806 0.2454323 0.2252976 0.2131562 0.2759652 0.2667439 0.4873055 0.5438301 0.5630031 1.1664507 1.1580441 1.1989161 1.1770349 1.1771855 1.1832700 1.2503991 1.2264485 1.2229412 1.1913166 1.2129305 1.7359681 0.9868304 1.0425128 0.9483386 0.9162136 0.9534071 0.9682794 1.0946726 0.9874852 0.8236205 0.7397378 0.7623953 0.7373576 0.7200584 0.7112629 0.7108474 0.7335521 0.8245875 1.1362608 1.1315489 1.1565377 1.3047196 
Capromyidae       0.1965634 0.2551682 0.0934803 0.0000000 0.1969005 0.1974820 0.2517785 0.2241083 0.2411491 0.2347131 0.2602244 0.2440768 0.2347664 0.2975779 0.2786073 0.5015962 0.5703279 0.5810957 1.1298066 1.1479915 1.1913306 1.1776549 1.1803493 1.1866019 1.2137926 1.2299838 1.2157026 1.1837792 1.2215330 1.8216295 1.0254273 1.0669729 0.9738753 0.9390157 0.9801220 1.0102577 1.1478329 1.0200987 0.8587320 0.7861383 0.7818165 0.7540963 0.7425210 0.7373576 0.7408452 0.7603414 0.8522963 1.2252727 1.1622355 1.1932468 1.3367480 
Muridae           0.1878029 0.2470059 0.1898026 0.1969005 0.0000000 0.1843180 0.2420299 0.2256053 0.2393428 0.2369332 0.2442993 0.2366749 0.2105361 0.2795260 0.2725598 0.5045226 0.6116912 0.5793288 1.1711342 1.2106932 1.2353304 1.2344679 1.2161272 1.2133534 1.2433700 1.2452329 1.2118620 1.2202686 1.2388639 1.7071796 1.0304525 1.0760669 0.9304539 0.9462212 1.0022599 0.9976969 1.1097383 1.0050221 0.8318611 0.7720387 0.7727243 0.7534775 0.7460267 0.7439909 0.7328086 0.7541929 0.8218455 1.2246018 1.1249028 1.1685216 1.3502216 
Castoridae        0.1905181 0.2467805 0.1781523 0.1974820 0.1843180 0.0000000 0.2431746 0.2209438 0.2356103 0.2292685 0.2438680 0.2325624 0.2199750 0.2753157 0.2707512 0.5129882 0.5855538 0.5770597 1.1799456 1.2225517 1.2353881 1.2243183 1.2208578 1.2481779 1.2729292 1.2822120 1.2535004 1.2576815 1.2586404 1.7346178 1.0377357 1.0518350 0.9632986 0.9661566 1.0128478 1.0055442 1.0792610 1.0479622 0.8082623 0.7818165 0.7993063 0.7900801 0.7699477 0.7563222 0.7597565 0.7795701 0.8010144 1.2145857 1.1010904 1.1286437 1.3405704 
Suidae            0.2103809 0.2635109 0.2371470 0.2517785 0.2420299 0.2431746 0.0000000 0.1483432 0.1507749 0.1951799 0.2109037 0.2057303 0.1856596 0.2495021 0.3026748 0.5221771 0.6061910 0.6171296 1.2186623 1.2946939 1.3308489 1.2959288 1.2785842 1.2660375 1.3475084 1.3267699 1.3065401 1.3052723 1.3355845 1.7810988 1.0404559 1.0403464 1.0251953 0.9951852 1.0406636 1.0694989 1.1373899 1.0992449 0.8555490 0.7906847 0.8076970 0.7883941 0.7678640 0.7602285 0.7657973 0.7925012 0.8446093 1.2099103 1.1525086 1.1751881 1.3872652 
Hippopotamidae    0.1882054 0.2533584 0.2112402 0.2241083 0.2256053 0.2209438 0.1483432 0.0000000 0.1165764 0.1736694 0.2023720 0.1930888 0.1705011 0.2280923 0.2656689 0.4888597 0.5773174 0.5811663 1.1659063 1.2337238 1.2676686 1.2048987 1.2110558 1.2160096 1.2755524 1.2219051 1.2227350 1.2486961 1.2136898 1.7301856 1.0057480 1.0135239 0.9224391 0.8807882 0.9595484 0.9946173 1.1010904 0.9920705 0.8028497 0.7463143 0.7444042 0.7361951 0.7206777 0.7018036 0.7033978 0.7282889 0.7926687 1.2044201 1.1327182 1.1422516 1.3478078 
Hyperoodontidae   0.2007787 0.2694763 0.2278891 0.2411491 0.2393428 0.2356103 0.1507749 0.1165764 0.0000000 0.1841635 0.1984977 0.1871674 0.1778743 0.2284998 0.2768919 0.4939263 0.5599453 0.5758908 1.1799645 1.2302703 1.2508215 1.2308504 1.2073949 1.2202686 1.2415422 1.2525552 1.2542694 1.2672036 1.2766124 1.7539984 0.9732426 1.0377827 0.9685081 0.9304539 0.9994583 1.0073562 1.0958608 1.0226471 0.7888170 0.7546267 0.7532732 0.7449855 0.7272578 0.7161876 0.7237644 0.7369471 0.7978039 1.1850985 1.1086289 1.1387574 1.3998940 
Vespertilionidae  0.1986680 0.2666525 0.2270806 0.2347131 0.2369332 0.2292685 0.1951799 0.1736694 0.1841635 0.0000000 0.1291819 0.1294827 0.1833953 0.2287833 0.2698364 0.4939263 0.5668096 0.5551932 1.1787385 1.2225384 1.2453646 1.2145857 1.1996771 1.2080302 1.2299838 1.2317252 1.2227350 1.2520834 1.2072849 1.7744209 0.9638073 1.0013919 0.9499039 0.9702848 0.9876518 0.9751048 1.1135084 1.0124532 0.8339860 0.7895740 0.7839163 0.7588643 0.7389921 0.7298068 0.7252907 0.7507068 0.8055439 1.2071670 1.1190064 1.1387574 1.3447789 
Furipteridae      0.2141337 0.2838375 0.2454323 0.2602244 0.2442993 0.2438680 0.2109037 0.2023720 0.1984977 0.1291819 0.0000000 0.1538358 0.1907496 0.2416121 0.2950497 0.4974470 0.5961539 0.5908451 1.1912918 1.2362588 1.2633499 1.2486961 1.2244915 1.2327278 1.2576404 1.2442970 1.2272948 1.2414707 1.2553969 1.7584687 1.0081237 1.0184307 0.9707607 0.9574735 0.9799295 1.0044810 1.1018911 0.9941807 0.8209776 0.7622664 0.7840216 0.7587977 0.7491244 0.7499820 0.7351239 0.7464627 0.8517693 1.2362292 1.1121482 1.1532782 1.3465776 
Rhinolophidae     0.2075074 0.2753157 0.2252976 0.2440768 0.2366749 0.2325624 0.2057303 0.1930888 0.1871674 0.1294827 0.1538358 0.0000000 0.1799135 0.2296017 0.2674989 0.4936161 0.5826691 0.5636802 1.2012561 1.2158363 1.2233732 1.2576404 1.2125231 1.2175922 1.2824851 1.2317252 1.2488792 1.2645727 1.2336384 1.7554017 0.9961418 1.0112592 0.9984682 0.9698493 1.0353784 1.0176731 1.1135084 1.0048080 0.8474558 0.7734714 0.7915278 0.7755302 0.7637214 0.7541929 0.7515422 0.7838124 0.8293358 1.1600399 1.1177354 1.1554182 1.3170665 
Viverridae        0.1971085 0.2601638 0.2131562 0.2347664 0.2105361 0.2199750 0.1856596 0.1705011 0.1778743 0.1833953 0.1907496 0.1799135 0.0000000 0.1535896 0.2637582 0.4986430 0.5525449 0.5702382 1.1731711 1.2412681 1.2292359 1.2249519 1.1975232 1.2293431 1.2745023 1.2283974 1.1866019 1.2596048 1.2490853 1.6689650 1.0136685 1.0400404 0.9098847 0.9226015 0.9778128 1.0105160 1.0873811 1.0023764 0.8017125 0.7033786 0.7237644 0.7097533 0.7006241 0.6707698 0.6762708 0.7002491 0.7685681 1.1408951 1.0665075 1.1167408 1.3454473 
Procyonidae       0.2517785 0.3021346 0.2759652 0.2975779 0.2795260 0.2753157 0.2495021 0.2280923 0.2284998 0.2287833 0.2416121 0.2296017 0.1535896 0.0000000 0.3213650 0.5240593 0.6227251 0.6169811 1.2133534 1.2800750 1.3067023 1.3017579 1.2693961 1.2900181 1.3291901 1.3107797 1.3095136 1.2979258 1.2787628 1.6844387 1.0578460 1.0643311 0.9591399 0.9654677 1.0175502 1.0077454 1.0849876 1.0770149 0.8215936 0.7380422 0.7491244 0.7367379 0.7354402 0.7303146 0.7157428 0.7308269 0.7918471 1.1810314 1.0796082 1.1092199 1.3389075 
Myrmecophagidae   0.2501933 0.3005550 0.2667439 0.2786073 0.2725598 0.2707512 0.3026748 0.2656689 0.2768919 0.2698364 0.2950497 0.2674989 0.2637582 0.3213650 0.0000000 0.4939457 0.5997770 0.5606133 1.1778988 1.2371261 1.2380708 1.2444137 1.2251194 1.2344679 1.2703350 1.2596423 1.2740730 1.2751597 1.3265358 1.7752796 1.0252628 1.0476693 0.9638073 0.9404852 0.9668743 0.9922229 1.0668809 1.0070569 0.8401167 0.7699817 0.7699730 0.7573552 0.7434965 0.7346824 0.7254991 0.7429198 0.8485507 1.2562612 1.1569304 1.1671215 1.4080446 
Caluromyidae      0.4612031 0.5170670 0.4873055 0.5015962 0.5045226 0.5129882 0.5221771 0.4888597 0.4939263 0.4939263 0.4974470 0.4936161 0.4986430 0.5240593 0.4939457 0.0000000 0.2860344 0.2208316 1.2167973 1.2414013 1.2816396 1.2262942 1.2095791 1.2629477 1.2805178 1.2515765 1.2789507 1.3019672 1.2976714 1.6676072 1.0130779 1.0475745 1.0030583 0.9314805 1.0708417 1.0657863 1.1956694 1.0251611 0.8248128 0.7818165 0.8014179 0.7466092 0.7555284 0.7441515 0.7215871 0.7386388 0.8429512 1.2511359 1.1513493 1.1601499 1.3955368 
Thylacomyidae     0.5461247 0.5696085 0.5438301 0.5703279 0.6116912 0.5855538 0.6061910 0.5773174 0.5599453 0.5668096 0.5961539 0.5826691 0.5525449 0.6227251 0.5997770 0.2860344 0.0000000 0.3005194 1.3618642 1.3469488 1.3349614 1.3664511 1.3226356 1.3360602 1.3306383 1.3854461 1.4183677 1.3887291 1.4282355 1.8759853 1.1222937 1.1341180 1.0845967 1.0457806 1.1309999 1.1305007 1.3035552 1.1473524 0.9283792 0.9091528 0.9088027 0.8384682 0.8390387 0.8390768 0.8248128 0.8334985 0.9234641 1.3533014 1.2353304 1.2548235 1.4495750 
Phalangeridae     0.5498953 0.5855538 0.5630031 0.5810957 0.5793288 0.5770597 0.6171296 0.5811663 0.5758908 0.5551932 0.5908451 0.5636802 0.5702382 0.6169811 0.5606133 0.2208316 0.3005194 0.0000000 1.3122589 1.3136895 1.3268317 1.3427959 1.3125434 1.3409207 1.3544972 1.3280002 1.3643247 1.3835856 1.4108130 1.7273185 1.0891189 1.0863724 1.0353819 1.0126916 1.1226468 1.0688307 1.2465280 1.1286437 0.8800064 0.8533424 0.8783613 0.8135560 0.7961084 0.8101752 0.7944462 0.8196902 0.8922584 1.2697829 1.1873218 1.1886291 1.4281125 
Tityridae         1.2125231 1.1683730 1.1664507 1.1298066 1.1711342 1.1799456 1.2186623 1.1659063 1.1799645 1.1787385 1.1912918 1.2012561 1.1731711 1.2133534 1.1778988 1.2167973 1.3618642 1.3122589 0.0000000 0.2678105 0.3206228 0.3243783 0.3146972 0.3367890 0.3646184 0.3153722 0.3150545 0.3134773 0.4272390 1.5480652 0.8100935 0.8389997 0.9789832 1.0034973 1.0459556 1.0797839 1.1359854 1.1245420 1.0700398 1.0500174 1.0427157 1.0133773 1.0231053 0.9637717 0.9756998 1.0039243 0.9694081 1.5292994 1.4366179 1.4035107 1.4596674 
Ptilonorhynchidae 1.2081165 1.1881142 1.1580441 1.1479915 1.2106932 1.2225517 1.2946939 1.2337238 1.2302703 1.2225384 1.2362588 1.2158363 1.2412681 1.2800750 1.2371261 1.2414013 1.3469488 1.3136895 0.2678105 0.0000000 0.2222260 0.2039562 0.2173137 0.2278891 0.2594433 0.2059092 0.2186553 0.2037802 0.3995294 1.4931431 0.7842116 0.8033560 0.9390157 0.9462212 1.0198851 1.1023592 1.0782009 1.0715385 1.0735147 0.9935479 1.0452861 1.0130018 1.0180314 0.9795510 0.9847441 1.0109346 1.0055442 1.5094090 1.3828025 1.3630985 1.5560433 
Callaeatidae      1.2216811 1.2080302 1.1989161 1.1913306 1.2353304 1.2353881 1.3308489 1.2676686 1.2508215 1.2453646 1.2633499 1.2233732 1.2292359 1.3067023 1.2380708 1.2816396 1.3349614 1.3268317 0.3206228 0.2222260 0.0000000 0.2085579 0.2058978 0.2292685 0.2622121 0.1977844 0.2082144 0.1894810 0.4742276 1.5372578 0.8294138 0.8130080 1.0050221 1.0379063 1.0706247 1.0864066 1.1099094 1.0912976 1.1157706 1.0277922 1.0634744 1.0328206 1.0379583 0.9979576 1.0104305 1.0505372 1.0379716 1.5551484 1.4140254 1.3990653 1.6222999 
Monarchidae       1.2194617 1.1972179 1.1770349 1.1776549 1.2344679 1.2243183 1.2959288 1.2048987 1.2308504 1.2145857 1.2486961 1.2576404 1.2249519 1.3017579 1.2444137 1.2262942 1.3664511 1.3427959 0.3243783 0.2039562 0.2085579 0.0000000 0.1331623 0.2137136 0.2425315 0.2037802 0.1962277 0.1778743 0.4542962 1.5624795 0.7873012 0.8303069 0.9957375 1.0304097 1.0700527 1.0406163 1.0704800 1.1327182 1.1286048 1.0303213 1.0816513 1.0507183 1.0404783 0.9886281 1.0081237 1.0403897 1.0405009 1.5163413 1.4359765 1.4053483 1.5507332 
Malaconotidae     1.2110558 1.1924838 1.1771855 1.1803493 1.2161272 1.2208578 1.2785842 1.2110558 1.2073949 1.1996771 1.2244915 1.2125231 1.1975232 1.2693961 1.2251194 1.2095791 1.3226356 1.3125434 0.3146972 0.2173137 0.2058978 0.1331623 0.0000000 0.2071360 0.2396571 0.2011436 0.1957255 0.1804838 0.4369158 1.5181389 0.7648626 0.7875881 0.9489090 0.9845745 1.0535583 1.0328325 1.0222899 1.0405009 1.0755831 0.9915365 1.0920051 1.0255233 1.0206553 0.9613872 0.9876333 1.0184307 1.0058488 1.4764445 1.3363967 1.3200257 1.4709835 
Certhiidae        1.2265981 1.1690772 1.1832700 1.1866019 1.2133534 1.2481779 1.2660375 1.2160096 1.2202686 1.2080302 1.2327278 1.2175922 1.2293431 1.2900181 1.2344679 1.2629477 1.3360602 1.3409207 0.3367890 0.2278891 0.2292685 0.2137136 0.2071360 0.0000000 0.2085385 0.1855035 0.1905181 0.1997474 0.4537477 1.4815103 0.7888597 0.8366104 0.9728138 1.0453655 1.0835340 1.0564864 1.0790902 1.1095191 1.1000528 1.0005724 1.0785827 1.0151430 1.0278164 0.9838845 0.9961418 1.0154874 1.0251953 1.4881660 1.3512539 1.3284741 1.5700259 
Cinclidae         1.2645727 1.2576815 1.2503991 1.2137926 1.2433700 1.2729292 1.3475084 1.2755524 1.2415422 1.2299838 1.2576404 1.2824851 1.2745023 1.3291901 1.2703350 1.2805178 1.3306383 1.3544972 0.3646184 0.2594433 0.2622121 0.2425315 0.2396571 0.2085385 0.0000000 0.2021982 0.2083775 0.2304365 0.4630912 1.5373058 0.8266101 0.8738102 0.9925245 1.0353749 1.1032708 1.0801394 1.1130937 1.1743218 1.1392495 1.0503601 1.1246213 1.0481137 1.0531308 1.0205573 1.0328896 1.0378683 1.0887036 1.5744074 1.4353263 1.4126159 1.5346810 
Ploceidae         1.2479221 1.2458967 1.2264485 1.2299838 1.2452329 1.2822120 1.3267699 1.2219051 1.2525552 1.2317252 1.2442970 1.2317252 1.2283974 1.3107797 1.2596423 1.2515765 1.3854461 1.3280002 0.3153722 0.2059092 0.1977844 0.2037802 0.2011436 0.1855035 0.2021982 0.0000000 0.1022615 0.1783189 0.4352018 1.5715452 0.8044163 0.8064414 1.0125332 1.0202549 1.0978657 1.1286437 1.1024361 1.1365510 1.1478329 1.0429291 1.1202353 1.0430884 1.0507183 1.0080301 1.0154874 1.0855934 1.0481137 1.5106991 1.3888633 1.3797450 1.5319334 
Thraupidae        1.2389305 1.2223334 1.2229412 1.2157026 1.2118620 1.2535004 1.3065401 1.2227350 1.2542694 1.2227350 1.2272948 1.2488792 1.1866019 1.3095136 1.2740730 1.2789507 1.4183677 1.3643247 0.3150545 0.2186553 0.2082144 0.1962277 0.1957255 0.1905181 0.2083775 0.1022615 0.0000000 0.1853476 0.4303087 1.5858283 0.8200359 0.8242835 0.9725972 1.0204077 1.1083669 1.1045359 1.1201563 1.1237241 1.1617156 1.0480123 1.1561650 1.0685706 1.0865710 1.0478142 1.0527889 1.0857859 1.0739623 1.5028431 1.4000232 1.3915353 1.5813430 
Alaudidae         1.2433700 1.2371192 1.1913166 1.1837792 1.2202686 1.2576815 1.3052723 1.2486961 1.2672036 1.2520834 1.2414707 1.2645727 1.2596048 1.2979258 1.2751597 1.3019672 1.3887291 1.3835856 0.3134773 0.2037802 0.1894810 0.1778743 0.1804838 0.1997474 0.2304365 0.1783189 0.1853476 0.0000000 0.4316945 1.5374041 0.7888597 0.8192474 0.9978277 1.0279115 1.0462285 1.0566588 1.0845343 1.0984763 1.0944407 1.0303952 1.1088740 1.0429605 1.0378935 1.0084006 1.0182049 1.0551990 1.0252628 1.5106991 1.4179983 1.4008199 1.5706198 
Coraciiformes     1.2319390 1.2555225 1.2129305 1.2215330 1.2388639 1.2586404 1.3355845 1.2136898 1.2766124 1.2072849 1.2553969 1.2336384 1.2490853 1.2787628 1.3265358 1.2976714 1.4282355 1.4108130 0.4272390 0.3995294 0.4742276 0.4542962 0.4369158 0.4537477 0.4630912 0.4352018 0.4303087 0.4316945 0.0000000 1.4972700 0.7662994 0.8639362 0.9797357 1.0429605 1.0895241 1.0992449 1.1187553 1.1045359 1.1054697 1.0428980 1.1015784 1.1129972 1.0854024 1.0353578 1.0279810 1.0676910 1.0504777 1.4691305 1.4073881 1.3702685 1.5234396 
Crocodylidae      1.7301856 1.7679205 1.7359681 1.8216295 1.7071796 1.7346178 1.7810988 1.7301856 1.7539984 1.7744209 1.7584687 1.7554017 1.6689650 1.6844387 1.7752796 1.6676072 1.8759853 1.7273185 1.5480652 1.4931431 1.5372578 1.5624795 1.5181389 1.4815103 1.5373058 1.5715452 1.5858283 1.5374041 1.4972700 0.0000000 1.3772466 1.2362160 1.3735448 1.3601227 1.4269538 1.4604843 1.6634715 1.4787826 1.3876774 1.3523634 1.3943718 1.3573978 1.3856060 1.3577318 1.3199152 1.3552757 1.4217363 1.9442908 1.8330361 1.8008770 2.0634522 
Carettochelyidae  1.0182049 0.9819773 0.9868304 1.0254273 1.0304525 1.0377357 1.0404559 1.0057480 0.9732426 0.9638073 1.0081237 0.9961418 1.0136685 1.0578460 1.0252628 1.0130779 1.1222937 1.0891189 0.8100935 0.7842116 0.8294138 0.7873012 0.7648626 0.7888597 0.8266101 0.8044163 0.8200359 0.7888597 0.7662994 1.3772466 0.0000000 0.4015570 0.7945201 0.7832494 0.8601409 0.7906847 0.8970543 0.8384230 0.8759047 0.8166751 0.8814513 0.8017125 0.8176383 0.8147783 0.7988831 0.8222311 0.8268433 1.2729623 1.1946621 1.1986059 1.4261980 
Kinosternidae     1.0522674 1.0114969 1.0425128 1.0669729 1.0760669 1.0518350 1.0403464 1.0135239 1.0377827 1.0013919 1.0184307 1.0112592 1.0400404 1.0643311 1.0476693 1.0475745 1.1341180 1.0863724 0.8389997 0.8033560 0.8130080 0.8303069 0.7875881 0.8366104 0.8738102 0.8064414 0.8242835 0.8192474 0.8639362 1.2362160 0.4015570 0.0000000 0.7637548 0.7571027 0.8424025 0.8369231 0.8795338 0.8148318 0.8513291 0.8083774 0.8472644 0.8077641 0.8083774 0.7651452 0.7767785 0.8180280 0.8309363 1.2719234 1.1899733 1.1939757 1.3885689 
Anomalepididae    0.9547758 0.9537031 0.9483386 0.9738753 0.9304539 0.9632986 1.0251953 0.9224391 0.9685081 0.9499039 0.9707607 0.9984682 0.9098847 0.9591399 0.9638073 1.0030583 1.0845967 1.0353819 0.9789832 0.9390157 1.0050221 0.9957375 0.9489090 0.9728138 0.9925245 1.0125332 0.9725972 0.9978277 0.9797357 1.3735448 0.7945201 0.7637548 0.0000000 0.3240502 0.4255020 0.4561175 0.5139818 0.5805384 0.8004117 0.7713502 0.7950889 0.7430897 0.7458771 0.7085515 0.7360828 0.7569491 0.8035314 1.2440736 1.1214232 1.1267535 1.2835019 
Loxocemidae       0.9383818 0.9114791 0.9162136 0.9390157 0.9462212 0.9661566 0.9951852 0.8807882 0.9304539 0.9702848 0.9574735 0.9698493 0.9226015 0.9654677 0.9404852 0.9314805 1.0457806 1.0126916 1.0034973 0.9462212 1.0379063 1.0304097 0.9845745 1.0453655 1.0353749 1.0202549 1.0204077 1.0279115 1.0429605 1.3601227 0.7832494 0.7571027 0.3240502 0.0000000 0.2425122 0.4292975 0.5128796 0.5129882 0.7404832 0.6845867 0.7373576 0.6721150 0.6652491 0.6383877 0.6513484 0.6979185 0.7237644 1.1535891 1.0670074 1.0643783 1.2633499 
Natricidae        0.9797357 0.9980865 0.9534071 0.9801220 1.0022599 1.0128478 1.0406636 0.9595484 0.9994583 0.9876518 0.9799295 1.0353784 0.9778128 1.0175502 0.9668743 1.0708417 1.1309999 1.1226468 1.0459556 1.0198851 1.0706247 1.0700527 1.0535583 1.0835340 1.1032708 1.0978657 1.1083669 1.0462285 1.0895241 1.4269538 0.8601409 0.8424025 0.4255020 0.2425122 0.0000000 0.4885186 0.5879985 0.6215682 0.8597980 0.8126399 0.8252273 0.7621321 0.7607245 0.7383959 0.7378382 0.7749752 0.8262472 1.3119561 1.1776549 1.1639202 1.3820876 
Xenosauridae      1.0200987 1.0000860 0.9682794 1.0102577 0.9976969 1.0055442 1.0694989 0.9946173 1.0073562 0.9751048 1.0044810 1.0176731 1.0105160 1.0077454 0.9922229 1.0657863 1.1305007 1.0688307 1.0797839 1.1023592 1.0864066 1.0406163 1.0328325 1.0564864 1.0801394 1.1286437 1.1045359 1.0566588 1.0992449 1.4604843 0.7906847 0.8369231 0.4561175 0.4292975 0.4885186 0.0000000 0.5935133 0.6034257 0.8355724 0.8073469 0.8147783 0.7418161 0.7657370 0.7429198 0.7505870 0.7918471 0.7707131 1.2549802 1.1633242 1.1563007 1.3594697 
Teiidae           1.1264044 1.1018366 1.0946726 1.1478329 1.1097383 1.0792610 1.1373899 1.1010904 1.0958608 1.1135084 1.1018911 1.1135084 1.0873811 1.0849876 1.0668809 1.1956694 1.3035552 1.2465280 1.1359854 1.0782009 1.1099094 1.0704800 1.0222899 1.0790902 1.1130937 1.1024361 1.1201563 1.0845343 1.1187553 1.6634715 0.8970543 0.8795338 0.5139818 0.5128796 0.5879985 0.5935133 0.0000000 0.6787823 0.8793900 0.8772351 0.9122462 0.8515138 0.8429606 0.8072707 0.8142116 0.8485507 0.8855091 1.3621457 1.2639678 1.2687206 1.3447789 
Eublepharidae     1.0174255 1.0503601 0.9874852 1.0200987 1.0050221 1.0479622 1.0992449 0.9920705 1.0226471 1.0124532 0.9941807 1.0048080 1.0023764 1.0770149 1.0070569 1.0251611 1.1473524 1.1286437 1.1245420 1.0715385 1.0912976 1.1327182 1.0405009 1.1095191 1.1743218 1.1365510 1.1237241 1.0984763 1.1045359 1.4787826 0.8384230 0.8148318 0.5805384 0.5129882 0.6215682 0.6034257 0.6787823 0.0000000 0.8129847 0.8302331 0.8800686 0.8094847 0.8323344 0.7943364 0.7870568 0.8280270 0.8440748 1.2885193 1.1682615 1.1845537 1.4226178 
Dicamptodontidae  0.8032493 0.7943364 0.8236205 0.8587320 0.8318611 0.8082623 0.8555490 0.8028497 0.7888170 0.8339860 0.8209776 0.8474558 0.8017125 0.8215936 0.8401167 0.8248128 0.9283792 0.8800064 1.0700398 1.0735147 1.1157706 1.1286048 1.0755831 1.1000528 1.1392495 1.1478329 1.1617156 1.0944407 1.1054697 1.3876774 0.8759047 0.8513291 0.8004117 0.7404832 0.8597980 0.8355724 0.8793900 0.8129847 0.0000000 0.3369009 0.3378350 0.3051352 0.2829923 0.2885169 0.2632641 0.2825495 0.3893190 0.9478647 0.8205166 0.8251025 0.9878466 
Alytidae          0.7581495 0.7429198 0.7397378 0.7861383 0.7720387 0.7818165 0.7906847 0.7463143 0.7546267 0.7895740 0.7622664 0.7734714 0.7033786 0.7380422 0.7699817 0.7818165 0.9091528 0.8533424 1.0500174 0.9935479 1.0277922 1.0303213 0.9915365 1.0005724 1.0503601 1.0429291 1.0480123 1.0303952 1.0428980 1.3523634 0.8166751 0.8083774 0.7713502 0.6845867 0.8126399 0.8073469 0.8772351 0.8302331 0.3369009 0.0000000 0.2274841 0.1981581 0.1803643 0.1838553 0.1660800 0.1879701 0.3312653 0.8634086 0.7364317 0.7385537 0.9444484 
Heleophrynidae    0.7860181 0.7477901 0.7623953 0.7818165 0.7727243 0.7993063 0.8076970 0.7444042 0.7532732 0.7839163 0.7840216 0.7915278 0.7237644 0.7491244 0.7699730 0.8014179 0.9088027 0.8783613 1.0427157 1.0452861 1.0634744 1.0816513 1.0920051 1.0785827 1.1246213 1.1202353 1.1561650 1.1088740 1.1015784 1.3943718 0.8814513 0.8472644 0.7950889 0.7373576 0.8252273 0.8147783 0.9122462 0.8800686 0.3378350 0.2274841 0.0000000 0.1367593 0.1318849 0.1324215 0.1170564 0.1402670 0.3316033 0.9174530 0.8384682 0.8339860 0.9723791 
Leptodactylidae   0.7582200 0.7267595 0.7373576 0.7540963 0.7534775 0.7900801 0.7883941 0.7361951 0.7449855 0.7588643 0.7587977 0.7755302 0.7097533 0.7367379 0.7573552 0.7466092 0.8384682 0.8135560 1.0133773 1.0130018 1.0328206 1.0507183 1.0255233 1.0151430 1.0481137 1.0430884 1.0685706 1.0429605 1.1129972 1.3573978 0.8017125 0.8077641 0.7430897 0.6721150 0.7621321 0.7418161 0.8515138 0.8094847 0.3051352 0.1981581 0.1367593 0.0000000 0.0379922 0.0950664 0.0789160 0.1042282 0.3066973 0.8626565 0.7765302 0.7808912 0.9603283 
Strabomantidae    0.7466092 0.7113855 0.7200584 0.7425210 0.7460267 0.7699477 0.7678640 0.7206777 0.7272578 0.7389921 0.7491244 0.7637214 0.7006241 0.7354402 0.7434965 0.7555284 0.8390387 0.7961084 1.0231053 1.0180314 1.0379583 1.0404783 1.0206553 1.0278164 1.0531308 1.0507183 1.0865710 1.0378935 1.0854024 1.3856060 0.8176383 0.8083774 0.7458771 0.6652491 0.7607245 0.7657370 0.8429606 0.8323344 0.2829923 0.1803643 0.1318849 0.0379922 0.0000000 0.0861130 0.0684865 0.0951369 0.2966586 0.8332029 0.7620861 0.7707272 0.9655602 
Micrixalidae      0.7188351 0.7205195 0.7112629 0.7373576 0.7439909 0.7563222 0.7602285 0.7018036 0.7161876 0.7298068 0.7499820 0.7541929 0.6707698 0.7303146 0.7346824 0.7441515 0.8390768 0.8101752 0.9637717 0.9795510 0.9979576 0.9886281 0.9613872 0.9838845 1.0205573 1.0080301 1.0478142 1.0084006 1.0353578 1.3577318 0.8147783 0.7651452 0.7085515 0.6383877 0.7383959 0.7429198 0.8072707 0.7943364 0.2885169 0.1838553 0.1324215 0.0950664 0.0861130 0.0000000 0.0421633 0.0692458 0.2794865 0.8197367 0.7452588 0.7494725 0.9248777 
Hemisotidae       0.7228156 0.7081426 0.7108474 0.7408452 0.7328086 0.7597565 0.7657973 0.7033978 0.7237644 0.7252907 0.7351239 0.7515422 0.6762708 0.7157428 0.7254991 0.7215871 0.8248128 0.7944462 0.9756998 0.9847441 1.0104305 1.0081237 0.9876333 0.9961418 1.0328896 1.0154874 1.0527889 1.0182049 1.0279810 1.3199152 0.7988831 0.7767785 0.7360828 0.6513484 0.7378382 0.7505870 0.8142116 0.7870568 0.2632641 0.1660800 0.1170564 0.0789160 0.0684865 0.0421633 0.0000000 0.0537538 0.2707851 0.8174837 0.7467614 0.7530634 0.8990176 
Asterophryidae    0.7439909 0.7229970 0.7335521 0.7603414 0.7541929 0.7795701 0.7925012 0.7282889 0.7369471 0.7507068 0.7464627 0.7838124 0.7002491 0.7308269 0.7429198 0.7386388 0.8334985 0.8196902 1.0039243 1.0109346 1.0505372 1.0403897 1.0184307 1.0154874 1.0378683 1.0855934 1.0857859 1.0551990 1.0676910 1.3552757 0.8222311 0.8180280 0.7569491 0.6979185 0.7749752 0.7918471 0.8485507 0.8280270 0.2825495 0.1879701 0.1402670 0.1042282 0.0951369 0.0692458 0.0537538 0.0000000 0.2943026 0.8608632 0.7473643 0.7649964 0.9216905 
Caeciliidae2      0.8380424 0.8190928 0.8245875 0.8522963 0.8218455 0.8010144 0.8446093 0.7926687 0.7978039 0.8055439 0.8517693 0.8293358 0.7685681 0.7918471 0.8485507 0.8429512 0.9234641 0.8922584 0.9694081 1.0055442 1.0379716 1.0405009 1.0058488 1.0251953 1.0887036 1.0481137 1.0739623 1.0252628 1.0504777 1.4217363 0.8268433 0.8309363 0.8035314 0.7237644 0.8262472 0.7707131 0.8855091 0.8440748 0.3893190 0.3312653 0.3316033 0.3066973 0.2966586 0.2794865 0.2707851 0.2943026 0.0000000 0.9462212 0.8104279 0.8148873 0.9744717 
Polypteriformes   1.1217803 1.1844358 1.1362608 1.2252727 1.2246018 1.2145857 1.2099103 1.2044201 1.1850985 1.2071670 1.2362292 1.1600399 1.1408951 1.1810314 1.2562612 1.2511359 1.3533014 1.2697829 1.5292994 1.5094090 1.5551484 1.5163413 1.4764445 1.4881660 1.5744074 1.5106991 1.5028431 1.5106991 1.4691305 1.9442908 1.2729623 1.2719234 1.2440736 1.1535891 1.3119561 1.2549802 1.3621457 1.2885193 0.9478647 0.8634086 0.9174530 0.8626565 0.8332029 0.8197367 0.8174837 0.8608632 0.9462212 0.0000000 0.8711541 0.8888045 1.2130898 
Channichthyidae   1.0921075 1.1167408 1.1315489 1.1622355 1.1249028 1.1010904 1.1525086 1.1327182 1.1086289 1.1190064 1.1121482 1.1177354 1.0665075 1.0796082 1.1569304 1.1513493 1.2353304 1.1873218 1.4366179 1.3828025 1.4140254 1.4359765 1.3363967 1.3512539 1.4353263 1.3888633 1.4000232 1.4179983 1.4073881 1.8330361 1.1946621 1.1899733 1.1214232 1.0670074 1.1776549 1.1633242 1.2639678 1.1682615 0.8205166 0.7364317 0.8384682 0.7765302 0.7620861 0.7452588 0.7467614 0.7473643 0.8104279 0.8711541 0.0000000 0.0482013 1.1892656 
Pseudaphritidae   1.1319354 1.1601499 1.1565377 1.1932468 1.1685216 1.1286437 1.1751881 1.1422516 1.1387574 1.1387574 1.1532782 1.1554182 1.1167408 1.1092199 1.1671215 1.1601499 1.2548235 1.1886291 1.4035107 1.3630985 1.3990653 1.4053483 1.3200257 1.3284741 1.4126159 1.3797450 1.3915353 1.4008199 1.3702685 1.8008770 1.1986059 1.1939757 1.1267535 1.0643783 1.1639202 1.1563007 1.2687206 1.1845537 0.8251025 0.7385537 0.8339860 0.7808912 0.7707272 0.7494725 0.7530634 0.7649964 0.8148873 0.8888045 0.0482013 0.0000000 1.1960538 
Carcharhinidae    1.3777167 1.3213854 1.3047196 1.3367480 1.3502216 1.3405704 1.3872652 1.3478078 1.3998940 1.3447789 1.3465776 1.3170665 1.3454473 1.3389075 1.4080446 1.3955368 1.4495750 1.4281125 1.4596674 1.5560433 1.6222999 1.5507332 1.4709835 1.5700259 1.5346810 1.5319334 1.5813430 1.5706198 1.5234396 2.0634522 1.4261980 1.3885689 1.2835019 1.2633499 1.3820876 1.3594697 1.3447789 1.4226178 0.9878466 0.9444484 0.9723791 0.9603283 0.9655602 0.9248777 0.8990176 0.9216905 0.9744717 1.2130898 1.1892656 1.1960538 0.0000000 
