51
Pitheciidae       0.0000000 0.0634420 0.0514073 0.0524436 0.0494444 0.0463603 0.0483806 0.0677390 0.0535195 0.0483474 0.0483806 0.0533720 0.0523714 0.0536306 0.0594824 0.0909565 0.0909565 0.0951135 0.4443053 0.4501627 0.4104931 0.4127979 0.4155240 0.4084033 0.4159507 0.3975166 0.4119543 0.4275009 0.4265222 0.4893952 0.5351722 0.5559512 0.7772402 0.9574867 0.9348495 0.8666201 0.9933442 0.5416413 0.9090503 0.8895524 0.9159481 0.7791422 0.7756972 0.8678244 0.8475729 0.8901135 1.2153381 0.8217057 1.0502071 1.0908189 0.9995749 
Scandentia        0.0634420 0.0000000 0.0644554 0.0655156 0.0623864 0.0583118 0.0613761 0.0810608 0.0645902 0.0593179 0.0593589 0.0644106 0.0654245 0.0666716 0.0736812 0.1046880 0.1046880 0.1078241 0.4575960 0.4585758 0.4202637 0.4169673 0.4221277 0.4134057 0.4178223 0.4142500 0.4194001 0.4341533 0.4380419 0.4946257 0.5627101 0.5641364 0.7829829 0.9879439 0.9515006 0.8712983 1.0185213 0.5651339 0.8955744 0.8900189 0.9238588 0.7711677 0.7654698 0.9015437 0.8745272 0.8925495 1.1852930 0.8039440 1.0409976 1.0629412 0.9646504 
Erethizontidae    0.0514073 0.0644554 0.0000000 0.0226984 0.0433585 0.0403155 0.0473209 0.0645902 0.0524436 0.0472886 0.0473209 0.0522995 0.0513015 0.0545618 0.0573860 0.0876750 0.0876750 0.0897102 0.4449925 0.4475692 0.4143732 0.4103856 0.4131027 0.3990043 0.4064285 0.3967173 0.4079883 0.4194001 0.4224410 0.4831763 0.5346218 0.5485007 0.7474613 0.9470446 0.9326708 0.8583916 0.9796631 0.5440252 0.8875622 0.8778326 0.9165776 0.7677148 0.7665351 0.8980736 0.8392133 0.8688410 1.2178207 0.8217057 1.0320408 1.0822309 0.9726725 
Capromyidae       0.0524436 0.0655156 0.0226984 0.0000000 0.0453684 0.0423132 0.0483474 0.0666716 0.0544865 0.0493089 0.0493427 0.0543364 0.0513367 0.0545996 0.0574257 0.0887876 0.0887876 0.0908261 0.4569285 0.4595606 0.4202637 0.4178223 0.4205476 0.4102790 0.4178223 0.4079883 0.4194001 0.4325528 0.4357286 0.4957343 0.5540041 0.5496946 0.7418305 0.9322343 0.9207508 0.8692691 1.0001504 0.5539342 0.9094046 0.8944107 0.9206729 0.7869618 0.7834117 0.9015437 0.8546755 0.8851056 1.2181013 0.8206388 1.0325350 1.0975781 0.9886290 
Muridae           0.0494444 0.0623864 0.0433585 0.0453684 0.0000000 0.0393608 0.0443777 0.0656528 0.0514782 0.0463286 0.0463603 0.0513367 0.0493427 0.0505821 0.0584328 0.0845955 0.0887876 0.0908261 0.4445225 0.4428988 0.4171016 0.4115340 0.4142500 0.4056057 0.4131027 0.4064285 0.4146736 0.4261739 0.4235969 0.4843462 0.5376090 0.5496946 0.7599574 0.9628684 0.9428622 0.8737581 1.0022761 0.5439136 0.8969796 0.8846200 0.9168865 0.7800698 0.7676317 0.8860953 0.8358432 0.8747636 1.2242041 0.7850939 1.0353540 1.0600982 0.9699642 
Castoridae        0.0463603 0.0583118 0.0403155 0.0423132 0.0393608 0.0000000 0.0413279 0.0604506 0.0483806 0.0412989 0.0432995 0.0482483 0.0482483 0.0514782 0.0553004 0.0792145 0.0823310 0.0843548 0.4505621 0.4531578 0.4198314 0.4142500 0.4153962 0.4098627 0.4158210 0.4106963 0.4158210 0.4289141 0.4295458 0.4838103 0.5333694 0.5527443 0.7610867 0.9770889 0.9411781 0.8856022 1.0030889 0.5500881 0.8855996 0.8802561 0.9216070 0.7880432 0.7754920 0.8925495 0.8442221 0.8762205 1.2147587 0.8050280 1.0333064 1.0953119 0.9974761 
Suidae            0.0483806 0.0613761 0.0473209 0.0483474 0.0443777 0.0413279 0.0000000 0.0393068 0.0237358 0.0362713 0.0362956 0.0392276 0.0392276 0.0443474 0.0521912 0.0800818 0.0821559 0.0874250 0.4298046 0.4355145 0.4029080 0.3990043 0.4016909 0.3916740 0.3990043 0.3939895 0.4020956 0.4134057 0.4123756 0.4720841 0.5267023 0.5475878 0.7441937 0.9348495 0.9130693 0.8537869 1.0044310 0.5426203 0.8685800 0.8719999 0.9000153 0.7598616 0.7476829 0.8762205 0.8335000 0.8625088 1.1860541 0.8059313 1.0453074 1.0873148 0.9664172 
Hippopotamidae    0.0677390 0.0810608 0.0645902 0.0666716 0.0656528 0.0604506 0.0393068 0.0000000 0.0402884 0.0551857 0.0552243 0.0582304 0.0562245 0.0614613 0.0705608 0.1012650 0.1012650 0.1066745 0.4528676 0.4620419 0.4252945 0.4244195 0.4255637 0.4168340 0.4196858 0.4224056 0.4275864 0.4359961 0.4334546 0.4855146 0.5387856 0.5700728 0.7633363 0.9646435 0.9497861 0.8698540 1.0100751 0.5588434 0.8979462 0.8983630 0.9323916 0.7699626 0.7509790 0.8920258 0.8607822 0.8885702 1.2480533 0.8235866 1.0572769 1.0994173 0.9894641 
Hyperoodontidae   0.0535195 0.0645902 0.0524436 0.0544865 0.0514782 0.0483806 0.0237358 0.0402884 0.0000000 0.0412712 0.0412989 0.0442560 0.0462330 0.0473857 0.0573464 0.0865653 0.0865653 0.0918789 0.4250238 0.4348157 0.4006159 0.3998082 0.4025013 0.3924558 0.3998082 0.3947790 0.4029080 0.4142500 0.4147987 0.4775430 0.5376090 0.5665165 0.7554063 0.9503867 0.9410161 0.8742065 1.0103907 0.5502231 0.8969796 0.8851078 0.9086916 0.7598773 0.7498671 0.8945940 0.8482610 0.8781496 1.2083214 0.8133344 1.0466484 1.0946877 0.9842617 
Vespertilionidae  0.0483474 0.0593179 0.0472886 0.0493089 0.0463286 0.0412989 0.0362713 0.0551857 0.0412712 0.0000000 0.0208111 0.0294732 0.0411601 0.0443172 0.0521557 0.0789907 0.0789907 0.0842350 0.4380527 0.4382767 0.4087190 0.4094474 0.4137070 0.3974077 0.4063382 0.4012871 0.4094474 0.4208299 0.4245848 0.4598834 0.5184241 0.5390626 0.7542785 0.9357880 0.9172298 0.8600657 1.0100751 0.5401530 0.8671619 0.8749676 0.8885702 0.7676731 0.7620501 0.8723075 0.8412525 0.8733133 1.1774169 0.7954148 1.0252288 1.0707981 0.9681862 
Furipteridae      0.0483806 0.0593589 0.0473209 0.0493427 0.0463603 0.0432995 0.0362956 0.0552243 0.0412989 0.0208111 0.0000000 0.0294928 0.0411879 0.0443474 0.0521912 0.0790465 0.0790465 0.0842948 0.4378183 0.4371242 0.4029080 0.4036446 0.4063382 0.3962693 0.3990043 0.3970635 0.4051958 0.4149724 0.4186815 0.4587180 0.5243557 0.5397044 0.7531498 0.9400874 0.9156273 0.8586529 1.0173707 0.5329561 0.8787506 0.8914455 0.8875845 0.7576300 0.7454846 0.8586529 0.8428873 0.8723075 1.1739981 0.8129270 1.0260076 1.0699980 0.9524056 
Rhinolophidae     0.0533720 0.0644106 0.0522995 0.0543364 0.0513367 0.0482483 0.0392276 0.0582304 0.0442560 0.0294732 0.0294928 0.0000000 0.0451217 0.0473209 0.0561861 0.0852763 0.0852763 0.0905664 0.4362110 0.4435860 0.4106963 0.4114228 0.4141278 0.3993437 0.4051958 0.4032378 0.4114228 0.4228393 0.4234348 0.4794633 0.5332981 0.5298900 0.7531498 0.9348495 0.9181878 0.8419864 0.9964425 0.5353297 0.8860878 0.8768474 0.9225375 0.7687703 0.7742746 0.8811529 0.8546755 0.8846130 1.1830399 0.8080759 1.0089090 1.0558188 0.9646504 
Viverridae        0.0523714 0.0654245 0.0513015 0.0513367 0.0493427 0.0482483 0.0392276 0.0562245 0.0462330 0.0411601 0.0411879 0.0451217 0.0000000 0.0256466 0.0551857 0.0873628 0.0873628 0.0926668 0.4353022 0.4475107 0.4145496 0.4105888 0.4132872 0.4047035 0.4074794 0.4055189 0.4137070 0.4251265 0.4241469 0.4777770 0.5249224 0.5439136 0.7287091 0.9532238 0.9239914 0.8392535 1.0055044 0.5481166 0.8705760 0.8595404 0.9044277 0.7643027 0.7587157 0.8655600 0.8449201 0.8645464 1.1718294 0.7918880 1.0050042 1.0572567 0.9611332 
Procyonidae       0.0536306 0.0666716 0.0545618 0.0545996 0.0505821 0.0514782 0.0443474 0.0614613 0.0473857 0.0443172 0.0443474 0.0473209 0.0256466 0.0000000 0.0594824 0.0909565 0.0909565 0.0941916 0.4391968 0.4547979 0.4214136 0.4173943 0.4201162 0.4098627 0.4173943 0.4091342 0.4173943 0.4321036 0.4286533 0.4816809 0.5405963 0.5620731 0.7633640 0.9789928 0.9505918 0.8761296 1.0057861 0.5527443 0.8930005 0.8880373 0.9266451 0.7858773 0.7868546 0.8870815 0.8655346 0.8910476 1.1826510 0.8240744 1.0289359 1.0795889 0.9637613 
Myrmecophagidae   0.0594824 0.0736812 0.0573860 0.0574257 0.0584328 0.0553004 0.0521912 0.0705608 0.0573464 0.0521557 0.0521912 0.0561861 0.0551857 0.0594824 0.0000000 0.0915505 0.0915505 0.0968828 0.4385100 0.4507600 0.4192565 0.4137070 0.4164099 0.4077958 0.4137070 0.4086196 0.4168340 0.4298738 0.4362110 0.4930413 0.5410345 0.5675015 0.7419605 0.9558580 0.9233161 0.8586529 1.0162326 0.5317005 0.8899729 0.8667504 0.9118963 0.7620730 0.7609304 0.8733133 0.8425761 0.8572464 1.1883263 0.7989604 1.0439805 1.0771783 0.9664172 
Caluromyidae      0.0909565 0.1046880 0.0876750 0.0887876 0.0845955 0.0792145 0.0800818 0.1012650 0.0865653 0.0789907 0.0790465 0.0852763 0.0873628 0.0909565 0.0915505 0.0000000 0.0150352 0.0198016 0.4241469 0.4218481 0.4020956 0.3958736 0.4008843 0.3878512 0.3951299 0.3901465 0.3966659 0.4047869 0.4234348 0.4587180 0.5178284 0.5475878 0.7264118 0.9322343 0.9324544 0.8413538 0.9786306 0.5298900 0.8492785 0.8571420 0.9075023 0.7443346 0.7259170 0.8610898 0.8215893 0.8354894 1.2342599 0.7780433 1.0343299 1.0699980 0.9497861 
Thylacomyidae     0.0909565 0.1046880 0.0876750 0.0887876 0.0887876 0.0823310 0.0821559 0.1012650 0.0865653 0.0789907 0.0790465 0.0852763 0.0873628 0.0909565 0.0915505 0.0150352 0.0000000 0.0140969 0.4194001 0.4202637 0.3974619 0.3935961 0.3993437 0.3833005 0.3851958 0.3855773 0.3920644 0.4001462 0.4186815 0.4520934 0.5125350 0.5420805 0.7286240 0.9434858 0.9111327 0.8365444 0.9603130 0.5262770 0.8417687 0.8639458 0.8969796 0.7377845 0.7260087 0.8461739 0.8144329 0.8399961 1.2017828 0.7849918 1.0355982 1.0600982 0.9445537 
Phalangeridae     0.0951135 0.1078241 0.0897102 0.0908261 0.0908261 0.0843548 0.0874250 0.1066745 0.0918789 0.0842350 0.0842948 0.0905664 0.0926668 0.0941916 0.0968828 0.0198016 0.0140969 0.0000000 0.4221277 0.4229981 0.4001462 0.3978054 0.4020229 0.3859504 0.3932036 0.3882358 0.3947353 0.4028319 0.4214136 0.4558915 0.5267499 0.5495613 0.7319104 0.9504899 0.9178801 0.8378960 0.9603487 0.5359628 0.8578916 0.8729925 0.9065458 0.7565129 0.7378397 0.8596771 0.8249512 0.8317461 1.2189322 0.7861924 1.0348380 1.0736542 0.9593880 
Tityridae         0.4443053 0.4575960 0.4449925 0.4569285 0.4445225 0.4505621 0.4298046 0.4528676 0.4250238 0.4380527 0.4378183 0.4362110 0.4353022 0.4391968 0.4385100 0.4241469 0.4194001 0.4221277 0.0000000 0.1164741 0.0996443 0.0964504 0.0975844 0.1050697 0.1049931 0.1061442 0.0985783 0.1072200 0.1336272 0.4164099 0.4903263 0.5196660 0.7356573 0.8461739 0.9380186 0.7954148 0.9485362 0.5583444 0.9795680 0.9964073 1.0231280 0.9250510 0.8773014 1.0253839 0.9419628 0.9897970 1.3321590 0.8734301 1.1286088 1.1468721 1.0132139 
Ptilonorhynchidae 0.4501627 0.4585758 0.4475692 0.4595606 0.4428988 0.4531578 0.4355145 0.4620419 0.4348157 0.4382767 0.4371242 0.4435860 0.4475107 0.4547979 0.4507600 0.4218481 0.4202637 0.4229981 0.1164741 0.0000000 0.0688574 0.0668117 0.0668585 0.0699311 0.0729633 0.0730147 0.0657906 0.0740449 0.1157240 0.4008843 0.4952995 0.5059903 0.7356573 0.8668044 0.9568744 0.8006725 0.9194406 0.5657338 0.9901279 0.9994445 1.0012721 0.9434517 0.9072798 1.0020645 0.9394462 0.9869037 1.3343239 0.9118963 1.1345301 1.1439477 1.0627529 
Callaeatidae      0.4104931 0.4202637 0.4143732 0.4202637 0.4171016 0.4198314 0.4029080 0.4252945 0.4006159 0.4087190 0.4029080 0.4106963 0.4145496 0.4214136 0.4192565 0.4020956 0.3974619 0.4001462 0.0996443 0.0688574 0.0000000 0.0354152 0.0354401 0.0403438 0.0412989 0.0413279 0.0363930 0.0452756 0.1011520 0.3908958 0.4575960 0.4736355 0.7295315 0.8582707 0.9131190 0.8048542 0.9019427 0.5351722 0.9733872 0.9818736 0.9724835 0.8787506 0.8547460 0.9776214 0.8983630 0.9596318 1.3281373 0.8909910 1.1039629 1.1131969 1.0178153 
Monarchidae       0.4127979 0.4169673 0.4103856 0.4178223 0.4115340 0.4142500 0.3990043 0.4244195 0.3998082 0.4094474 0.4036446 0.4114228 0.4105888 0.4173943 0.4137070 0.3958736 0.3935961 0.3978054 0.0964504 0.0668117 0.0354152 0.0000000 0.0227284 0.0373469 0.0383006 0.0383263 0.0334182 0.0422550 0.0967302 0.3870846 0.4491342 0.4777177 0.7208886 0.8527069 0.9005752 0.7815084 0.8841244 0.5326769 0.9917713 0.9860923 0.9741840 0.8934461 0.8567715 0.9844591 0.9027264 0.9621631 1.3603018 0.8657502 1.0778414 1.0741688 1.0151866 
Malaconotidae     0.4155240 0.4221277 0.4131027 0.4205476 0.4142500 0.4153962 0.4016909 0.4255637 0.4025013 0.4137070 0.4063382 0.4141278 0.4132872 0.4201162 0.4164099 0.4008843 0.3993437 0.4020229 0.0975844 0.0668585 0.0354401 0.0227284 0.0000000 0.0354152 0.0383263 0.0383520 0.0314939 0.0422835 0.0968004 0.3851896 0.4568007 0.4851416 0.7198759 0.8396892 0.9015437 0.7780433 0.8949393 0.5284848 0.9847142 0.9715099 0.9698491 0.8919596 0.8625527 0.9698215 0.8987749 0.9655411 1.3471852 0.8773014 1.1028842 1.1046610 1.0096314 
Certhiidae        0.4084033 0.4134057 0.3990043 0.4102790 0.4056057 0.4098627 0.3916740 0.4168340 0.3924558 0.3974077 0.3962693 0.3993437 0.4047035 0.4098627 0.4077958 0.3878512 0.3833005 0.3859504 0.1050697 0.0699311 0.0403438 0.0373469 0.0354152 0.0000000 0.0353442 0.0363443 0.0304817 0.0412434 0.1043004 0.3821699 0.4545004 0.4748204 0.7219051 0.8253850 0.8940585 0.7873979 0.9017774 0.5350943 0.9389332 0.9740715 0.9698491 0.8846200 0.8506369 0.9672515 0.8812341 0.9478806 1.3381029 0.8792746 1.1057457 1.1046610 1.0185700 
Cinclidae         0.4159507 0.4178223 0.4064285 0.4178223 0.4131027 0.4158210 0.3990043 0.4196858 0.3998082 0.4063382 0.3990043 0.4051958 0.4074794 0.4173943 0.4137070 0.3951299 0.3851958 0.3932036 0.1049931 0.0729633 0.0412989 0.0383006 0.0383263 0.0353442 0.0000000 0.0382749 0.0333735 0.0421981 0.1031498 0.3901211 0.4540185 0.4845979 0.7315251 0.8407306 0.8920258 0.7978748 0.8915063 0.5429436 0.9646701 0.9529177 0.9510814 0.8725584 0.8486069 0.9511757 0.8817392 0.9397774 1.3410973 0.8714349 1.1010781 1.0943056 1.0151866 
Ploceidae         0.3975166 0.4142500 0.3967173 0.4079883 0.4064285 0.4106963 0.3939895 0.4224056 0.3947790 0.4012871 0.3970635 0.4032378 0.4055189 0.4091342 0.4086196 0.3901465 0.3855773 0.3882358 0.1061442 0.0730147 0.0413279 0.0383263 0.0383520 0.0363443 0.0382749 0.0000000 0.0217404 0.0422266 0.1053771 0.3799037 0.4398886 0.4758796 0.7218015 0.8496229 0.8996031 0.7944625 0.8851078 0.5381530 0.9664065 0.9826973 0.9698491 0.8875622 0.8701516 0.9888236 0.8968640 0.9714716 1.3320400 0.8797386 1.1342058 1.1444352 1.0381799 
Thraupidae        0.4119543 0.4194001 0.4079883 0.4194001 0.4146736 0.4158210 0.4020956 0.4275864 0.4029080 0.4094474 0.4051958 0.4114228 0.4137070 0.4173943 0.4168340 0.3966659 0.3920644 0.3947353 0.0985783 0.0657906 0.0363930 0.0334182 0.0314939 0.0304817 0.0333735 0.0217404 0.0000000 0.0363200 0.0977969 0.3795308 0.4484567 0.4691753 0.7165040 0.8389477 0.8986274 0.7839923 0.8885382 0.5273127 0.9620695 0.9758024 0.9707007 0.8909910 0.8611656 0.9870461 0.8978212 0.9596318 1.3603018 0.8690013 1.1143699 1.1247237 1.0151866 
Alaudidae         0.4275009 0.4341533 0.4194001 0.4325528 0.4261739 0.4289141 0.4134057 0.4359961 0.4142500 0.4208299 0.4149724 0.4228393 0.4251265 0.4321036 0.4298738 0.4047869 0.4001462 0.4028319 0.1072200 0.0740449 0.0452756 0.0422550 0.0422835 0.0412434 0.0421981 0.0422266 0.0363200 0.0000000 0.1043004 0.3746578 0.4505621 0.4775988 0.7113743 0.8399961 0.9178489 0.7736170 0.9078651 0.5381530 0.9935904 0.9982017 0.9828117 0.8919596 0.8625527 0.9843340 0.8933664 0.9706022 1.3569453 0.8777591 1.1062556 1.1166403 1.0107054 
Coraciiformes     0.4265222 0.4380419 0.4224410 0.4357286 0.4235969 0.4295458 0.4123756 0.4334546 0.4147987 0.4245848 0.4186815 0.4234348 0.4241469 0.4286533 0.4362110 0.4234348 0.4186815 0.4214136 0.1336272 0.1157240 0.1011520 0.0967302 0.0968004 0.1043004 0.1031498 0.1053771 0.0977969 0.1043004 0.0000000 0.4016909 0.4678575 0.4995226 0.7510054 0.8541525 0.9131190 0.7587756 0.9206729 0.5496891 0.9944047 0.9571573 0.9777019 0.9125625 0.8904296 1.0026013 0.9312175 0.9553725 1.3279365 0.8718695 1.0940602 1.1236367 1.0463109 
Crocodylidae      0.4893952 0.4946257 0.4831763 0.4957343 0.4843462 0.4838103 0.4720841 0.4855146 0.4775430 0.4598834 0.4587180 0.4794633 0.4777770 0.4816809 0.4930413 0.4587180 0.4520934 0.4558915 0.4164099 0.4008843 0.3908958 0.3870846 0.3851896 0.3821699 0.3901211 0.3799037 0.3795308 0.3746578 0.4016909 0.0000000 0.5096484 0.5477132 0.7880432 0.9620215 0.9471687 0.8665701 0.9837585 0.5399606 0.9886290 0.9552369 0.9690624 0.8821781 0.8653450 0.9534695 0.9029011 0.9356467 1.3383858 0.9404232 1.1953191 1.1563930 1.0315541 
Carettochelyidae  0.5351722 0.5627101 0.5346218 0.5540041 0.5376090 0.5333694 0.5267023 0.5387856 0.5376090 0.5184241 0.5243557 0.5332981 0.5249224 0.5405963 0.5410345 0.5178284 0.5125350 0.5267499 0.4903263 0.4952995 0.4575960 0.4491342 0.4568007 0.4545004 0.4540185 0.4398886 0.4484567 0.4505621 0.4678575 0.5096484 0.0000000 0.4767338 0.8347171 0.9690624 1.0486662 0.9425552 1.0470289 0.6467622 1.0917254 1.1015116 1.1713171 1.0308851 1.0200700 1.1064092 1.0634601 1.1330764 1.4187386 1.0001504 1.2783102 1.2721447 1.1194084 
Kinosternidae     0.5559512 0.5641364 0.5485007 0.5496946 0.5496946 0.5527443 0.5475878 0.5700728 0.5665165 0.5390626 0.5397044 0.5298900 0.5439136 0.5620731 0.5675015 0.5475878 0.5420805 0.5495613 0.5196660 0.5059903 0.4736355 0.4777177 0.4851416 0.4748204 0.4845979 0.4758796 0.4691753 0.4775988 0.4995226 0.5477132 0.4767338 0.0000000 0.8052030 1.0345806 1.0395430 1.0033542 1.0516576 0.6664197 1.0558188 1.1249071 1.1679716 1.0378565 1.0275539 1.1252902 1.0572361 1.1108526 1.4635090 0.9628684 1.3001983 1.2969582 1.2813049 
Anomalepididae    0.7772402 0.7829829 0.7474613 0.7418305 0.7599574 0.7610867 0.7441937 0.7633363 0.7554063 0.7542785 0.7531498 0.7531498 0.7287091 0.7633640 0.7419605 0.7264118 0.7286240 0.7319104 0.7356573 0.7356573 0.7295315 0.7208886 0.7198759 0.7219051 0.7315251 0.7218015 0.7165040 0.7113743 0.7510054 0.7880432 0.8347171 0.8052030 0.0000000 0.6473811 0.6598010 0.6734752 0.8431207 0.6089586 1.2658960 1.2879686 1.3127264 1.1919461 1.1915942 1.3280366 1.2820342 1.2909307 1.7080442 1.1548095 1.5040997 1.4913253 1.2970081 
Loxocemidae       0.9574867 0.9879439 0.9470446 0.9322343 0.9628684 0.9770889 0.9348495 0.9646435 0.9503867 0.9357880 0.9400874 0.9348495 0.9532238 0.9789928 0.9558580 0.9322343 0.9434858 0.9504899 0.8461739 0.8668044 0.8582707 0.8527069 0.8396892 0.8253850 0.8407306 0.8496229 0.8389477 0.8399961 0.8541525 0.9620215 0.9690624 1.0345806 0.6473811 0.0000000 0.6156116 0.8492790 1.0023150 0.7622610 1.3694430 1.3536118 1.3486142 1.2025086 1.2206100 1.3926742 1.3418671 1.3753987 2.0721117 1.3831790 1.7827840 1.7259851 1.5362058 
Natricidae        0.9348495 0.9515006 0.9326708 0.9207508 0.9428622 0.9411781 0.9130693 0.9497861 0.9410161 0.9172298 0.9156273 0.9181878 0.9239914 0.9505918 0.9233161 0.9324544 0.9111327 0.9178801 0.9380186 0.9568744 0.9131190 0.9005752 0.9015437 0.8940585 0.8920258 0.8996031 0.8986274 0.9178489 0.9131190 0.9471687 1.0486662 1.0395430 0.6598010 0.6156116 0.0000000 0.8980736 1.0325862 0.8272182 1.4907872 1.3876720 1.4016656 1.3095981 1.3159099 1.4561037 1.4128029 1.4907872 1.8286912 1.2904362 1.6552942 1.7160492 1.5741232 
Xenosauridae      0.8666201 0.8712983 0.8583916 0.8692691 0.8737581 0.8856022 0.8537869 0.8698540 0.8742065 0.8600657 0.8586529 0.8419864 0.8392535 0.8761296 0.8586529 0.8413538 0.8365444 0.8378960 0.7954148 0.8006725 0.8048542 0.7815084 0.7780433 0.7873979 0.7978748 0.7944625 0.7839923 0.7736170 0.7587756 0.8665701 0.9425552 1.0033542 0.6734752 0.8492790 0.8980736 0.0000000 0.9307756 0.7271322 1.3968959 1.3951896 1.3772003 1.2937163 1.2970203 1.4187386 1.4343867 1.4376740 1.8572920 1.3558857 1.5977274 1.6124963 1.3908389 
Teiidae           0.9933442 1.0185213 0.9796631 1.0001504 1.0022761 1.0030889 1.0044310 1.0100751 1.0103907 1.0100751 1.0173707 0.9964425 1.0055044 1.0057861 1.0162326 0.9786306 0.9603130 0.9603487 0.9485362 0.9194406 0.9019427 0.8841244 0.8949393 0.9017774 0.8915063 0.8851078 0.8885382 0.9078651 0.9206729 0.9837585 1.0470289 1.0516576 0.8431207 1.0023150 1.0325862 0.9307756 0.0000000 0.8371394 1.5066691 1.4883623 1.4089878 1.3473591 1.3220215 1.3786421 1.4064542 1.4678729 1.8787601 1.4000929 1.5593372 1.6032163 1.4814280 
Eublepharidae     0.5416413 0.5651339 0.5440252 0.5539342 0.5439136 0.5500881 0.5426203 0.5588434 0.5502231 0.5401530 0.5329561 0.5353297 0.5481166 0.5527443 0.5317005 0.5298900 0.5262770 0.5359628 0.5583444 0.5657338 0.5351722 0.5326769 0.5284848 0.5350943 0.5429436 0.5381530 0.5273127 0.5381530 0.5496891 0.5399606 0.6467622 0.6664197 0.6089586 0.7622610 0.8272182 0.7271322 0.8371394 0.0000000 1.1000237 1.1291911 1.0743281 0.9434858 0.9305696 1.1725914 1.0670833 1.1342058 1.5243797 0.9847937 1.2064019 1.2217962 1.1841330 
Dicamptodontidae  0.9090503 0.8955744 0.8875622 0.9094046 0.8969796 0.8855996 0.8685800 0.8979462 0.8969796 0.8671619 0.8787506 0.8860878 0.8705760 0.8930005 0.8899729 0.8492785 0.8417687 0.8578916 0.9795680 0.9901279 0.9733872 0.9917713 0.9847142 0.9389332 0.9646701 0.9664065 0.9620695 0.9935904 0.9944047 0.9886290 1.0917254 1.0558188 1.2658960 1.3694430 1.4907872 1.3968959 1.5066691 1.1000237 0.0000000 0.8113785 0.8816320 0.7366600 0.7266862 0.8121878 0.7632816 0.8710174 1.5014547 1.1875482 1.5704622 1.5322852 1.3772003 
Alytidae          0.8895524 0.8900189 0.8778326 0.8944107 0.8846200 0.8802561 0.8719999 0.8983630 0.8851078 0.8749676 0.8914455 0.8768474 0.8595404 0.8880373 0.8667504 0.8571420 0.8639458 0.8729925 0.9964073 0.9994445 0.9818736 0.9860923 0.9715099 0.9740715 0.9529177 0.9826973 0.9758024 0.9982017 0.9571573 0.9552369 1.1015116 1.1249071 1.2879686 1.3536118 1.3876720 1.3951896 1.4883623 1.1291911 0.8113785 0.0000000 0.6893650 0.6056237 0.6029744 0.6807728 0.6136453 0.6265426 1.3394108 1.1369181 1.4566749 1.4668195 1.4032906 
Heleophrynidae    0.9159481 0.9238588 0.9165776 0.9206729 0.9168865 0.9216070 0.9000153 0.9323916 0.9086916 0.8885702 0.8875845 0.9225375 0.9044277 0.9266451 0.9118963 0.9075023 0.8969796 0.9065458 1.0231280 1.0012721 0.9724835 0.9741840 0.9698491 0.9698491 0.9510814 0.9698491 0.9707007 0.9828117 0.9777019 0.9690624 1.1713171 1.1679716 1.3127264 1.3486142 1.4016656 1.3772003 1.4089878 1.0743281 0.8816320 0.6893650 0.0000000 0.4802068 0.4584003 0.5593486 0.4935887 0.5101830 1.4121075 1.2138752 1.5346377 1.4811555 1.3242942 
Leptodactylidae   0.7791422 0.7711677 0.7677148 0.7869618 0.7800698 0.7880432 0.7598616 0.7699626 0.7598773 0.7676731 0.7576300 0.7687703 0.7643027 0.7858773 0.7620730 0.7443346 0.7377845 0.7565129 0.9250510 0.9434517 0.8787506 0.8934461 0.8919596 0.8846200 0.8725584 0.8875622 0.8909910 0.8919596 0.9125625 0.8821781 1.0308851 1.0378565 1.1919461 1.2025086 1.3095981 1.2937163 1.3473591 0.9434858 0.7366600 0.6056237 0.4802068 0.0000000 0.1215050 0.4440536 0.3724356 0.3998724 1.3262670 1.1142684 1.4567401 1.3497457 1.2684523 
Strabomantidae    0.7756972 0.7654698 0.7665351 0.7834117 0.7676317 0.7754920 0.7476829 0.7509790 0.7498671 0.7620501 0.7454846 0.7742746 0.7587157 0.7868546 0.7609304 0.7259170 0.7260087 0.7378397 0.8773014 0.9072798 0.8547460 0.8567715 0.8625527 0.8506369 0.8486069 0.8701516 0.8611656 0.8625527 0.8904296 0.8653450 1.0200700 1.0275539 1.1915942 1.2206100 1.3159099 1.2970203 1.3220215 0.9305696 0.7266862 0.6029744 0.4584003 0.1215050 0.0000000 0.3943838 0.3428537 0.3533400 1.3934131 1.1097929 1.3948176 1.3099486 1.1822598 
Micrixalidae      0.8678244 0.9015437 0.8980736 0.9015437 0.8860953 0.8925495 0.8762205 0.8920258 0.8945940 0.8723075 0.8586529 0.8811529 0.8655600 0.8870815 0.8733133 0.8610898 0.8461739 0.8596771 1.0253839 1.0020645 0.9776214 0.9844591 0.9698215 0.9672515 0.9511757 0.9888236 0.9870461 0.9843340 1.0026013 0.9534695 1.1064092 1.1252902 1.3280366 1.3926742 1.4561037 1.4187386 1.3786421 1.1725914 0.8121878 0.6807728 0.5593486 0.4440536 0.3943838 0.0000000 0.3309473 0.3586620 1.3735820 1.2695697 1.4454477 1.3802031 1.2836727 
Hemisotidae       0.8475729 0.8745272 0.8392133 0.8546755 0.8358432 0.8442221 0.8335000 0.8607822 0.8482610 0.8412525 0.8428873 0.8546755 0.8449201 0.8655346 0.8425761 0.8215893 0.8144329 0.8249512 0.9419628 0.9394462 0.8983630 0.9027264 0.8987749 0.8812341 0.8817392 0.8968640 0.8978212 0.8933664 0.9312175 0.9029011 1.0634601 1.0572361 1.2820342 1.3418671 1.4128029 1.4343867 1.4064542 1.0670833 0.7632816 0.6136453 0.4935887 0.3724356 0.3428537 0.3309473 0.0000000 0.2817316 1.3489855 1.1867986 1.4316931 1.3694430 1.3133436 
Asterophryidae    0.8901135 0.8925495 0.8688410 0.8851056 0.8747636 0.8762205 0.8625088 0.8885702 0.8781496 0.8733133 0.8723075 0.8846130 0.8645464 0.8910476 0.8572464 0.8354894 0.8399961 0.8317461 0.9897970 0.9869037 0.9596318 0.9621631 0.9655411 0.9478806 0.9397774 0.9714716 0.9596318 0.9706022 0.9553725 0.9356467 1.1330764 1.1108526 1.2909307 1.3753987 1.4907872 1.4376740 1.4678729 1.1342058 0.8710174 0.6265426 0.5101830 0.3998724 0.3533400 0.3586620 0.2817316 0.0000000 1.3738749 1.1943933 1.5154515 1.4508278 1.3694250 
Caeciliidae2      1.2153381 1.1852930 1.2178207 1.2181013 1.2242041 1.2147587 1.1860541 1.2480533 1.2083214 1.1774169 1.1739981 1.1830399 1.1718294 1.1826510 1.1883263 1.2342599 1.2017828 1.2189322 1.3321590 1.3343239 1.3281373 1.3603018 1.3471852 1.3381029 1.3410973 1.3320400 1.3603018 1.3569453 1.3279365 1.3383858 1.4187386 1.4635090 1.7080442 2.0721117 1.8286912 1.8572920 1.8787601 1.5243797 1.5014547 1.3394108 1.4121075 1.3262670 1.3934131 1.3735820 1.3489855 1.3738749 0.0000000 1.7743202 1.9926211 1.9486289 1.8778641 
Polypteriformes   0.8217057 0.8039440 0.8217057 0.8206388 0.7850939 0.8050280 0.8059313 0.8235866 0.8133344 0.7954148 0.8129270 0.8080759 0.7918880 0.8240744 0.7989604 0.7780433 0.7849918 0.7861924 0.8734301 0.9118963 0.8909910 0.8657502 0.8773014 0.8792746 0.8714349 0.8797386 0.8690013 0.8777591 0.8718695 0.9404232 1.0001504 0.9628684 1.1548095 1.3831790 1.2904362 1.3558857 1.4000929 0.9847937 1.1875482 1.1369181 1.2138752 1.1142684 1.1097929 1.2695697 1.1867986 1.1943933 1.7743202 0.0000000 1.0139214 1.0309806 1.1464074 
Channichthyidae   1.0502071 1.0409976 1.0320408 1.0325350 1.0353540 1.0333064 1.0453074 1.0572769 1.0466484 1.0252288 1.0260076 1.0089090 1.0050042 1.0289359 1.0439805 1.0343299 1.0355982 1.0348380 1.1286088 1.1345301 1.1039629 1.0778414 1.1028842 1.1057457 1.1010781 1.1342058 1.1143699 1.1062556 1.0940602 1.1953191 1.2783102 1.3001983 1.5040997 1.7827840 1.6552942 1.5977274 1.5593372 1.2064019 1.5704622 1.4566749 1.5346377 1.4567401 1.3948176 1.4454477 1.4316931 1.5154515 1.9926211 1.0139214 0.0000000 0.1659102 1.3576682 
Pseudaphritidae   1.0908189 1.0629412 1.0822309 1.0975781 1.0600982 1.0953119 1.0873148 1.0994173 1.0946877 1.0707981 1.0699980 1.0558188 1.0572567 1.0795889 1.0771783 1.0699980 1.0600982 1.0736542 1.1468721 1.1439477 1.1131969 1.0741688 1.1046610 1.1046610 1.0943056 1.1444352 1.1247237 1.1166403 1.1236367 1.1563930 1.2721447 1.2969582 1.4913253 1.7259851 1.7160492 1.6124963 1.6032163 1.2217962 1.5322852 1.4668195 1.4811555 1.3497457 1.3099486 1.3802031 1.3694430 1.4508278 1.9486289 1.0309806 0.1659102 0.0000000 1.3657104 
Carcharhinidae    0.9995749 0.9646504 0.9726725 0.9886290 0.9699642 0.9974761 0.9664172 0.9894641 0.9842617 0.9681862 0.9524056 0.9646504 0.9611332 0.9637613 0.9664172 0.9497861 0.9445537 0.9593880 1.0132139 1.0627529 1.0178153 1.0151866 1.0096314 1.0185700 1.0151866 1.0381799 1.0151866 1.0107054 1.0463109 1.0315541 1.1194084 1.2813049 1.2970081 1.5362058 1.5741232 1.3908389 1.4814280 1.1841330 1.3772003 1.4032906 1.3242942 1.2684523 1.1822598 1.2836727 1.3133436 1.3694250 1.8778641 1.1464074 1.3576682 1.3657104 0.0000000 
