51
Pitheciidae       0.0000000 0.5176386 0.4921721 0.5037905 0.5523778 0.5386105 0.5513098 0.5262934 0.5143004 0.4713755 0.5560706 0.5248518 0.6137017 0.5744820 0.6580654 1.0644977 1.0465768 1.0939590 3.0867692 3.3852431 3.2283661 3.5835957 3.5747106 3.3702857 3.7226006 3.2631423 3.4977245 3.2897179 3.5882143 3.6015067 2.7212431 2.6654328 2.8776846 2.1348077 2.1449181 2.1381601 2.2369897 2.3930458 1.7412153 1.5226930 1.4988827 1.6890254 1.6850380 1.4206900 1.4344310 1.5326139 1.4022335 1.7008129 1.9436805 1.9052176 1.9784071 
Scandentia        0.5176386 0.0000000 0.3940847 0.3971820 0.4413084 0.4269539 0.4030288 0.4116303 0.4178132 0.3933118 0.4618048 0.4185672 0.5058257 0.4580433 0.5433769 0.9833023 0.9502155 0.9287668 2.7791375 2.9767677 3.1716886 3.4581049 3.4196797 3.1685105 3.3264282 2.9892222 3.1706871 3.0837663 3.2504579 3.6024412 2.5740540 2.7681167 2.6976948 2.0681280 2.0980262 2.0599459 2.1044231 2.4127372 1.6116311 1.4485298 1.3211758 1.4942433 1.5585617 1.3533649 1.3448913 1.4381994 1.3653538 1.5990369 1.7864065 1.8046470 1.8155498 
Erethizontidae    0.4921721 0.3940847 0.0000000 0.1102815 0.4081919 0.3860300 0.4008173 0.4188247 0.4044803 0.3876894 0.4686364 0.4073139 0.5154582 0.4732388 0.5288852 0.9706934 0.9496039 0.9607936 2.8558044 3.0478207 3.0835349 3.4991405 3.5201420 3.3132243 3.7476342 3.0528443 3.3487308 3.0843969 3.0271474 3.4230628 2.3491888 2.5482530 2.4565368 1.9322784 1.9091193 1.9527493 2.0384443 2.3071428 1.5912194 1.3446269 1.2702007 1.5115107 1.4908606 1.3000051 1.2863437 1.3600690 1.2329448 1.5364907 1.7240536 1.6949455 1.8316278 
Capromyidae       0.5037905 0.3971820 0.1102815 0.0000000 0.4259485 0.4007146 0.4108592 0.4502947 0.4240955 0.4140255 0.4742374 0.4267592 0.5280877 0.4904494 0.5195805 0.9522505 0.9540319 0.9546217 2.9508802 3.0324024 3.1238140 3.3946688 3.4733383 3.2128153 3.6499042 3.0995408 3.3370965 3.1032646 3.2505203 3.4417460 2.3550576 2.5648147 2.4394143 1.9144043 1.9150513 1.9034130 2.0472875 2.2490836 1.5702734 1.3281505 1.2612447 1.4620095 1.4404944 1.2884432 1.2918788 1.3570311 1.1975360 1.4974734 1.7325592 1.7357094 1.8793630 
Muridae           0.5523778 0.4413084 0.4081919 0.4259485 0.0000000 0.4203189 0.4681060 0.4722602 0.4603855 0.4521410 0.5065197 0.4725966 0.5734421 0.5261728 0.6281500 1.0039301 1.0191843 1.0043478 3.0869723 3.1982121 3.3841174 3.7445033 3.8152072 3.5475187 3.9073545 3.3323801 3.5113509 3.3359367 3.4422267 3.3970064 2.7244367 2.6389809 2.8765021 2.1678141 2.2311137 2.1502987 2.1867926 2.4054671 1.6675303 1.4662397 1.4329121 1.6269741 1.7056010 1.4455255 1.4739059 1.4793587 1.3960209 1.7220544 1.7891733 1.7951549 2.0153501 
Castoridae        0.5386105 0.4269539 0.3860300 0.4007146 0.4203189 0.0000000 0.4404668 0.4330921 0.4328102 0.4450759 0.5124560 0.4713084 0.5590147 0.5073114 0.5479826 1.0105628 0.9934171 0.9533594 2.8323993 3.3464227 3.2529335 3.8157111 3.6667772 3.4244141 3.8090188 3.4739276 3.6440479 3.4505264 3.3060367 3.7038676 2.5277856 2.6626445 2.7440373 2.0310177 2.0710734 2.0801085 2.2231194 2.4243239 1.6297948 1.4792816 1.4138013 1.6963847 1.6952005 1.4774552 1.4351147 1.5097780 1.4096877 1.6669516 1.8804975 1.8286779 1.9759478 
Suidae            0.5513098 0.4030288 0.4008173 0.4108592 0.4681060 0.4404668 0.0000000 0.2326727 0.2510039 0.3348322 0.4025824 0.3437392 0.4300989 0.3856444 0.5304454 0.9972471 0.9720212 0.9705000 2.7611403 3.0687809 3.0091894 3.4392506 3.5128137 3.2469650 3.3615789 2.9869265 3.2732804 3.0930416 3.3944112 3.2171460 2.5578561 2.6827930 2.5881130 2.0250783 2.0566752 1.9735237 2.2461264 2.3024466 1.6050803 1.4478729 1.3085714 1.5124171 1.5254576 1.3338633 1.3520635 1.4125584 1.3478847 1.6294362 1.7527906 1.7515951 1.8729476 
Hippopotamidae    0.5262934 0.4116303 0.4188247 0.4502947 0.4722602 0.4330921 0.2326727 0.0000000 0.2306780 0.3287244 0.3990617 0.3424599 0.4093678 0.3813248 0.5554757 1.0132791 0.9432718 0.9597180 2.8431902 3.1335927 3.1741954 3.4977658 3.4790879 3.2937041 3.5994184 3.0850983 3.3779816 3.2136855 3.5062302 3.2514031 2.4625449 2.5690962 2.6879613 2.0145421 2.0181789 1.9478223 2.1423752 2.4589668 1.6151471 1.4543662 1.3879826 1.5881521 1.6428474 1.4199189 1.4114380 1.4469054 1.3801905 1.6171533 1.7824403 1.8016992 1.9503150 
Hyperoodontidae   0.5143004 0.4178132 0.4044803 0.4240955 0.4603855 0.4328102 0.2510039 0.2306780 0.0000000 0.3217162 0.3989092 0.3539355 0.4088785 0.3979307 0.5240039 1.0066594 0.9561212 0.9649579 2.8857259 3.3470009 3.2773918 3.7071986 3.6813460 3.3713581 3.8239989 3.2050279 3.5711911 3.1855803 3.5840661 3.2374483 2.4627704 2.5953302 2.6042387 1.9621993 1.9489764 1.9581808 2.1560866 2.3642891 1.6186737 1.4360315 1.2954300 1.5365731 1.5868166 1.3332691 1.2952660 1.3853038 1.3327005 1.5841911 1.7634992 1.7628506 1.8636582 
Vespertilionidae  0.4713755 0.3933118 0.3876894 0.4140255 0.4521410 0.4450759 0.3348322 0.3287244 0.3217162 0.0000000 0.2473960 0.2369466 0.3896355 0.3714615 0.5290765 0.9731291 0.9101191 0.9833990 2.9682579 3.0760550 3.2586335 3.5815165 3.4532758 3.3163573 3.5690996 3.0360564 3.3205339 3.1310363 3.3241818 3.5983200 2.5143035 2.4972049 2.6352427 2.0206602 2.0988835 2.0157557 2.1745612 2.4625786 1.5364492 1.4317720 1.3726161 1.5683215 1.6075624 1.4273637 1.4211138 1.4928839 1.3509009 1.6151958 1.7391017 1.7673032 1.9221897 
Furipteridae      0.5560706 0.4618048 0.4686364 0.4742374 0.5065197 0.5124560 0.4025824 0.3990617 0.3989092 0.2473960 0.0000000 0.2883757 0.4624234 0.4212624 0.5750828 1.0122884 0.9836075 1.0312507 3.0597689 3.1250157 3.2763027 3.6047212 3.5575156 3.3986540 3.5299301 3.1556576 3.4580234 3.2594293 3.4284077 3.7367213 2.4175712 2.5311072 2.6107861 2.0297614 2.0155534 1.9255106 2.1650036 2.3857408 1.5968342 1.5000485 1.4259060 1.6278271 1.6165202 1.4545398 1.4609182 1.5574282 1.3765800 1.6359489 1.7009575 1.7639106 1.8807391 
Rhinolophidae     0.5248518 0.4185672 0.4073139 0.4267592 0.4725966 0.4713084 0.3437392 0.3424599 0.3539355 0.2369466 0.2883757 0.0000000 0.4288413 0.3939559 0.5419365 0.9216580 0.8933784 0.9642814 3.1023077 3.1501651 3.3735795 3.6631157 3.4368791 3.2130520 3.6904171 3.0725548 3.3637821 3.2383241 3.4097341 3.4657117 2.3149869 2.4618870 2.5521246 1.9796195 2.0150018 1.8938186 2.1410207 2.3425618 1.5349975 1.3975478 1.3374722 1.6112116 1.6044592 1.3900503 1.4025930 1.4895314 1.3336084 1.5939898 1.6863751 1.7352644 1.9101724 
Viverridae        0.6137017 0.5058257 0.5154582 0.5280877 0.5734421 0.5590147 0.4300989 0.4093678 0.4088785 0.3896355 0.4624234 0.4288413 0.0000000 0.2947542 0.6473291 1.1118783 1.0705887 1.1338313 3.1100412 3.0975341 3.1263872 3.6141829 3.6203542 3.4573523 3.5682653 3.1435842 3.5826652 3.1350421 3.5542467 3.2250627 2.4883260 2.5423610 2.7440383 2.1064284 2.1506678 2.1004115 2.2870915 2.5204879 1.7717950 1.5483460 1.3945333 1.6304551 1.6258617 1.4514749 1.4219941 1.4873484 1.3374312 1.6714917 1.8807205 1.9107659 1.9954593 
Procyonidae       0.5744820 0.4580433 0.4732388 0.4904494 0.5261728 0.5073114 0.3856444 0.3813248 0.3979307 0.3714615 0.4212624 0.3939559 0.2947542 0.0000000 0.6126013 1.0246239 0.9684530 1.0119609 2.9843777 3.2235812 3.1930287 3.4620556 3.5759283 3.4237687 3.5952727 3.1406946 3.4068357 3.2340568 3.4641282 3.2287844 2.3791067 2.5560316 2.9545020 2.1299157 2.1517497 2.0259380 2.1676600 2.4020212 1.6649965 1.4932113 1.3223368 1.5669046 1.6267606 1.3449081 1.3518767 1.4097501 1.3288863 1.6472204 1.8442847 1.8301587 2.0044835 
Myrmecophagidae   0.6580654 0.5433769 0.5288852 0.5195805 0.6281500 0.5479826 0.5304454 0.5554757 0.5240039 0.5290765 0.5750828 0.5419365 0.6473291 0.6126013 0.0000000 1.0784164 1.0707511 1.0859438 2.8292851 3.3307940 3.2538287 3.4813994 3.7369397 3.2798627 3.5699124 3.1654011 3.3075548 3.1500842 3.3052817 3.2199668 2.5211511 2.6693783 2.7274027 2.1067126 2.1267089 2.1320941 2.2369354 2.3559225 1.5717782 1.4881206 1.3923368 1.5680089 1.5669115 1.3605642 1.3306110 1.4394726 1.3051527 1.5938470 1.7744004 1.7818468 1.8928027 
Caluromyidae      1.0644977 0.9833023 0.9706934 0.9522505 1.0039301 1.0105628 0.9972471 1.0132791 1.0066594 0.9731291 1.0122884 0.9216580 1.1118783 1.0246239 1.0784164 0.0000000 0.4070265 0.4300808 2.6080929 3.1491473 3.4215022 3.5685378 3.5882586 3.4929109 3.7084674 3.4015062 3.4245965 3.5852325 3.0682891 3.4805470 2.7561727 2.5016649 2.7803437 2.1185415 2.2339174 2.0696902 2.1239050 2.3622380 1.6812969 1.4887631 1.4573717 1.7041364 1.7165215 1.5001781 1.5428641 1.6430725 1.3672214 1.7079101 1.9143408 1.8967629 2.0582643 
Thylacomyidae     1.0465768 0.9502155 0.9496039 0.9540319 1.0191843 0.9934171 0.9720212 0.9432718 0.9561212 0.9101191 0.9836075 0.8933784 1.0705887 0.9684530 1.0707511 0.4070265 0.0000000 0.3221175 3.1024796 3.5124162 3.6452501 3.9910390 3.8587237 3.6678264 4.1542717 3.9942201 3.8943983 3.9400403 3.4230477 3.9016628 2.7559934 2.5633489 2.8464851 2.3537837 2.5166879 2.1481252 2.1320119 2.5800014 1.7444698 1.5707624 1.4780713 1.7823385 1.7009697 1.5518870 1.5625972 1.6719296 1.5157412 1.7826521 2.0377235 1.9935971 2.2034784 
Phalangeridae     1.0939590 0.9287668 0.9607936 0.9546217 1.0043478 0.9533594 0.9705000 0.9597180 0.9649579 0.9833990 1.0312507 0.9642814 1.1338313 1.0119609 1.0859438 0.4300808 0.3221175 0.0000000 3.0256887 3.2170804 3.5312512 3.7044241 3.8258296 3.7220585 3.9958125 3.7401917 3.7330569 3.8181295 3.1805890 3.5042538 2.6666700 2.5430253 2.7205198 2.2050280 2.3084964 2.0936034 2.1774187 2.5247777 1.7073177 1.6151972 1.4675997 1.7754253 1.7838623 1.5519736 1.5354096 1.6702647 1.4949677 1.7501817 1.9381972 1.9208174 2.1846145 
Tityridae         3.0867692 2.7791375 2.8558044 2.9508802 3.0869723 2.8323993 2.7611403 2.8431902 2.8857259 2.9682579 3.0597689 3.1023077 3.1100412 2.9843777 2.8292851 2.6080929 3.1024796 3.0256887 0.0000000 1.2859930 1.3573801 1.6138310 1.6519255 1.4268180 1.4461108 1.4470252 1.3945039 1.3932975 2.0221887 3.4724930 3.4515466 3.0177484 3.7185316 2.9211191 2.9042700 3.0298691 2.8895439 3.1988279 2.7322774 2.5306941 2.4458639 2.6444555 2.7007857 2.4539615 2.4762884 2.5288472 2.4462984 2.6785245 2.9067684 3.0492608 3.1899748 
Ptilonorhynchidae 3.3852431 2.9767677 3.0478207 3.0324024 3.1982121 3.3464227 3.0687809 3.1335927 3.3470009 3.0760550 3.1250157 3.1501651 3.0975341 3.2235812 3.3307940 3.1491473 3.5124162 3.2170804 1.2859930 0.0000000 1.0183296 1.2257827 1.3118025 1.0651553 1.2074837 1.0483001 0.9427281 1.0700342 1.7934159 3.1404104 3.3643399 3.0113262 3.6548527 2.9946926 3.0066822 3.0451475 2.8751939 3.0626005 3.1546032 2.7012898 2.7135601 2.8757178 2.8889250 2.7812110 2.7644940 2.9862163 2.6249365 2.9579886 3.2291777 3.1139191 3.5958946 
Callaeatidae      3.2283661 3.1716886 3.0835349 3.1238140 3.3841174 3.2529335 3.0091894 3.1741954 3.2773918 3.2586335 3.2763027 3.3735795 3.1263872 3.1930287 3.2538287 3.4215022 3.6452501 3.5312512 1.3573801 1.0183296 0.0000000 0.9857091 1.0837441 0.7964603 0.8375379 0.7668545 0.7087686 0.7889632 1.8976919 3.4697796 3.4454901 3.0124651 3.4804114 2.9163692 3.0852738 3.1830966 3.3188351 3.5011693 3.1205278 2.6894898 2.5849294 3.0869574 3.1338896 2.7514948 2.7045477 2.8281242 2.5700533 2.8597993 3.0231457 3.0160029 3.6928485 
Monarchidae       3.5835957 3.4581049 3.4991405 3.3946688 3.7445033 3.8157111 3.4392506 3.4977658 3.7071986 3.5815165 3.6047212 3.6631157 3.6141829 3.4620556 3.4813994 3.5685378 3.9910390 3.7044241 1.6138310 1.2257827 0.9857091 0.0000000 0.9796245 1.1577060 1.2079052 1.1178897 1.0344687 1.1238154 2.2105814 3.5278060 3.9607432 3.6385796 3.7405472 3.5860438 3.3614308 3.4824667 3.5453684 3.7986307 3.3730616 2.9999509 2.8616517 3.3186350 3.2402570 3.1964849 2.9624177 3.1194271 2.9475444 3.3492982 3.2691311 3.3651976 4.0428465 
Malaconotidae     3.5747106 3.4196797 3.5201420 3.4733383 3.8152072 3.6667772 3.5128137 3.4790879 3.6813460 3.4532758 3.5575156 3.4368791 3.6203542 3.5759283 3.7369397 3.5882586 3.8587237 3.8258296 1.6519255 1.3118025 1.0837441 0.9796245 0.0000000 1.0871888 1.2290105 1.1328445 1.0430840 1.1126092 2.2412670 4.1857834 3.9311326 3.9114730 4.3802092 3.7280383 3.5909615 3.6000501 3.5946358 3.8549533 3.8179813 3.2286346 3.3521866 3.6145749 3.6348708 3.5023229 3.3505896 3.6625003 3.1570067 3.3483322 3.4581242 3.5000900 4.0686632 
Certhiidae        3.3702857 3.1685105 3.3132243 3.2128153 3.5475187 3.4244141 3.2469650 3.2937041 3.3713581 3.3163573 3.3986540 3.2130520 3.4573523 3.4237687 3.2798627 3.4929109 3.6678264 3.7220585 1.4268180 1.0651553 0.7964603 1.1577060 1.0871888 0.0000000 0.7290952 0.6772298 0.5962015 0.6940432 1.8460369 3.6830655 3.8263768 3.3103340 3.9367693 3.3077176 3.1517474 3.1522918 3.2947593 3.2474017 3.0579492 2.8025657 2.8046578 3.0687788 3.0349916 2.8397662 2.7110978 2.9560694 2.5983951 3.2156798 3.1816078 3.1052227 3.9946353 
Cinclidae         3.7226006 3.3264282 3.7476342 3.6499042 3.9073545 3.8090188 3.3615789 3.5994184 3.8239989 3.5690996 3.5299301 3.6904171 3.5682653 3.5952727 3.5699124 3.7084674 4.1542717 3.9958125 1.4461108 1.2074837 0.8375379 1.2079052 1.2290105 0.7290952 0.0000000 0.7390770 0.6679354 0.7815958 1.9127455 3.6554926 3.6679540 3.1394091 3.6589962 3.1327443 2.9887297 3.0729739 3.2272298 3.3538536 3.2857489 3.1462603 3.1093045 3.2610980 3.3722997 3.1548111 3.1337741 3.3027592 2.8902981 3.3122931 3.0877423 3.0657168 4.1480614 
Ploceidae         3.2631423 2.9892222 3.0528443 3.0995408 3.3323801 3.4739276 2.9869265 3.0850983 3.2050279 3.0360564 3.1556576 3.0725548 3.1435842 3.1406946 3.1654011 3.4015062 3.9942201 3.7401917 1.4470252 1.0483001 0.7668545 1.1178897 1.1328445 0.6772298 0.7390770 0.0000000 0.3833736 0.7665150 1.7634654 3.4435000 3.7172541 3.5167539 3.5725603 3.1442899 2.9580070 3.1039804 3.4172906 3.1988547 3.0200936 2.8643688 2.7445012 2.8907771 2.8420208 2.8329072 2.6667083 2.8207958 2.6597002 3.0892202 3.1014687 3.1372705 3.7977457 
Thraupidae        3.4977245 3.1706871 3.3487308 3.3370965 3.5113509 3.6440479 3.2732804 3.3779816 3.5711911 3.3205339 3.4580234 3.3637821 3.5826652 3.4068357 3.3075548 3.4245965 3.8943983 3.7330569 1.3945039 0.9427281 0.7087686 1.0344687 1.0430840 0.5962015 0.6679354 0.3833736 0.0000000 0.6706232 1.7454308 3.4519481 3.4590354 3.4965152 3.6769548 3.1634046 3.0330815 3.0344717 3.3976911 3.4257612 2.9623408 2.8920587 2.8166780 2.9372944 2.9818254 2.9201129 2.8506896 3.0317272 2.7095236 3.1175143 3.1819556 3.1636512 3.7830061 
Alaudidae         3.2897179 3.0837663 3.0843969 3.1032646 3.3359367 3.4505264 3.0930416 3.2136855 3.1855803 3.1310363 3.2594293 3.2383241 3.1350421 3.2340568 3.1500842 3.5852325 3.9400403 3.8181295 1.3932975 1.0700342 0.7889632 1.1238154 1.1126092 0.6940432 0.7815958 0.7665150 0.6706232 0.0000000 1.9697516 3.9608620 3.9205315 3.2778742 3.7823730 3.3848149 3.1077738 3.2950004 3.6333902 3.5012497 3.1965953 2.6718348 2.8556573 3.2127550 3.1995908 3.0215231 3.0071342 2.9246297 2.6225845 3.1977862 3.1397787 3.1335707 3.9291042 
Coraciiformes     3.5882143 3.2504579 3.0271474 3.2505203 3.4422267 3.3060367 3.3944112 3.5062302 3.5840661 3.3241818 3.4284077 3.4097341 3.5542467 3.4641282 3.3052817 3.0682891 3.4230477 3.1805890 2.0221887 1.7934159 1.8976919 2.2105814 2.2412670 1.8460369 1.9127455 1.7634654 1.7454308 1.9697516 0.0000000 3.3177549 3.7289818 3.1929323 3.2862742 3.0168152 3.3431577 3.1239796 3.2005969 3.2852270 3.1510173 2.9081715 2.9514456 2.9738108 3.0301888 3.3094573 2.9036382 3.1364772 2.8986174 3.0687923 3.3794263 3.2930783 3.7655692 
Crocodylidae      3.6015067 3.6024412 3.4230628 3.4417460 3.3970064 3.7038676 3.2171460 3.2514031 3.2374483 3.5983200 3.7367213 3.4657117 3.2250627 3.2287844 3.2199668 3.4805470 3.9016628 3.5042538 3.4724930 3.1404104 3.4697796 3.5278060 4.1857834 3.6830655 3.6554926 3.4435000 3.4519481 3.9608620 3.3177549 0.0000000 3.2050893 3.4550662 4.4146254 3.2856418 3.5425623 3.7227688 3.3086771 3.7913438 3.2298700 2.8520694 2.7608000 3.1090171 2.8889729 2.9353745 2.8374828 2.7816768 2.8558507 3.3454063 3.5842656 3.7307537 3.7434715 
Carettochelyidae  2.7212431 2.5740540 2.3491888 2.3550576 2.7244367 2.5277856 2.5578561 2.4625449 2.4627704 2.5143035 2.4175712 2.3149869 2.4883260 2.3791067 2.5211511 2.7561727 2.7559934 2.6666700 3.4515466 3.3643399 3.4454901 3.9607432 3.9311326 3.8263768 3.6679540 3.7172541 3.4590354 3.9205315 3.7289818 3.2050893 0.0000000 2.1358931 3.4419417 2.7448826 2.9048857 2.6772586 2.4742861 3.1075776 2.5693087 2.2639339 2.3278393 2.4824037 2.6692394 2.4479563 2.4514758 2.3943368 2.2722695 2.5476061 2.6105720 2.6132911 2.9342070 
Kinosternidae     2.6654328 2.7681167 2.5482530 2.5648147 2.6389809 2.6626445 2.6827930 2.5690962 2.5953302 2.4972049 2.5311072 2.4618870 2.5423610 2.5560316 2.6693783 2.5016649 2.5633489 2.5430253 3.0177484 3.0113262 3.0124651 3.6385796 3.9114730 3.3103340 3.1394091 3.5167539 3.4965152 3.2778742 3.1929323 3.4550662 2.1358931 0.0000000 3.2813102 2.4918793 2.4584357 2.6225937 2.5096387 3.0127386 2.6635066 2.2845219 2.2223156 2.4327216 2.6317205 2.3398314 2.3342539 2.4103518 2.1058817 2.5253300 2.7822768 2.7002859 2.9698602 
Anomalepididae    2.8776846 2.6976948 2.4565368 2.4394143 2.8765021 2.7440373 2.5881130 2.6879613 2.6042387 2.6352427 2.6107861 2.5521246 2.7440383 2.9545020 2.7274027 2.7803437 2.8464851 2.7205198 3.7185316 3.6548527 3.4804114 3.7405472 4.3802092 3.9367693 3.6589962 3.5725603 3.6769548 3.7823730 3.2862742 4.4146254 3.4419417 3.2813102 0.0000000 1.7923698 1.8024576 1.6704572 1.7764768 2.0254013 2.7789039 2.4823699 2.4393443 2.6376317 2.7152853 2.6006138 2.4007732 2.6324326 2.3152169 2.6429462 2.7211575 2.7790334 3.4369518 
Loxocemidae       2.1348077 2.0681280 1.9322784 1.9144043 2.1678141 2.0310177 2.0250783 2.0145421 1.9621993 2.0206602 2.0297614 1.9796195 2.1064284 2.1299157 2.1067126 2.1185415 2.3537837 2.2050280 2.9211191 2.9946926 2.9163692 3.5860438 3.7280383 3.3077176 3.1327443 3.1442899 3.1634046 3.3848149 3.0168152 3.2856418 2.7448826 2.4918793 1.7923698 0.0000000 0.6479035 1.0870758 1.2219757 1.6304689 2.1414186 1.9322516 1.8473104 1.9811960 2.1137429 1.8913758 1.7621968 1.9088963 1.7199855 1.9790274 2.0727087 2.0895743 2.2988427 
Natricidae        2.1449181 2.0980262 1.9091193 1.9150513 2.2311137 2.0710734 2.0566752 2.0181789 1.9489764 2.0988835 2.0155534 2.0150018 2.1506678 2.1517497 2.1267089 2.2339174 2.5166879 2.3084964 2.9042700 3.0066822 3.0852738 3.3614308 3.5909615 3.1517474 2.9887297 2.9580070 3.0330815 3.1077738 3.3431577 3.5425623 2.9048857 2.4584357 1.8024576 0.6479035 0.0000000 1.2112422 1.3039667 1.7826479 2.0871987 1.9396699 1.9507351 2.1339519 2.1960762 1.9505211 1.9303741 1.9983137 1.6676903 1.9443356 2.1063824 2.1934252 2.3962170 
Xenosauridae      2.1381601 2.0599459 1.9527493 1.9034130 2.1502987 2.0801085 1.9735237 1.9478223 1.9581808 2.0157557 1.9255106 1.8938186 2.1004115 2.0259380 2.1320941 2.0696902 2.1481252 2.0936034 3.0298691 3.0451475 3.1830966 3.4824667 3.6000501 3.1522918 3.0729739 3.1039804 3.0344717 3.2950004 3.1239796 3.7227688 2.6772586 2.6225937 1.6704572 1.0870758 1.2112422 0.0000000 1.1144691 1.6598353 2.0124721 1.9250790 1.8100880 1.9330268 2.0573834 1.8557182 1.8126090 1.9156830 1.7071307 1.9475152 2.2642454 2.2345766 2.6713422 
Teiidae           2.2369897 2.1044231 2.0384443 2.0472875 2.1867926 2.2231194 2.2461264 2.1423752 2.1560866 2.1745612 2.1650036 2.1410207 2.2870915 2.1676600 2.2369354 2.1239050 2.1320119 2.1774187 2.8895439 2.8751939 3.3188351 3.5453684 3.5946358 3.2947593 3.2272298 3.4172906 3.3976911 3.6333902 3.2005969 3.3086771 2.4742861 2.5096387 1.7764768 1.2219757 1.3039667 1.1144691 0.0000000 1.6723416 2.1109159 2.0227020 1.9719934 2.1551534 2.2449168 1.9581886 1.8867863 1.9427692 1.7426171 1.9406243 2.1760154 2.1604923 2.3885020 
Eublepharidae     2.3930458 2.4127372 2.3071428 2.2490836 2.4054671 2.4243239 2.3024466 2.4589668 2.3642891 2.4625786 2.3857408 2.3425618 2.5204879 2.4020212 2.3559225 2.3622380 2.5800014 2.5247777 3.1988279 3.0626005 3.5011693 3.7986307 3.8549533 3.2474017 3.3538536 3.1988547 3.4257612 3.5012497 3.2852270 3.7913438 3.1075776 3.0127386 2.0254013 1.6304689 1.7826479 1.6598353 1.6723416 0.0000000 2.1531604 1.8393645 2.0009143 2.1229675 2.1940124 1.9640673 1.8665531 2.0958829 1.8339415 2.2836871 2.2908552 2.2495862 2.4712442 
Dicamptodontidae  1.7412153 1.6116311 1.5912194 1.5702734 1.6675303 1.6297948 1.6050803 1.6151471 1.6186737 1.5364492 1.5968342 1.5349975 1.7717950 1.6649965 1.5717782 1.6812969 1.7444698 1.7073177 2.7322774 3.1546032 3.1205278 3.3730616 3.8179813 3.0579492 3.2857489 3.0200936 2.9623408 3.1965953 3.1510173 3.2298700 2.5693087 2.6635066 2.7789039 2.1414186 2.0871987 2.0124721 2.1109159 2.1531604 0.0000000 0.8573650 0.8079717 0.9258961 1.0445340 0.7978543 0.7617308 0.8632376 0.7279330 1.3379469 1.5551103 1.5789898 1.7691327 
Alytidae          1.5226930 1.4485298 1.3446269 1.3281505 1.4662397 1.4792816 1.4478729 1.4543662 1.4360315 1.4317720 1.5000485 1.3975478 1.5483460 1.4932113 1.4881206 1.4887631 1.5707624 1.6151972 2.5306941 2.7012898 2.6894898 2.9999509 3.2286346 2.8025657 3.1462603 2.8643688 2.8920587 2.6718348 2.9081715 2.8520694 2.2639339 2.2845219 2.4823699 1.9322516 1.9396699 1.9250790 2.0227020 1.8393645 0.8573650 0.0000000 0.5644512 0.7515908 0.7911177 0.6064922 0.5310152 0.6079766 0.6142077 1.1266454 1.3052138 1.3061827 1.4394667 
Heleophrynidae    1.4988827 1.3211758 1.2702007 1.2612447 1.4329121 1.4138013 1.3085714 1.3879826 1.2954300 1.3726161 1.4259060 1.3374722 1.3945333 1.3223368 1.3923368 1.4573717 1.4780713 1.4675997 2.4458639 2.7135601 2.5849294 2.8616517 3.3521866 2.8046578 3.1093045 2.7445012 2.8166780 2.8556573 2.9514456 2.7608000 2.3278393 2.2223156 2.4393443 1.8473104 1.9507351 1.8100880 1.9719934 2.0009143 0.8079717 0.5644512 0.0000000 0.4913910 0.5248391 0.3370541 0.3079347 0.3574541 0.5236585 1.0956396 1.2904912 1.3112895 1.4240795 
Leptodactylidae   1.6890254 1.4942433 1.5115107 1.4620095 1.6269741 1.6963847 1.5124171 1.5881521 1.5365731 1.5683215 1.6278271 1.6112116 1.6304551 1.5669046 1.5680089 1.7041364 1.7823385 1.7754253 2.6444555 2.8757178 3.0869574 3.3186350 3.6145749 3.0687788 3.2610980 2.8907771 2.9372944 3.2127550 2.9738108 3.1090171 2.4824037 2.4327216 2.6376317 1.9811960 2.1339519 1.9330268 2.1551534 2.1229675 0.9258961 0.7515908 0.4913910 0.0000000 0.2913119 0.4711239 0.4364216 0.4633944 0.6778131 1.2107910 1.5190506 1.5130602 1.4892135 
Strabomantidae    1.6850380 1.5585617 1.4908606 1.4404944 1.7056010 1.6952005 1.5254576 1.6428474 1.5868166 1.6075624 1.6165202 1.6044592 1.6258617 1.6267606 1.5669115 1.7165215 1.7009697 1.7838623 2.7007857 2.8889250 3.1338896 3.2402570 3.6348708 3.0349916 3.3722997 2.8420208 2.9818254 3.1995908 3.0301888 2.8889729 2.6692394 2.6317205 2.7152853 2.1137429 2.1960762 2.0573834 2.2449168 2.1940124 1.0445340 0.7911177 0.5248391 0.2913119 0.0000000 0.5216430 0.4636678 0.4918659 0.6979947 1.2383205 1.5071170 1.5305432 1.5659912 
Micrixalidae      1.4206900 1.3533649 1.3000051 1.2884432 1.4455255 1.4774552 1.3338633 1.4199189 1.3332691 1.4273637 1.4545398 1.3900503 1.4514749 1.3449081 1.3605642 1.5001781 1.5518870 1.5519736 2.4539615 2.7812110 2.7514948 3.1964849 3.5023229 2.8397662 3.1548111 2.8329072 2.9201129 3.0215231 3.3094573 2.9353745 2.4479563 2.3398314 2.6006138 1.8913758 1.9505211 1.8557182 1.9581886 1.9640673 0.7978543 0.6064922 0.3370541 0.4711239 0.5216430 0.0000000 0.1898903 0.2380775 0.5257428 1.1682864 1.3238246 1.3157760 1.3990916 
Hemisotidae       1.4344310 1.3448913 1.2863437 1.2918788 1.4739059 1.4351147 1.3520635 1.4114380 1.2952660 1.4211138 1.4609182 1.4025930 1.4219941 1.3518767 1.3306110 1.5428641 1.5625972 1.5354096 2.4762884 2.7644940 2.7045477 2.9624177 3.3505896 2.7110978 3.1337741 2.6667083 2.8506896 3.0071342 2.9036382 2.8374828 2.4514758 2.3342539 2.4007732 1.7621968 1.9303741 1.8126090 1.8867863 1.8665531 0.7617308 0.5310152 0.3079347 0.4364216 0.4636678 0.1898903 0.0000000 0.2133852 0.5101772 1.1332931 1.3316942 1.3169133 1.3786258 
Asterophryidae    1.5326139 1.4381994 1.3600690 1.3570311 1.4793587 1.5097780 1.4125584 1.4469054 1.3853038 1.4928839 1.5574282 1.4895314 1.4873484 1.4097501 1.4394726 1.6430725 1.6719296 1.6702647 2.5288472 2.9862163 2.8281242 3.1194271 3.6625003 2.9560694 3.3027592 2.8207958 3.0317272 2.9246297 3.1364772 2.7816768 2.3943368 2.4103518 2.6324326 1.9088963 1.9983137 1.9156830 1.9427692 2.0958829 0.8632376 0.6079766 0.3574541 0.4633944 0.4918659 0.2380775 0.2133852 0.0000000 0.5421370 1.1893922 1.3859091 1.3692578 1.5067447 
Caeciliidae2      1.4022335 1.3653538 1.2329448 1.1975360 1.3960209 1.4096877 1.3478847 1.3801905 1.3327005 1.3509009 1.3765800 1.3336084 1.3374312 1.3288863 1.3051527 1.3672214 1.5157412 1.4949677 2.4462984 2.6249365 2.5700533 2.9475444 3.1570067 2.5983951 2.8902981 2.6597002 2.7095236 2.6225845 2.8986174 2.8558507 2.2722695 2.1058817 2.3152169 1.7199855 1.6676903 1.7071307 1.7426171 1.8339415 0.7279330 0.6142077 0.5236585 0.6778131 0.6979947 0.5257428 0.5101772 0.5421370 0.0000000 0.9566383 1.2318075 1.2520801 1.3465964 
Polypteriformes   1.7008129 1.5990369 1.5364907 1.4974734 1.7220544 1.6669516 1.6294362 1.6171533 1.5841911 1.6151958 1.6359489 1.5939898 1.6714917 1.6472204 1.5938470 1.7079101 1.7826521 1.7501817 2.6785245 2.9579886 2.8597993 3.3492982 3.3483322 3.2156798 3.3122931 3.0892202 3.1175143 3.1977862 3.0687923 3.3454063 2.5476061 2.5253300 2.6429462 1.9790274 1.9443356 1.9475152 1.9406243 2.2836871 1.3379469 1.1266454 1.0956396 1.2107910 1.2383205 1.1682864 1.1332931 1.1893922 0.9566383 0.0000000 1.0757830 1.0904988 1.2621780 
Channichthyidae   1.9436805 1.7864065 1.7240536 1.7325592 1.7891733 1.8804975 1.7527906 1.7824403 1.7634992 1.7391017 1.7009575 1.6863751 1.8807205 1.8442847 1.7744004 1.9143408 2.0377235 1.9381972 2.9067684 3.2291777 3.0231457 3.2691311 3.4581242 3.1816078 3.0877423 3.1014687 3.1819556 3.1397787 3.3794263 3.5842656 2.6105720 2.7822768 2.7211575 2.0727087 2.1063824 2.2642454 2.1760154 2.2908552 1.5551103 1.3052138 1.2904912 1.5190506 1.5071170 1.3238246 1.3316942 1.3859091 1.2318075 1.0757830 0.0000000 0.1327405 1.3653365 
Pseudaphritidae   1.9052176 1.8046470 1.6949455 1.7357094 1.7951549 1.8286779 1.7515951 1.8016992 1.7628506 1.7673032 1.7639106 1.7352644 1.9107659 1.8301587 1.7818468 1.8967629 1.9935971 1.9208174 3.0492608 3.1139191 3.0160029 3.3651976 3.5000900 3.1052227 3.0657168 3.1372705 3.1636512 3.1335707 3.2930783 3.7307537 2.6132911 2.7002859 2.7790334 2.0895743 2.1934252 2.2345766 2.1604923 2.2495862 1.5789898 1.3061827 1.3112895 1.5130602 1.5305432 1.3157760 1.3169133 1.3692578 1.2520801 1.0904988 0.1327405 0.0000000 1.4174516 
Carcharhinidae    1.9784071 1.8155498 1.8316278 1.8793630 2.0153501 1.9759478 1.8729476 1.9503150 1.8636582 1.9221897 1.8807391 1.9101724 1.9954593 2.0044835 1.8928027 2.0582643 2.2034784 2.1846145 3.1899748 3.5958946 3.6928485 4.0428465 4.0686632 3.9946353 4.1480614 3.7977457 3.7830061 3.9291042 3.7655692 3.7434715 2.9342070 2.9698602 3.4369518 2.2988427 2.3962170 2.6713422 2.3885020 2.4712442 1.7691327 1.4394667 1.4240795 1.4892135 1.5659912 1.3990916 1.3786258 1.5067447 1.3465964 1.2621780 1.3653365 1.4174516 0.0000000 
