51
Pitheciidae       0.0000000 0.0204658 0.0325486 0.0204708 0.0204658 0.0174788 0.0294901 0.0263716 0.0204702 0.0388234 0.0326212 0.0412892 0.0293006 0.0325238 0.0385145 0.0418613 0.0358378 0.0327182 0.0903389 0.0935225 0.1002568 0.0973150 0.1076800 0.0973204 0.1005023 0.0970266 0.0972917 0.0970000 0.1072881 0.1210578 0.1693460 0.1041166 0.1744402 0.1530646 0.1496227 0.1369241 0.1505188 0.1633477 0.1975154 0.2129314 0.1861312 0.1944250 0.1977806 0.1703661 0.1751076 0.1933009 0.4054445 0.2318347 0.3127905 0.2895847 0.2456830 
Scandentia        0.0204658 0.0000000 0.0293939 0.0174328 0.0174285 0.0144716 0.0263665 0.0232886 0.0174323 0.0355970 0.0294582 0.0380872 0.0261976 0.0293717 0.0353160 0.0386102 0.0326313 0.0295458 0.0900481 0.0932207 0.0999305 0.0969981 0.1073242 0.0970034 0.1001744 0.0967117 0.0969750 0.0966853 0.1001671 0.1206528 0.1687407 0.1037746 0.1738074 0.1525324 0.1491039 0.1364509 0.1499934 0.1702633 0.1925224 0.2121140 0.1771257 0.1852373 0.1883778 0.1616822 0.1662875 0.1841873 0.4076759 0.2227375 0.3114611 0.2883824 0.2570817 
Erethizontidae    0.0325486 0.0293939 0.0000000 0.0115456 0.0293939 0.0263583 0.0385440 0.0353502 0.0294001 0.0480438 0.0417434 0.0504033 0.0382931 0.0416177 0.0476569 0.0511096 0.0450436 0.0418695 0.0999493 0.1031465 0.1099442 0.1070169 0.1142355 0.1070239 0.1102160 0.1066978 0.1069913 0.1066684 0.1170633 0.1235987 0.1797758 0.1106401 0.1849942 0.1598337 0.1491265 0.1398723 0.1534295 0.1814170 0.2089578 0.2203455 0.1974425 0.1979685 0.2094656 0.1657830 0.1780309 0.1961850 0.4247205 0.2318617 0.3180169 0.2985910 0.2757598 
Capromyidae       0.0204708 0.0174328 0.0115456 0.0000000 0.0174328 0.0144753 0.0263728 0.0232943 0.0174366 0.0356054 0.0294651 0.0380959 0.0262039 0.0293786 0.0353242 0.0386191 0.0326391 0.0295529 0.0863646 0.0895130 0.0961582 0.0932380 0.1002511 0.0932428 0.0963906 0.0929651 0.0932160 0.0929398 0.1030862 0.1095197 0.1642254 0.0967558 0.1692041 0.1448640 0.1343867 0.1322553 0.1456847 0.1656925 0.1925437 0.2121351 0.1812882 0.1817622 0.1927049 0.1577984 0.1623539 0.1801614 0.4018125 0.2309525 0.3114764 0.2883989 0.2571005 
Muridae           0.0204658 0.0174285 0.0293939 0.0174328 0.0000000 0.0144716 0.0263665 0.0232886 0.0174323 0.0355970 0.0294582 0.0380872 0.0261976 0.0293717 0.0353160 0.0386102 0.0326313 0.0295458 0.0900481 0.0932207 0.0999305 0.0969981 0.1073242 0.0970034 0.1001744 0.0967117 0.0969750 0.0966853 0.1069350 0.1206528 0.1687407 0.1037746 0.1738074 0.1525324 0.1491039 0.1364509 0.1499934 0.1627520 0.1925224 0.2121140 0.1736606 0.1817406 0.1848151 0.1582700 0.1628441 0.1807133 0.3930659 0.2309325 0.3114611 0.2883824 0.2484415 
Castoridae        0.0174788 0.0144716 0.0263583 0.0144753 0.0144716 0.0000000 0.0233519 0.0203041 0.0144748 0.0325101 0.0264158 0.0350299 0.0232026 0.0263384 0.0322547 0.0355082 0.0295552 0.0264935 0.0865990 0.0897565 0.0964218 0.0934939 0.1037460 0.0934986 0.0966555 0.0932193 0.0934717 0.0931939 0.1033717 0.1169991 0.1647171 0.1002249 0.1622350 0.1486589 0.1452495 0.1326389 0.1461110 0.1661937 0.1883041 0.1905634 0.1771257 0.1852373 0.1883778 0.1616822 0.1662875 0.1841873 0.4076759 0.2263741 0.3023286 0.2795158 0.2522228 
Suidae            0.0294901 0.0263665 0.0385440 0.0263728 0.0263665 0.0233519 0.0000000 0.0263099 0.0204228 0.0387294 0.0325432 0.0411897 0.0292310 0.0324456 0.0445281 0.0479387 0.0418968 0.0387464 0.1002880 0.1034968 0.1103207 0.1073836 0.1179016 0.1073907 0.1105944 0.1070622 0.1073578 0.1070327 0.1174685 0.1314151 0.1804510 0.1142763 0.1780230 0.1638503 0.1603761 0.1476382 0.1613463 0.1821068 0.1933047 0.2203552 0.1890431 0.1930612 0.1963652 0.1732897 0.1780405 0.1961945 0.4018463 0.2439999 0.3262267 0.3026628 0.2670772 
Hippopotamidae    0.0263716 0.0232886 0.0353502 0.0232943 0.0232886 0.0203041 0.0263099 0.0000000 0.0173952 0.0355189 0.0293948 0.0380045 0.0261421 0.0293083 0.0412918 0.0446491 0.0386507 0.0355342 0.0964762 0.0996594 0.1064147 0.1034905 0.1138959 0.1034968 0.1066761 0.1031834 0.1034658 0.1031552 0.1134811 0.1272868 0.1723194 0.1103132 0.1809081 0.1593778 0.1559354 0.1432814 0.1568699 0.1738794 0.1919843 0.2195796 0.1807529 0.1966650 0.2000400 0.1727206 0.1774497 0.1955345 0.4079516 0.2384738 0.3195835 0.2963465 0.2562797 
Hyperoodontidae   0.0204702 0.0174323 0.0294001 0.0174366 0.0174323 0.0144748 0.0204228 0.0173952 0.0000000 0.0264954 0.0234688 0.0320958 0.0202929 0.0204065 0.0353235 0.0325329 0.0326384 0.0295522 0.0868739 0.0900421 0.0967313 0.0937941 0.1040840 0.0937989 0.0969666 0.0935177 0.0937717 0.0934922 0.1037072 0.1173852 0.1578994 0.1005496 0.1628204 0.1491688 0.1457463 0.1330910 0.1466141 0.1667858 0.1848596 0.2121502 0.1737048 0.1817872 0.1848634 0.1583098 0.1628854 0.1807594 0.3992034 0.2309698 0.3024127 0.2884216 0.2532382 
Vespertilionidae  0.0388234 0.0355970 0.0480438 0.0356054 0.0355970 0.0325101 0.0387294 0.0355189 0.0264954 0.0000000 0.0296123 0.0382851 0.0384753 0.0354986 0.0541170 0.0544363 0.0515330 0.0483017 0.1112005 0.1144614 0.1214370 0.1184837 0.1292544 0.1184928 0.1217450 0.1181224 0.1184548 0.1180893 0.1287711 0.1283681 0.1891551 0.1255313 0.1945614 0.1762124 0.1726728 0.1597901 0.1662165 0.1873169 0.2022741 0.2392111 0.1944034 0.2108023 0.2145180 0.1860884 0.1867703 0.2095548 0.4365286 0.2492685 0.3231974 0.3047034 0.2766050 
Furipteridae      0.0326212 0.0294582 0.0417434 0.0294651 0.0294582 0.0264158 0.0325432 0.0293948 0.0234688 0.0296123 0.0000000 0.0292206 0.0323324 0.0355946 0.0477660 0.0512270 0.0451464 0.0419645 0.1005242 0.1037410 0.1073161 0.1076392 0.1181857 0.1076462 0.1108580 0.1073161 0.1076132 0.1072865 0.1177505 0.1247079 0.1809178 0.1181804 0.1861863 0.1569090 0.1534502 0.1480088 0.1543835 0.1825829 0.1896162 0.2218467 0.1813130 0.1972739 0.2006713 0.1732361 0.1779853 0.1961345 0.4175077 0.2355015 0.3139343 0.2906182 0.2619478 
Rhinolophidae     0.0412892 0.0380872 0.0504033 0.0380959 0.0380872 0.0350299 0.0411897 0.0380045 0.0320958 0.0382851 0.0292206 0.0000000 0.0409239 0.0442461 0.0564003 0.0599224 0.0538698 0.0506707 0.1127958 0.1160092 0.1160417 0.1199825 0.1306024 0.1199918 0.1231953 0.1196218 0.1199536 0.1195888 0.1301212 0.1371073 0.1936711 0.1269306 0.1990549 0.1694651 0.1660075 0.1606877 0.1670076 0.1954557 0.2024664 0.2387229 0.1988945 0.2151295 0.2188766 0.1830489 0.1878728 0.2018443 0.4267478 0.2403103 0.3366406 0.3130201 0.2580539 
Viverridae        0.0293006 0.0261976 0.0382931 0.0262039 0.0261976 0.0232026 0.0292310 0.0261421 0.0202929 0.0384753 0.0323324 0.0409239 0.0000000 0.0144647 0.0442368 0.0476211 0.0416210 0.0384920 0.0995743 0.1027586 0.1095270 0.1066106 0.1170406 0.1066175 0.1097966 0.1062940 0.1065852 0.1062649 0.1166141 0.1304435 0.1681285 0.1102174 0.1766098 0.1625913 0.1591471 0.1465103 0.1601016 0.1690689 0.1952980 0.2178361 0.1917224 0.1999991 0.2034345 0.1725579 0.1807529 0.1988476 0.4222108 0.2418952 0.3231362 0.2998672 0.2684752 
Procyonidae       0.0325238 0.0293717 0.0416177 0.0293786 0.0293717 0.0263384 0.0324456 0.0293083 0.0204065 0.0354986 0.0355946 0.0442461 0.0144647 0.0000000 0.0476211 0.0478987 0.0450091 0.0418375 0.1001671 0.1033717 0.1101860 0.1072526 0.1177553 0.1072596 0.1104591 0.1069319 0.1072268 0.1069025 0.1104551 0.1350106 0.1768104 0.1145218 0.1778462 0.1676253 0.1641365 0.1513737 0.1651340 0.1783612 0.1888736 0.2291647 0.1847278 0.2014418 0.2049317 0.1772252 0.1820279 0.2002707 0.4093133 0.2483448 0.3258445 0.3073985 0.2755291 
Myrmecophagidae   0.0385145 0.0353160 0.0476569 0.0353242 0.0353160 0.0322547 0.0445281 0.0412918 0.0353235 0.0541170 0.0477660 0.0564003 0.0442368 0.0476211 0.0000000 0.0509441 0.0448982 0.0417351 0.0967083 0.0998996 0.1066731 0.1037420 0.1141762 0.1037484 0.1069358 0.1034335 0.1037172 0.1034051 0.1137593 0.1346320 0.1727729 0.1105833 0.1813911 0.1597873 0.1563352 0.1436484 0.1572748 0.1742905 0.2002898 0.2367290 0.1966780 0.1936807 0.2006124 0.1807556 0.1855918 0.2038722 0.4308128 0.2429379 0.3062980 0.2834104 0.2522621 
Caluromyidae      0.0418613 0.0386102 0.0511096 0.0386191 0.0386102 0.0355082 0.0479387 0.0446491 0.0325329 0.0544363 0.0512270 0.0599224 0.0476211 0.0478987 0.0509441 0.0000000 0.0174921 0.0145197 0.0941095 0.0973184 0.1041205 0.1011658 0.1116419 0.1011718 0.1043781 0.1008633 0.1011414 0.1008355 0.1112321 0.1251411 0.1589836 0.1011914 0.1674240 0.1535474 0.1500936 0.1373549 0.1509956 0.1714400 0.1772462 0.2100305 0.1672955 0.1794531 0.1825058 0.1470640 0.1564822 0.1743550 0.3931503 0.2288895 0.2857573 0.2807977 0.2502787 
Thylacomyidae     0.0358378 0.0326313 0.0450436 0.0326391 0.0326313 0.0295552 0.0418968 0.0386507 0.0326384 0.0515330 0.0451464 0.0538698 0.0416210 0.0450091 0.0448982 0.0174921 0.0000000 0.0087013 0.0909327 0.0941385 0.1009228 0.0979618 0.1084060 0.0979674 0.1011718 0.0976695 0.0979383 0.0976425 0.1080086 0.1218841 0.1630538 0.0979870 0.1680936 0.1468547 0.1434107 0.1306593 0.1442697 0.1645319 0.1726435 0.2049439 0.1668017 0.1789156 0.1819485 0.1466441 0.1560241 0.1738395 0.3916058 0.2252762 0.3038937 0.2898096 0.2514135 
Phalangeridae     0.0327182 0.0295458 0.0418695 0.0295529 0.0295458 0.0264935 0.0387464 0.0355342 0.0295522 0.0483017 0.0419645 0.0506707 0.0384920 0.0418375 0.0417351 0.0145197 0.0087013 0.0000000 0.0874188 0.0906083 0.0973452 0.0943895 0.1047549 0.0943945 0.0975836 0.0941095 0.0943669 0.0940836 0.1043730 0.1181522 0.1589860 0.0944140 0.1639570 0.1429422 0.1395185 0.1197144 0.1403491 0.1604171 0.1697045 0.2019562 0.1638319 0.1759413 0.1789277 0.1509698 0.1605087 0.1784896 0.3992182 0.2252149 0.2985981 0.2846453 0.2464786 
Tityridae         0.0903389 0.0900481 0.0999493 0.0863646 0.0900481 0.0865990 0.1002880 0.0964762 0.0868739 0.1112005 0.1005242 0.1127958 0.0995743 0.1001671 0.0967083 0.0941095 0.0909327 0.0874188 0.0000000 0.0029044 0.0087542 0.0058464 0.0177480 0.0058461 0.0087736 0.0058302 0.0058441 0.0058287 0.0146868 0.0610111 0.1083239 0.0516214 0.1304671 0.1073615 0.1109148 0.1056066 0.1115528 0.1304475 0.1872921 0.2188418 0.1830981 0.2072348 0.2146258 0.1749311 0.1797483 0.1988592 0.3904875 0.2259700 0.2916097 0.2776940 0.2426405 
Ptilonorhynchidae 0.0935225 0.0932207 0.1031465 0.0895130 0.0932207 0.0897565 0.1034968 0.0996594 0.0900421 0.1144614 0.1037410 0.1160092 0.1027586 0.1033717 0.0998996 0.0973184 0.0941385 0.0906083 0.0029044 0.0000000 0.0116813 0.0087762 0.0207218 0.0087758 0.0117070 0.0087520 0.0087742 0.0087498 0.0176374 0.0641090 0.1115934 0.0546991 0.1338307 0.1106001 0.1141677 0.1088914 0.1148256 0.1338104 0.1908367 0.2225366 0.1866254 0.2108407 0.2183083 0.1784257 0.1832759 0.2024333 0.3843905 0.2213865 0.2955002 0.2815401 0.2464481 
Callaeatidae      0.1002568 0.0999305 0.1099442 0.0961582 0.0999305 0.0964218 0.1103207 0.1064147 0.0967313 0.1214370 0.1073161 0.1160417 0.1095270 0.1101860 0.1066731 0.1041205 0.1009228 0.0973452 0.0087542 0.0116813 0.0000000 0.0087338 0.0206211 0.0087335 0.0116506 0.0087110 0.0087320 0.0087088 0.0236285 0.0705594 0.1185773 0.0610752 0.1411018 0.1175138 0.1211251 0.1158984 0.1141912 0.1410797 0.1987344 0.2309096 0.1944669 0.2189603 0.2266347 0.1861606 0.1911044 0.2104456 0.4051956 0.2380802 0.3046641 0.2905320 0.2551877 
Monarchidae       0.0973150 0.0969981 0.1070169 0.0932380 0.0969981 0.0934939 0.1073836 0.1034905 0.0937941 0.1184837 0.1076392 0.1199825 0.1066106 0.1072526 0.1037420 0.1011658 0.0979618 0.0943895 0.0058464 0.0087762 0.0087338 0.0000000 0.0117190 0.0058316 0.0087520 0.0058167 0.0058306 0.0058152 0.0207102 0.0676178 0.1156076 0.0581278 0.1381130 0.1145696 0.1181783 0.1129067 0.1079542 0.1380916 0.1957709 0.2279318 0.1915039 0.2160140 0.2236518 0.1831984 0.1881301 0.2074966 0.4025611 0.2351254 0.3018131 0.2876583 0.2522079 
Malaconotidae     0.1076800 0.1073242 0.1142355 0.1002511 0.1073242 0.1037460 0.1179016 0.1138959 0.1040840 0.1292544 0.1181857 0.1306024 0.1170406 0.1177553 0.1141762 0.1116419 0.1084060 0.1047549 0.0177480 0.0207218 0.0206211 0.0117190 0.0000000 0.0177047 0.0206657 0.0176575 0.0177013 0.0176529 0.0329384 0.0809241 0.1230543 0.0712535 0.1424774 0.1219370 0.1256044 0.1203702 0.1222536 0.1533444 0.2044941 0.2410857 0.2000885 0.2287419 0.2367238 0.1952618 0.2003501 0.2074902 0.4001933 0.2483539 0.3070458 0.2979799 0.2571390 
Certhiidae        0.0973204 0.0970034 0.1070239 0.0932428 0.0970034 0.0934986 0.1073907 0.1034968 0.0937989 0.1184928 0.1076462 0.1199918 0.1066175 0.1072596 0.1037484 0.1011718 0.0979674 0.0943945 0.0058461 0.0087758 0.0087335 0.0058316 0.0177047 0.0000000 0.0087517 0.0058164 0.0058303 0.0058150 0.0207097 0.0676194 0.1156163 0.0548561 0.1381265 0.1145780 0.1181873 0.1129149 0.1112507 0.1381051 0.1958006 0.2279731 0.1915322 0.2160505 0.2236916 0.1832240 0.1881574 0.2075301 0.3921903 0.2267824 0.2927371 0.2787502 0.2522587 
Cinclidae         0.1005023 0.1001744 0.1102160 0.0963906 0.1001744 0.0966555 0.1105944 0.1066761 0.0969666 0.1217450 0.1108580 0.1231953 0.1097966 0.1104591 0.1069358 0.1043781 0.1011718 0.0975836 0.0087736 0.0117070 0.0116506 0.0087520 0.0206657 0.0087517 0.0000000 0.0087291 0.0087501 0.0087270 0.0236799 0.0578878 0.1119062 0.0612167 0.1414748 0.1178092 0.1214316 0.1161937 0.1144773 0.1414526 0.1993045 0.2316108 0.1950208 0.2196055 0.2273193 0.1866839 0.1916481 0.2110577 0.4006766 0.2388062 0.3056699 0.2914747 0.2559953 
Ploceidae         0.0970266 0.0967117 0.1066978 0.0929651 0.0967117 0.0932193 0.1070622 0.1031834 0.0935177 0.1181224 0.1073161 0.1196218 0.1062940 0.1069319 0.1034335 0.1008633 0.0976695 0.0941095 0.0058302 0.0087520 0.0087110 0.0058167 0.0176575 0.0058164 0.0087291 0.0000000 0.0058154 0.0058000 0.0206542 0.0674240 0.1152544 0.0579627 0.1376766 0.1142229 0.1178187 0.1125603 0.1109072 0.1376553 0.1951083 0.2271197 0.1908597 0.2152658 0.2228587 0.1825893 0.1874978 0.2067861 0.4008128 0.2342850 0.3006521 0.2865700 0.2512744 
Thraupidae        0.0972917 0.0969750 0.1069913 0.0932160 0.0969750 0.0934717 0.1073578 0.1034658 0.0937717 0.1184548 0.1076132 0.1199536 0.1065852 0.1072268 0.1037172 0.1011414 0.0979383 0.0943669 0.0058441 0.0087742 0.0087320 0.0058306 0.0177013 0.0058303 0.0087501 0.0058154 0.0000000 0.0058140 0.0207056 0.0676020 0.1155793 0.0581143 0.1380784 0.1145419 0.1181495 0.1128790 0.1112160 0.1380570 0.1957196 0.2278700 0.1914539 0.2159567 0.2235913 0.1831510 0.1880810 0.2074420 0.4024408 0.2350616 0.3017281 0.2875780 0.2521376 
Alaudidae         0.0970000 0.0966853 0.1066684 0.0929398 0.0966853 0.0931939 0.1070327 0.1031552 0.0934922 0.1180893 0.1072865 0.1195888 0.1062649 0.1069025 0.1034051 0.1008355 0.0976425 0.0940836 0.0058287 0.0087498 0.0087088 0.0058152 0.0176529 0.0058150 0.0087270 0.0058000 0.0058140 0.0000000 0.0206488 0.0674059 0.1152220 0.0579472 0.1376370 0.1141912 0.1177859 0.1125286 0.1108764 0.1376157 0.1950499 0.2270493 0.1908028 0.2152005 0.2227897 0.1825353 0.1874418 0.2067238 0.4006766 0.2342124 0.3005556 0.2864787 0.2511945 
Coraciiformes     0.1072881 0.1001671 0.1170633 0.1030862 0.1069350 0.1033717 0.1174685 0.1134811 0.1037072 0.1287711 0.1177505 0.1301212 0.1166141 0.1104551 0.1137593 0.1112321 0.1080086 0.1043730 0.0146868 0.0176374 0.0236285 0.0207102 0.0329384 0.0207097 0.0236799 0.0206542 0.0207056 0.0206488 0.0000000 0.0772296 0.1259141 0.0676489 0.1487979 0.1247732 0.1284394 0.1232545 0.1291930 0.1487740 0.1950424 0.2316016 0.1950133 0.2277734 0.2356970 0.1944682 0.1995269 0.2191183 0.4022834 0.2387967 0.3096901 0.2954452 0.2647870 
Crocodylidae      0.1210578 0.1206528 0.1235987 0.1095197 0.1206528 0.1169991 0.1314151 0.1272868 0.1173852 0.1283681 0.1247079 0.1371073 0.1304435 0.1350106 0.1346320 0.1251411 0.1218841 0.1181522 0.0610111 0.0641090 0.0705594 0.0676178 0.0809241 0.0676194 0.0578878 0.0674240 0.0676020 0.0674059 0.0772296 0.0000000 0.1330148 0.0741502 0.1596696 0.1388626 0.1392752 0.1375860 0.1329305 0.1636290 0.2389265 0.2409100 0.2152963 0.2443183 0.2526713 0.2016187 0.2067462 0.2300722 0.4261027 0.2731504 0.3309559 0.3201809 0.2785869 
Carettochelyidae  0.1693460 0.1687407 0.1797758 0.1642254 0.1687407 0.1647171 0.1804510 0.1723194 0.1578994 0.1891551 0.1809178 0.1936711 0.1681285 0.1768104 0.1727729 0.1589836 0.1630538 0.1589860 0.1083239 0.1115934 0.1185773 0.1156076 0.1230543 0.1156163 0.1119062 0.1152544 0.1155793 0.1152220 0.1259141 0.1330148 0.0000000 0.0911889 0.1685738 0.1694166 0.1618615 0.1460555 0.1821171 0.1674240 0.2794145 0.2944154 0.2659138 0.2677197 0.2707984 0.2536248 0.2556185 0.2669404 0.4934845 0.3309756 0.3313937 0.3315124 0.3381396 
Kinosternidae     0.1041166 0.1037746 0.1106401 0.0967558 0.1037746 0.1002249 0.1142763 0.1103132 0.1005496 0.1255313 0.1181804 0.1269306 0.1102174 0.1145218 0.1105833 0.1011914 0.0979870 0.0944140 0.0516214 0.0546991 0.0610752 0.0581278 0.0712535 0.0548561 0.0612167 0.0579627 0.0581143 0.0579472 0.0676489 0.0741502 0.0911889 0.0000000 0.1450258 0.1319197 0.1252366 0.1129347 0.1292961 0.1488915 0.2272741 0.2301178 0.2073974 0.2124130 0.2191786 0.1874022 0.1923926 0.2074712 0.4389950 0.2549552 0.2966186 0.2825917 0.2522478 
Anomalepididae    0.1744402 0.1738074 0.1849942 0.1692041 0.1738074 0.1622350 0.1780230 0.1809081 0.1628204 0.1945614 0.1861863 0.1990549 0.1766098 0.1778462 0.1813911 0.1674240 0.1680936 0.1639570 0.1304671 0.1338307 0.1411018 0.1381130 0.1424774 0.1381265 0.1414748 0.1376766 0.1380784 0.1376370 0.1487979 0.1596696 0.1685738 0.1450258 0.0000000 0.0908827 0.0809690 0.0821518 0.1092848 0.1578582 0.3106262 0.2842608 0.2512764 0.2703379 0.2795532 0.2391393 0.2363558 0.2551050 0.4977138 0.3154986 0.3678744 0.3680046 0.3224654 
Loxocemidae       0.1530646 0.1525324 0.1598337 0.1448640 0.1525324 0.1486589 0.1638503 0.1593778 0.1491688 0.1762124 0.1569090 0.1694651 0.1625913 0.1676253 0.1597873 0.1535474 0.1468547 0.1429422 0.1073615 0.1106001 0.1175138 0.1145696 0.1219370 0.1145780 0.1178092 0.1142229 0.1145419 0.1141912 0.1247732 0.1388626 0.1694166 0.1319197 0.0908827 0.0000000 0.0265662 0.0581392 0.0839912 0.1403089 0.2561930 0.2752221 0.2648903 0.2830921 0.2925047 0.2433720 0.2406440 0.2724671 0.4504173 0.2993236 0.3731048 0.3633795 0.3019006 
Natricidae        0.1496227 0.1491039 0.1491265 0.1343867 0.1491039 0.1452495 0.1603761 0.1559354 0.1457463 0.1726728 0.1534502 0.1660075 0.1591471 0.1641365 0.1563352 0.1500936 0.1434107 0.1395185 0.1109148 0.1141677 0.1211251 0.1181783 0.1256044 0.1181873 0.1214316 0.1178187 0.1181495 0.1177859 0.1284394 0.1392752 0.1618615 0.1252366 0.0809690 0.0265662 0.0000000 0.0550093 0.0807787 0.1368711 0.2608501 0.2711978 0.2609836 0.2703587 0.2884304 0.2395419 0.2368009 0.2685505 0.4458784 0.2862404 0.3629595 0.3533455 0.2886801 
Xenosauridae      0.1369241 0.1364509 0.1398723 0.1322553 0.1364509 0.1326389 0.1476382 0.1432814 0.1330910 0.1597901 0.1480088 0.1606877 0.1465103 0.1513737 0.1436484 0.1373549 0.1306593 0.1197144 0.1056066 0.1088914 0.1158984 0.1129067 0.1203702 0.1129149 0.1161937 0.1125603 0.1128790 0.1125286 0.1232545 0.1375860 0.1460555 0.1129347 0.0821518 0.0581392 0.0550093 0.0000000 0.0752646 0.1316963 0.2483049 0.2623766 0.2484025 0.2665299 0.2706729 0.2391385 0.2363546 0.2599009 0.4559299 0.2825860 0.3464093 0.3367686 0.2890876 
Teiidae           0.1505188 0.1499934 0.1534295 0.1456847 0.1499934 0.1461110 0.1613463 0.1568699 0.1466141 0.1662165 0.1543835 0.1670076 0.1601016 0.1651340 0.1572748 0.1509956 0.1442697 0.1403491 0.1115528 0.1148256 0.1141912 0.1079542 0.1222536 0.1112507 0.1144773 0.1109072 0.1112160 0.1108764 0.1291930 0.1329305 0.1821171 0.1292961 0.1092848 0.0839912 0.0807787 0.0752646 0.0000000 0.1449706 0.2675464 0.2731258 0.2456784 0.2722439 0.2814293 0.2365512 0.2337907 0.2618601 0.4836039 0.2872456 0.3675150 0.3519695 0.2829064 
Eublepharidae     0.1633477 0.1702633 0.1814170 0.1656925 0.1627520 0.1661937 0.1821068 0.1738794 0.1667858 0.1873169 0.1825829 0.1954557 0.1690689 0.1783612 0.1742905 0.1714400 0.1645319 0.1604171 0.1304475 0.1338104 0.1410797 0.1380916 0.1533444 0.1381051 0.1414526 0.1376553 0.1380570 0.1376157 0.1487740 0.1636290 0.1674240 0.1488915 0.1578582 0.1403089 0.1368711 0.1316963 0.1449706 0.0000000 0.3066647 0.3111201 0.2705584 0.2943562 0.3043154 0.2609545 0.2630463 0.2963860 0.5091556 0.3304806 0.3882601 0.3720850 0.3173007 
Dicamptodontidae  0.1975154 0.1925224 0.2089578 0.1925437 0.1925224 0.1883041 0.1933047 0.1919843 0.1848596 0.2022741 0.1896162 0.2024664 0.1952980 0.1888736 0.2002898 0.1772462 0.1726435 0.1697045 0.1872921 0.1908367 0.1987344 0.1957709 0.2044941 0.1958006 0.1993045 0.1951083 0.1957196 0.1950499 0.1950424 0.2389265 0.2794145 0.2272741 0.3106262 0.2561930 0.2608501 0.2483049 0.2675464 0.3066647 0.0000000 0.2571903 0.2247344 0.2352035 0.2470460 0.2248613 0.2176354 0.2457590 0.4321475 0.3171514 0.3447522 0.3393901 0.3420199 
Alytidae          0.2129314 0.2121140 0.2203455 0.2121351 0.2121140 0.1905634 0.2203552 0.2195796 0.2121502 0.2392111 0.2218467 0.2387229 0.2178361 0.2291647 0.2367290 0.2100305 0.2049439 0.2019562 0.2188418 0.2225366 0.2309096 0.2279318 0.2410857 0.2279731 0.2316108 0.2271197 0.2278700 0.2270493 0.2316016 0.2409100 0.2944154 0.2301178 0.2842608 0.2752221 0.2711978 0.2623766 0.2731258 0.3111201 0.2571903 0.0000000 0.2163285 0.2297204 0.2293551 0.2091444 0.2181271 0.2412150 0.5054384 0.3255355 0.4059945 0.4043290 0.4137010 
Heleophrynidae    0.1861312 0.1771257 0.1974425 0.1812882 0.1736606 0.1771257 0.1890431 0.1807529 0.1737048 0.1944034 0.1813130 0.1988945 0.1917224 0.1847278 0.1966780 0.1672955 0.1668017 0.1638319 0.1830981 0.1866254 0.1944669 0.1915039 0.2000885 0.1915322 0.1950208 0.1908597 0.1914539 0.1908028 0.1950133 0.2152963 0.2659138 0.2073974 0.2512764 0.2648903 0.2609836 0.2484025 0.2456784 0.2705584 0.2247344 0.2163285 0.0000000 0.0942432 0.1028859 0.0911060 0.0881848 0.1151591 0.4111586 0.2860637 0.3531193 0.3573011 0.3659530 
Leptodactylidae   0.1944250 0.1852373 0.1979685 0.1817622 0.1817406 0.1852373 0.1930612 0.1966650 0.1817872 0.2108023 0.1972739 0.2151295 0.1999991 0.2014418 0.1936807 0.1794531 0.1789156 0.1759413 0.2072348 0.2108407 0.2189603 0.2160140 0.2287419 0.2160505 0.2196055 0.2152658 0.2159567 0.2152005 0.2277734 0.2443183 0.2677197 0.2124130 0.2703379 0.2830921 0.2703587 0.2665299 0.2722439 0.2943562 0.2352035 0.2297204 0.0942432 0.0000000 0.0359057 0.0948558 0.0884223 0.1154697 0.4274610 0.3061782 0.3571907 0.3614305 0.3672961 
Strabomantidae    0.1977806 0.1883778 0.2094656 0.1927049 0.1848151 0.1883778 0.1963652 0.2000400 0.1848634 0.2145180 0.2006713 0.2188766 0.2034345 0.2049317 0.2006124 0.1825058 0.1819485 0.1789277 0.2146258 0.2183083 0.2266347 0.2236518 0.2367238 0.2236916 0.2273193 0.2228587 0.2235913 0.2227897 0.2356970 0.2526713 0.2707984 0.2191786 0.2795532 0.2925047 0.2884304 0.2706729 0.2814293 0.3043154 0.2470460 0.2293551 0.1028859 0.0359057 0.0000000 0.0927275 0.0862203 0.1169338 0.4463910 0.3123897 0.3735356 0.3778905 0.3859298 
Micrixalidae      0.1703661 0.1616822 0.1657830 0.1577984 0.1582700 0.1616822 0.1732897 0.1727206 0.1583098 0.1860884 0.1732361 0.1830489 0.1725579 0.1772252 0.1807556 0.1470640 0.1466441 0.1509698 0.1749311 0.1784257 0.1861606 0.1831984 0.1952618 0.1832240 0.1866839 0.1825893 0.1831510 0.1825353 0.1944682 0.2016187 0.2536248 0.1874022 0.2391393 0.2433720 0.2395419 0.2391385 0.2365512 0.2609545 0.2248613 0.2091444 0.0911060 0.0948558 0.0927275 0.0000000 0.0391492 0.0673172 0.4240865 0.2734885 0.3355932 0.3397474 0.3188895 
Hemisotidae       0.1751076 0.1662875 0.1780309 0.1623539 0.1628441 0.1662875 0.1780405 0.1774497 0.1628854 0.1867703 0.1779853 0.1878728 0.1807529 0.1820279 0.1855918 0.1564822 0.1560241 0.1605087 0.1797483 0.1832759 0.1911044 0.1881301 0.2003501 0.1881574 0.1916481 0.1874978 0.1880810 0.1874418 0.1995269 0.2067462 0.2556185 0.1923926 0.2363558 0.2406440 0.2368009 0.2363546 0.2337907 0.2630463 0.2176354 0.2181271 0.0881848 0.0884223 0.0862203 0.0391492 0.0000000 0.0644108 0.4177141 0.2796314 0.3384579 0.3426528 0.3217468 
Asterophryidae    0.1933009 0.1841873 0.1961850 0.1801614 0.1807133 0.1841873 0.1961945 0.1955345 0.1807594 0.2095548 0.1961345 0.2018443 0.1988476 0.2002707 0.2038722 0.1743550 0.1738395 0.1784896 0.1988592 0.2024333 0.2104456 0.2074966 0.2074902 0.2075301 0.2110577 0.2067861 0.2074420 0.2067238 0.2191183 0.2300722 0.2669404 0.2074712 0.2551050 0.2724671 0.2685505 0.2599009 0.2618601 0.2963860 0.2457590 0.2412150 0.1151591 0.1154697 0.1169338 0.0673172 0.0644108 0.0000000 0.4202460 0.3093442 0.3754481 0.3888493 0.3366892 
Caeciliidae2      0.4054445 0.4076759 0.4247205 0.4018125 0.3930659 0.4076759 0.4018463 0.4079516 0.3992034 0.4365286 0.4175077 0.4267478 0.4222108 0.4093133 0.4308128 0.3931503 0.3916058 0.3992182 0.3904875 0.3843905 0.4051956 0.4025611 0.4001933 0.3921903 0.4006766 0.4008128 0.4024408 0.4006766 0.4022834 0.4261027 0.4934845 0.4389950 0.4977138 0.4504173 0.4458784 0.4559299 0.4836039 0.5091556 0.4321475 0.5054384 0.4111586 0.4274610 0.4463910 0.4240865 0.4177141 0.4202460 0.0000000 0.5467333 0.6327496 0.6294842 0.6350173 
Polypteriformes   0.2318347 0.2227375 0.2318617 0.2309525 0.2309325 0.2263741 0.2439999 0.2384738 0.2309698 0.2492685 0.2355015 0.2403103 0.2418952 0.2483448 0.2429379 0.2288895 0.2252762 0.2252149 0.2259700 0.2213865 0.2380802 0.2351254 0.2483539 0.2267824 0.2388062 0.2342850 0.2350616 0.2342124 0.2387967 0.2731504 0.3309756 0.2549552 0.3154986 0.2993236 0.2862404 0.2825860 0.2872456 0.3304806 0.3171514 0.3255355 0.2860637 0.3061782 0.3123897 0.2734885 0.2796314 0.3093442 0.5467333 0.0000000 0.2850797 0.2802461 0.3016648 
Channichthyidae   0.3127905 0.3114611 0.3180169 0.3114764 0.3114611 0.3023286 0.3262267 0.3195835 0.3024127 0.3231974 0.3139343 0.3366406 0.3231362 0.3258445 0.3062980 0.2857573 0.3038937 0.2985981 0.2916097 0.2955002 0.3046641 0.3018131 0.3070458 0.2927371 0.3056699 0.3006521 0.3017281 0.3005556 0.3096901 0.3309559 0.3313937 0.2966186 0.3678744 0.3731048 0.3629595 0.3464093 0.3675150 0.3882601 0.3447522 0.4059945 0.3531193 0.3571907 0.3735356 0.3355932 0.3384579 0.3754481 0.6327496 0.2850797 0.0000000 0.0204099 0.3992817 
Pseudaphritidae   0.2895847 0.2883824 0.2985910 0.2883989 0.2883824 0.2795158 0.3026628 0.2963465 0.2884216 0.3047034 0.2906182 0.3130201 0.2998672 0.3073985 0.2834104 0.2807977 0.2898096 0.2846453 0.2776940 0.2815401 0.2905320 0.2876583 0.2979799 0.2787502 0.2914747 0.2865700 0.2875780 0.2864787 0.2954452 0.3201809 0.3315124 0.2825917 0.3680046 0.3633795 0.3533455 0.3367686 0.3519695 0.3720850 0.3393901 0.4043290 0.3573011 0.3614305 0.3778905 0.3397474 0.3426528 0.3888493 0.6294842 0.2802461 0.0204099 0.0000000 0.3828650 
Carcharhinidae    0.2456830 0.2570817 0.2757598 0.2571005 0.2484415 0.2522228 0.2670772 0.2562797 0.2532382 0.2766050 0.2619478 0.2580539 0.2684752 0.2755291 0.2522621 0.2502787 0.2514135 0.2464786 0.2426405 0.2464481 0.2551877 0.2522079 0.2571390 0.2522587 0.2559953 0.2512744 0.2521376 0.2511945 0.2647870 0.2785869 0.3381396 0.2522478 0.3224654 0.3019006 0.2886801 0.2890876 0.2829064 0.3173007 0.3420199 0.4137010 0.3659530 0.3672961 0.3859298 0.3188895 0.3217468 0.3366892 0.6350173 0.3016648 0.3992817 0.3828650 0.0000000 
