51
Pitheciidae       0.0000000 0.0754113 0.0523802 0.0536453 0.0687876 0.0537477 0.0769418 0.0643216 0.0742796 0.0867669 0.0822353 0.0726380 0.0685422 0.0551236 0.0906525 0.2602562 0.2780798 0.2563379 0.9929369 0.8753144 0.9080419 0.8972206 0.8115353 0.8823639 0.8821337 0.8822406 0.8076340 0.8261746 0.8914187 0.6145443 0.7271394 0.7640761 0.8596554 0.6860527 0.6649743 0.6632897 0.7071234 0.8593683 0.5563029 0.5820011 0.6580278 0.6482567 0.6620175 0.7261950 0.6901417 0.6768217 0.8603028 1.1035417 1.2882665 1.2770964 1.5878651 
Scandentia        0.0754113 0.0000000 0.0770652 0.0810886 0.0998433 0.0783667 0.1039699 0.0920946 0.0984096 0.1098921 0.1138236 0.0950611 0.0882139 0.0798383 0.1153310 0.2786286 0.2962359 0.2817974 1.0055848 0.8686379 0.9006918 0.8789759 0.7927377 0.8622564 0.8655309 0.8777229 0.8055239 0.8128026 0.9256665 0.6512677 0.7559902 0.7830764 0.8579120 0.6811253 0.6548034 0.6333388 0.7135187 0.8423492 0.5767864 0.6002390 0.6522416 0.6416778 0.6604872 0.7081777 0.6843665 0.6809557 0.8804057 1.1278381 1.2989151 1.2866029 1.6863330 
Erethizontidae    0.0523802 0.0770652 0.0000000 0.0086448 0.0689182 0.0485075 0.0785745 0.0658780 0.0704499 0.0898248 0.0895381 0.0729286 0.0714879 0.0553163 0.0866483 0.2606763 0.2768237 0.2550689 0.9793874 0.8656173 0.9035564 0.8855344 0.8049089 0.8582195 0.8649864 0.8708172 0.7974136 0.8213531 0.8869908 0.6259686 0.7383861 0.7702343 0.8669851 0.6898164 0.6539532 0.6492094 0.7236082 0.8502539 0.5478367 0.5620742 0.6434449 0.6466820 0.6551952 0.7203465 0.6924697 0.6808457 0.8694909 1.0955508 1.2776651 1.2664913 1.5498987 
Capromyidae       0.0536453 0.0810886 0.0086448 0.0000000 0.0702022 0.0497725 0.0798654 0.0671540 0.0744599 0.0911242 0.0908332 0.0742136 0.0727707 0.0565895 0.0894774 0.2678718 0.2770921 0.2639506 0.9807732 0.8667801 0.9078086 0.8903785 0.8059457 0.8593723 0.8661492 0.8719830 0.7984422 0.8224289 0.8817110 0.6222646 0.7393019 0.7657940 0.8582757 0.6937670 0.6578240 0.6506975 0.7218892 0.8442406 0.5533325 0.5624070 0.6418189 0.6449736 0.6534697 0.7155777 0.6933721 0.6737207 0.8708935 1.0931912 1.2575862 1.2519396 1.5864298 
Muridae           0.0687876 0.0998433 0.0689182 0.0702022 0.0000000 0.0661487 0.0986553 0.0882114 0.0987354 0.1086339 0.1056766 0.0941686 0.0912510 0.0759667 0.1099853 0.2985157 0.3182803 0.2990368 1.0249334 0.9208120 0.9729711 0.9470945 0.8589371 0.9375230 0.9407653 0.9279616 0.8523061 0.8850578 0.9495104 0.6675262 0.7454944 0.8037761 0.8929424 0.7269268 0.7018658 0.6906805 0.7624809 0.8950047 0.5952805 0.6015032 0.6796322 0.6804214 0.6892118 0.7370839 0.7273350 0.7046209 0.8904835 1.1502699 1.3016078 1.2913012 1.6313589 
Castoridae        0.0537477 0.0783667 0.0485075 0.0497725 0.0661487 0.0000000 0.0771700 0.0645078 0.0772316 0.0911743 0.0825997 0.0742255 0.0714705 0.0526294 0.0907270 0.2690545 0.2871921 0.2669875 1.0280166 0.8864759 0.9190782 0.9073998 0.8180165 0.8867180 0.9024126 0.8864676 0.8136377 0.8423193 0.8944327 0.6336797 0.7127365 0.7552662 0.8318001 0.6826260 0.6466877 0.6403678 0.7032068 0.8643013 0.5702907 0.5779708 0.6524247 0.6449687 0.6558013 0.7043867 0.6906679 0.6794548 0.8870540 1.1316891 1.2829583 1.2705846 1.5866280 
Suidae            0.0769418 0.1039699 0.0785745 0.0798654 0.0986553 0.0771700 0.0000000 0.0577960 0.0676535 0.0981215 0.0965644 0.0879882 0.0810517 0.0673756 0.1036139 0.2781856 0.2868471 0.2700078 0.9703659 0.8932646 0.9090065 0.9217035 0.8368121 0.8906056 0.8898567 0.8999381 0.8207157 0.8520638 0.8957061 0.6275341 0.7116268 0.7434702 0.8243690 0.6911624 0.6541101 0.6336915 0.7021510 0.8654400 0.5638597 0.5641694 0.6386116 0.6472475 0.6578973 0.7304521 0.7056730 0.6777457 0.8794136 1.1067984 1.2818089 1.2877555 1.5759443 
Hippopotamidae    0.0643216 0.0920946 0.0658780 0.0671540 0.0882114 0.0645078 0.0577960 0.0000000 0.0524332 0.0933997 0.0889780 0.0792076 0.0723632 0.0576075 0.0945434 0.2592375 0.2751568 0.2570349 0.9677956 0.8550920 0.8857852 0.8851378 0.8005144 0.8673389 0.8768605 0.8799234 0.8000045 0.8215261 0.8620977 0.6108099 0.7079334 0.7567794 0.8387854 0.6755991 0.6440586 0.6374465 0.6831400 0.8469132 0.5542668 0.5713081 0.6410376 0.6430289 0.6579761 0.7166856 0.6814757 0.6776520 0.8666930 1.0918384 1.2635325 1.2748203 1.5931448 
Hyperoodontidae   0.0742796 0.0984096 0.0704499 0.0744599 0.0987354 0.0772316 0.0676535 0.0524332 0.0000000 0.1011598 0.0980270 0.0866963 0.0783790 0.0606395 0.0994551 0.2658889 0.2919929 0.2671546 0.9547549 0.8587045 0.8737963 0.8637969 0.8037268 0.8585178 0.8748777 0.8748899 0.7969874 0.8062076 0.8638002 0.6388697 0.7271187 0.7711825 0.8439056 0.6829904 0.6636105 0.6430711 0.6964741 0.8715480 0.5565070 0.5627480 0.6512307 0.6521179 0.6655667 0.7166182 0.7033170 0.6724250 0.8688024 1.1410815 1.2688454 1.2745648 1.6307889 
Vespertilionidae  0.0867669 0.1098921 0.0898248 0.0911242 0.1086339 0.0911743 0.0981215 0.0933997 0.1011598 0.0000000 0.0782466 0.0809473 0.0894893 0.0756796 0.1138474 0.2922101 0.3162342 0.2867317 0.9819443 0.8787921 0.8967876 0.9027624 0.8109458 0.8896365 0.8837492 0.8872050 0.8192727 0.8471877 0.8979823 0.6528607 0.7449369 0.7618081 0.8627957 0.6978059 0.6475375 0.6451959 0.7150384 0.8767848 0.5834800 0.6009359 0.6707043 0.6913912 0.7042713 0.7565813 0.7131558 0.7008284 0.9136743 1.1171403 1.3605901 1.3587509 1.5894331 
Furipteridae      0.0822353 0.1138236 0.0895381 0.0908332 0.1056766 0.0825997 0.0965644 0.0889780 0.0980270 0.0782466 0.0000000 0.0794562 0.0892440 0.0754425 0.1078464 0.2889592 0.2987489 0.2731617 0.9900239 0.8689989 0.8842451 0.8730234 0.7957938 0.8586390 0.8720637 0.8650670 0.7885543 0.8157552 0.8968958 0.6247813 0.6931495 0.7313378 0.8347531 0.6923007 0.6610121 0.6512640 0.7186850 0.8699052 0.5718884 0.5836866 0.6651755 0.6604684 0.6849943 0.7382631 0.7059578 0.6711129 0.8732288 1.1005599 1.3593641 1.3651397 1.6031290 
Rhinolophidae     0.0726380 0.0950611 0.0729286 0.0742136 0.0941686 0.0742255 0.0879882 0.0792076 0.0866963 0.0809473 0.0794562 0.0000000 0.0808163 0.0618302 0.1046871 0.2770346 0.2952610 0.2821426 0.9432006 0.8738120 0.9055873 0.9038062 0.8276507 0.8869972 0.8859862 0.8925572 0.8238086 0.8395544 0.9069540 0.6406362 0.7107367 0.7569136 0.8485597 0.6887001 0.6646806 0.6602746 0.7278253 0.8653698 0.5915116 0.6065814 0.6710786 0.6778163 0.6949390 0.7531021 0.7046361 0.6957435 0.8709641 1.1317245 1.3440948 1.3315666 1.5591553 
Viverridae        0.0685422 0.0882139 0.0714879 0.0727707 0.0912510 0.0714705 0.0810517 0.0723632 0.0783790 0.0894893 0.0892440 0.0808163 0.0000000 0.0456945 0.1004026 0.2730995 0.2961232 0.2776861 0.9834736 0.8645025 0.9166106 0.8956001 0.8219898 0.8840146 0.8743170 0.8901954 0.8122804 0.8312669 0.8757604 0.6512800 0.7233355 0.7761300 0.8172493 0.6766417 0.6468373 0.6327398 0.7122726 0.8557987 0.5642366 0.5679028 0.6443501 0.6500463 0.6726491 0.7090157 0.6843400 0.6573944 0.8627540 1.1342293 1.3131819 1.3203419 1.5853502 
Procyonidae       0.0551236 0.0798383 0.0553163 0.0565895 0.0759667 0.0526294 0.0673756 0.0576075 0.0606395 0.0756796 0.0754425 0.0618302 0.0456945 0.0000000 0.0823115 0.2613675 0.2750468 0.2535936 0.9931635 0.8764097 0.9150775 0.8868204 0.8144025 0.8860586 0.8886006 0.8858835 0.8105192 0.8358142 0.8675347 0.6311743 0.7131680 0.7584996 0.8359749 0.6886132 0.6426594 0.6388490 0.7023897 0.8562842 0.5526455 0.5583444 0.6277793 0.6347445 0.6487268 0.6824331 0.6723048 0.6557306 0.8306034 1.1082458 1.2704418 1.2632664 1.5589028 
Myrmecophagidae   0.0906525 0.1153310 0.0866483 0.0894774 0.1099853 0.0907270 0.1036139 0.0945434 0.0994551 0.1138474 0.1078464 0.1046871 0.1004026 0.0823115 0.0000000 0.2703492 0.2886539 0.2801185 1.0142375 0.8763070 0.8946587 0.9063147 0.8351474 0.8760380 0.8884715 0.8879811 0.8069009 0.8322153 0.9066528 0.6491623 0.7456459 0.7642494 0.8387259 0.7013493 0.6669919 0.6754224 0.7295269 0.9011415 0.5789565 0.5628801 0.6424872 0.6401403 0.6512642 0.7040307 0.7055561 0.6745761 0.8566409 1.0478863 1.2745646 1.2759289 1.5946382 
Caluromyidae      0.2602562 0.2786286 0.2606763 0.2678718 0.2985157 0.2690545 0.2781856 0.2592375 0.2658889 0.2922101 0.2889592 0.2770346 0.2730995 0.2613675 0.2703492 0.0000000 0.1843116 0.1738546 1.1021486 1.0017108 0.9968051 0.9763237 0.8920941 0.9757753 0.9378916 0.9967034 0.9159416 0.9518404 1.0075484 0.7415294 0.8295512 0.8945963 0.9135667 0.7608392 0.7177371 0.7057942 0.7873329 0.9739845 0.7119184 0.7054095 0.7412661 0.7588076 0.8010777 0.8128030 0.8586069 0.7860973 1.0096834 1.2421817 1.5845447 1.5331950 1.5572101 
Thylacomyidae     0.2780798 0.2962359 0.2768237 0.2770921 0.3182803 0.2871921 0.2868471 0.2751568 0.2919929 0.3162342 0.2987489 0.2952610 0.2961232 0.2750468 0.2886539 0.1843116 0.0000000 0.1677482 1.1433904 1.0084012 1.0523202 1.0208038 0.9280457 0.9927135 0.9726693 1.0305575 0.9188668 0.9722025 1.0359558 0.7490453 0.8419981 0.8876097 0.8527269 0.7742072 0.7581572 0.7248971 0.7931438 0.9147937 0.7404155 0.7352376 0.7653318 0.7883853 0.8218409 0.8469871 0.8571544 0.8302533 1.0218187 1.2032667 1.4553752 1.4248817 1.5678300 
Phalangeridae     0.2563379 0.2817974 0.2550689 0.2639506 0.2990368 0.2669875 0.2700078 0.2570349 0.2671546 0.2867317 0.2731617 0.2821426 0.2776861 0.2535936 0.2801185 0.1738546 0.1677482 0.0000000 1.1345702 1.0123742 1.0164299 1.0044361 0.9179689 0.9993366 0.9611038 1.0288069 0.9367462 0.9393091 1.0424259 0.7461078 0.9028766 0.9466626 0.9151643 0.7803858 0.7775995 0.7343539 0.8102246 0.9342028 0.7177619 0.6996335 0.7439437 0.7604937 0.7769007 0.8245784 0.8047345 0.7823857 0.9936151 1.2786661 1.4993277 1.4374341 1.6014147 
Tityridae         0.9929369 1.0055848 0.9793874 0.9807732 1.0249334 1.0280166 0.9703659 0.9677956 0.9547549 0.9819443 0.9900239 0.9432006 0.9834736 0.9931635 1.0142375 1.1021486 1.1433904 1.1345702 0.0000000 0.3697078 0.3826954 0.3941125 0.3701148 0.4100263 0.3956578 0.3898528 0.3884580 0.3488282 0.5612668 0.7941856 1.0205934 1.0173518 1.0952708 1.0289830 0.9970875 0.9788881 1.1392931 1.2125184 1.0478104 1.1460059 1.0751510 1.0653071 1.2271933 1.1707253 1.2118922 1.1080121 1.3731047 1.6859040 1.9904856 1.9755646 2.3587786 
Ptilonorhynchidae 0.8753144 0.8686379 0.8656173 0.8667801 0.9208120 0.8864759 0.8932646 0.8550920 0.8587045 0.8787921 0.8689989 0.8738120 0.8645025 0.8764097 0.8763070 1.0017108 1.0084012 1.0123742 0.3697078 0.0000000 0.2302562 0.2409972 0.2051029 0.2307207 0.2292196 0.2343610 0.2158032 0.1906460 0.4530704 0.7222713 0.9095085 0.9386627 1.0251767 0.9253798 0.8701641 0.8866047 0.9634514 1.1272804 0.9376501 1.0252185 1.0218887 1.0039924 1.0974752 1.0831677 1.1254917 1.0635671 1.2825156 1.5899307 1.8265840 1.8271486 2.2798875 
Callaeatidae      0.9080419 0.9006918 0.9035564 0.9078086 0.9729711 0.9190782 0.9090065 0.8857852 0.8737963 0.8967876 0.8842451 0.9055873 0.9166106 0.9150775 0.8946587 0.9968051 1.0523202 1.0164299 0.3826954 0.2302562 0.0000000 0.1917180 0.1543818 0.2054886 0.1984281 0.2077337 0.1913190 0.1536683 0.4634494 0.7172058 0.9329980 0.9943511 1.0319627 0.9482800 0.9218517 0.8719914 0.9988528 1.2075701 0.9549688 1.0411856 1.0444863 1.0501847 1.1654457 1.0859917 1.1331055 1.0493273 1.2811586 1.6269396 1.8708961 1.8696648 2.2095446 
Monarchidae       0.8972206 0.8789759 0.8855344 0.8903785 0.9470945 0.9073998 0.9217035 0.8851378 0.8637969 0.9027624 0.8730234 0.9038062 0.8956001 0.8868204 0.9063147 0.9763237 1.0208038 1.0044361 0.3941125 0.2409972 0.1917180 0.0000000 0.1324638 0.2043108 0.2049524 0.2140223 0.1943307 0.1715961 0.4390295 0.7200036 0.8846682 0.9280549 1.0394038 0.9436441 0.8825773 0.8480974 1.0250038 1.1772723 0.9842827 1.0305643 0.9858908 1.0310005 1.1313428 1.0451810 1.1118947 1.0644900 1.2974206 1.6220163 1.7800282 1.7684181 2.1602578 
Malaconotidae     0.8115353 0.7927377 0.8049089 0.8059457 0.8589371 0.8180165 0.8368121 0.8005144 0.8037268 0.8109458 0.7957938 0.8276507 0.8219898 0.8144025 0.8351474 0.8920941 0.9280457 0.9179689 0.3701148 0.2051029 0.1543818 0.1324638 0.0000000 0.1734661 0.1649078 0.1844792 0.1566994 0.1309096 0.4380099 0.6823687 0.8388486 0.9289803 0.9776767 0.9115453 0.8706431 0.8454818 0.9766830 1.0851432 0.9010755 0.9570596 0.9860274 0.9719786 1.0937679 1.0096234 1.0414088 1.0089435 1.2341623 1.5519564 1.7401630 1.7535404 2.1014324 
Certhiidae        0.8823639 0.8622564 0.8582195 0.8593723 0.9375230 0.8867180 0.8906056 0.8673389 0.8585178 0.8896365 0.8586390 0.8869972 0.8840146 0.8860586 0.8760380 0.9757753 0.9927135 0.9993366 0.4100263 0.2307207 0.2054886 0.2043108 0.1734661 0.0000000 0.1602148 0.1730706 0.1507533 0.1435800 0.4961165 0.7198617 0.9009396 0.9471740 0.9996965 0.9150203 0.8814027 0.8334812 0.9656938 1.1744311 0.9743503 1.0386333 0.9989953 1.0031788 1.0667795 1.0750960 1.1164509 0.9966951 1.2540501 1.5385752 1.8037641 1.7985535 2.3283217 
Cinclidae         0.8821337 0.8655309 0.8649864 0.8661492 0.9407653 0.9024126 0.8898567 0.8768605 0.8748777 0.8837492 0.8720637 0.8859862 0.8743170 0.8886006 0.8884715 0.9378916 0.9726693 0.9611038 0.3956578 0.2292196 0.1984281 0.2049524 0.1649078 0.1602148 0.0000000 0.1694526 0.1436098 0.1440441 0.4745110 0.6964775 0.8836735 0.9280046 0.9939081 0.9275372 0.8953600 0.8651736 0.9410889 1.1553229 0.9612838 1.0333107 1.0019768 0.9991911 1.1145645 1.0694909 1.1237394 1.0372716 1.2655389 1.5476732 1.8142802 1.7864272 2.3907278 
Ploceidae         0.8822406 0.8777229 0.8708172 0.8719830 0.9279616 0.8864676 0.8999381 0.8799234 0.8748899 0.8872050 0.8650670 0.8925572 0.8901954 0.8858835 0.8879811 0.9967034 1.0305575 1.0288069 0.3898528 0.2343610 0.2077337 0.2140223 0.1844792 0.1730706 0.1694526 0.0000000 0.1078733 0.1479626 0.4664734 0.7381521 0.9065734 0.9598699 0.9917641 0.8899098 0.8784217 0.8608699 0.9408990 1.1712399 0.9364145 0.9967293 1.0291184 1.0320727 1.0984020 1.0709765 1.1389939 1.0691152 1.2058501 1.5774238 1.9004002 1.9110149 2.3280717 
Thraupidae        0.8076340 0.8055239 0.7974136 0.7984422 0.8523061 0.8136377 0.8207157 0.8000045 0.7969874 0.8192727 0.7885543 0.8238086 0.8122804 0.8105192 0.8069009 0.9159416 0.9188668 0.9367462 0.3884580 0.2158032 0.1913190 0.1943307 0.1566994 0.1507533 0.1436098 0.1078733 0.0000000 0.1405783 0.4577852 0.6854981 0.8854942 0.9311579 0.9855921 0.8905936 0.8501707 0.8407059 0.9294532 1.1401776 0.9468687 0.9633633 0.9902091 0.9536888 1.0646411 0.9973599 1.0867335 1.0023244 1.2147262 1.5167741 1.7713938 1.7776412 2.2999717 
Alaudidae         0.8261746 0.8128026 0.8213531 0.8224289 0.8850578 0.8423193 0.8520638 0.8215261 0.8062076 0.8471877 0.8157552 0.8395544 0.8312669 0.8358142 0.8322153 0.9518404 0.9722025 0.9393091 0.3488282 0.1906460 0.1536683 0.1715961 0.1309096 0.1435800 0.1440441 0.1479626 0.1405783 0.0000000 0.4364727 0.7082508 0.9087009 0.9489812 0.9738792 0.8750980 0.8417216 0.8049217 0.9687137 1.1438516 0.9333651 1.0165706 0.9638487 0.9741059 1.0875831 1.0267155 1.0768401 1.0343535 1.2149801 1.5411704 1.8465369 1.8533695 2.2167199 
Coraciiformes     0.8914187 0.9256665 0.8869908 0.8817110 0.9495104 0.8944327 0.8957061 0.8620977 0.8638002 0.8979823 0.8968958 0.9069540 0.8757604 0.8675347 0.9066528 1.0075484 1.0359558 1.0424259 0.5612668 0.4530704 0.4634494 0.4390295 0.4380099 0.4961165 0.4745110 0.4664734 0.4577852 0.4364727 0.0000000 0.7959797 0.9654779 1.0427231 1.0886741 0.9464730 0.9430181 0.8958646 0.9925585 1.1456847 1.0571088 1.0651868 1.0707166 1.0921298 1.2017731 1.2241392 1.2623030 1.1897991 1.3123441 1.6007800 1.9552375 1.8955325 2.1542573 
Crocodylidae      0.6145443 0.6512677 0.6259686 0.6222646 0.6675262 0.6336797 0.6275341 0.6108099 0.6388697 0.6528607 0.6247813 0.6406362 0.6512800 0.6311743 0.6491623 0.7415294 0.7490453 0.7461078 0.7941856 0.7222713 0.7172058 0.7200036 0.6823687 0.7198617 0.6964775 0.7381521 0.6854981 0.7082508 0.7959797 0.0000000 0.6154292 0.6071700 0.8112838 0.6845271 0.6392545 0.6516541 0.7053248 0.9501167 0.7590201 0.7898694 0.8424923 0.7892549 0.8084551 0.9484834 0.9260109 0.8768297 1.1667431 1.5109058 1.7833550 1.6858977 1.9305367 
Carettochelyidae  0.7271394 0.7559902 0.7383861 0.7393019 0.7454944 0.7127365 0.7116268 0.7079334 0.7271187 0.7449369 0.6931495 0.7107367 0.7233355 0.7131680 0.7456459 0.8295512 0.8419981 0.9028766 1.0205934 0.9095085 0.9329980 0.8846682 0.8388486 0.9009396 0.8836735 0.9065734 0.8854942 0.9087009 0.9654779 0.6154292 0.0000000 0.5702713 0.8872933 0.7972292 0.7315562 0.7368523 0.8127058 0.9954057 0.8959874 0.8927151 0.9414699 1.0329536 1.0674181 1.1156133 1.0048023 1.0518370 1.2549986 1.5737529 1.6988571 1.7208605 1.9351666 
Kinosternidae     0.7640761 0.7830764 0.7702343 0.7657940 0.8037761 0.7552662 0.7434702 0.7567794 0.7711825 0.7618081 0.7313378 0.7569136 0.7761300 0.7584996 0.7642494 0.8945963 0.8876097 0.9466626 1.0173518 0.9386627 0.9943511 0.9280549 0.9289803 0.9471740 0.9280046 0.9598699 0.9311579 0.9489812 1.0427231 0.6071700 0.5702713 0.0000000 0.9266742 0.8145648 0.7883542 0.7979917 0.8756415 1.1461408 0.8893697 0.8955035 0.9303340 1.0432197 1.0720424 1.1119002 1.1261406 1.0484264 1.2538431 1.5326202 1.7536825 1.7611277 2.0767053 
Anomalepididae    0.8596554 0.8579120 0.8669851 0.8582757 0.8929424 0.8318001 0.8243690 0.8387854 0.8439056 0.8627957 0.8347531 0.8485597 0.8172493 0.8359749 0.8387259 0.9135667 0.8527269 0.9151643 1.0952708 1.0251767 1.0319627 1.0394038 0.9776767 0.9996965 0.9939081 0.9917641 0.9855921 0.9738792 1.0886741 0.8112838 0.8872933 0.9266742 0.0000000 0.4931999 0.4804528 0.4798019 0.5600860 0.7961870 0.9309354 0.8517161 0.9325757 0.9352286 0.9483960 1.0722617 0.9747578 0.9973157 1.2418059 1.5628710 1.8632747 1.8752442 2.0471497 
Loxocemidae       0.6860527 0.6811253 0.6898164 0.6937670 0.7269268 0.6826260 0.6911624 0.6755991 0.6829904 0.6978059 0.6923007 0.6887001 0.6766417 0.6886132 0.7013493 0.7608392 0.7742072 0.7803858 1.0289830 0.9253798 0.9482800 0.9436441 0.9115453 0.9150203 0.9275372 0.8899098 0.8905936 0.8750980 0.9464730 0.6845271 0.7972292 0.8145648 0.4931999 0.0000000 0.2630141 0.3390367 0.4638203 0.7083676 0.7998619 0.8096300 0.8887854 0.8566934 0.8730170 0.9882578 0.9059155 0.9494396 1.1288317 1.3809480 1.5330703 1.5072852 1.9720466 
Natricidae        0.6649743 0.6548034 0.6539532 0.6578240 0.7018658 0.6466877 0.6541101 0.6440586 0.6636105 0.6475375 0.6610121 0.6646806 0.6468373 0.6426594 0.6669919 0.7177371 0.7581572 0.7775995 0.9970875 0.8701641 0.9218517 0.8825773 0.8706431 0.8814027 0.8953600 0.8784217 0.8501707 0.8417216 0.9430181 0.6392545 0.7315562 0.7883542 0.4804528 0.2630141 0.0000000 0.3093651 0.4521244 0.7503439 0.8028911 0.7725550 0.8243442 0.8368220 0.8257443 0.9033686 0.9126761 0.9053633 1.0705886 1.3240336 1.5675887 1.5330617 1.9056465 
Xenosauridae      0.6632897 0.6333388 0.6492094 0.6506975 0.6906805 0.6403678 0.6336915 0.6374465 0.6430711 0.6451959 0.6512640 0.6602746 0.6327398 0.6388490 0.6754224 0.7057942 0.7248971 0.7343539 0.9788881 0.8866047 0.8719914 0.8480974 0.8454818 0.8334812 0.8651736 0.8608699 0.8407059 0.8049217 0.8958646 0.6516541 0.7368523 0.7979917 0.4798019 0.3390367 0.3093651 0.0000000 0.4316843 0.7329292 0.8049175 0.7880424 0.8099479 0.8450833 0.8496289 0.9046991 0.8772638 0.8556538 1.0885246 1.4048607 1.5227016 1.4906271 2.0090447 
Teiidae           0.7071234 0.7135187 0.7236082 0.7218892 0.7624809 0.7032068 0.7021510 0.6831400 0.6964741 0.7150384 0.7186850 0.7278253 0.7122726 0.7023897 0.7295269 0.7873329 0.7931438 0.8102246 1.1392931 0.9634514 0.9988528 1.0250038 0.9766830 0.9656938 0.9410889 0.9408990 0.9294532 0.9687137 0.9925585 0.7053248 0.8127058 0.8756415 0.5600860 0.4638203 0.4521244 0.4316843 0.0000000 0.7891801 0.8161987 0.8607677 0.8815403 0.9093762 0.8656520 1.0208584 0.9560094 0.9052595 1.1375755 1.4844271 1.8422600 1.8689443 2.1013670 
Eublepharidae     0.8593683 0.8423492 0.8502539 0.8442406 0.8950047 0.8643013 0.8654400 0.8469132 0.8715480 0.8767848 0.8699052 0.8653698 0.8557987 0.8562842 0.9011415 0.9739845 0.9147937 0.9342028 1.2125184 1.1272804 1.2075701 1.1772723 1.0851432 1.1744311 1.1553229 1.1712399 1.1401776 1.1438516 1.1456847 0.9501167 0.9954057 1.1461408 0.7961870 0.7083676 0.7503439 0.7329292 0.7891801 0.0000000 1.0665622 1.0684476 1.1085826 1.0868509 1.1244985 1.1997119 1.1121229 1.1317094 1.4052915 1.6427219 1.9742697 1.8814776 2.3351356 
Dicamptodontidae  0.5563029 0.5767864 0.5478367 0.5533325 0.5952805 0.5702907 0.5638597 0.5542668 0.5565070 0.5834800 0.5718884 0.5915116 0.5642366 0.5526455 0.5789565 0.7119184 0.7404155 0.7177619 1.0478104 0.9376501 0.9549688 0.9842827 0.9010755 0.9743503 0.9612838 0.9364145 0.9468687 0.9333651 1.0571088 0.7590201 0.8959874 0.8893697 0.9309354 0.7998619 0.8028911 0.8049175 0.8161987 1.0665622 0.0000000 0.3621135 0.4752870 0.4595490 0.4993999 0.4916827 0.5066308 0.4298606 0.7114377 1.1214764 1.4342041 1.4045754 1.6803039 
Alytidae          0.5820011 0.6002390 0.5620742 0.5624070 0.6015032 0.5779708 0.5641694 0.5713081 0.5627480 0.6009359 0.5836866 0.6065814 0.5679028 0.5583444 0.5628801 0.7054095 0.7352376 0.6996335 1.1460059 1.0252185 1.0411856 1.0305643 0.9570596 1.0386333 1.0333107 0.9967293 0.9633633 1.0165706 1.0651868 0.7898694 0.8927151 0.8955035 0.8517161 0.8096300 0.7725550 0.7880424 0.8607677 1.0684476 0.3621135 0.0000000 0.3788400 0.3754546 0.4161675 0.4410371 0.4115555 0.3603774 0.6915696 1.0078793 1.3589495 1.3131691 1.6313454 
Heleophrynidae    0.6580278 0.6522416 0.6434449 0.6418189 0.6796322 0.6524247 0.6386116 0.6410376 0.6512307 0.6707043 0.6651755 0.6710786 0.6443501 0.6277793 0.6424872 0.7412661 0.7653318 0.7439437 1.0751510 1.0218887 1.0444863 0.9858908 0.9860274 0.9989953 1.0019768 1.0291184 0.9902091 0.9638487 1.0707166 0.8424923 0.9414699 0.9303340 0.9325757 0.8887854 0.8243442 0.8099479 0.8815403 1.1085826 0.4752870 0.3788400 0.0000000 0.3969337 0.4087991 0.4470779 0.4454629 0.4031920 0.7657703 1.1076438 1.4607543 1.3920632 1.7449935 
Leptodactylidae   0.6482567 0.6416778 0.6466820 0.6449736 0.6804214 0.6449687 0.6472475 0.6430289 0.6521179 0.6913912 0.6604684 0.6778163 0.6500463 0.6347445 0.6401403 0.7588076 0.7883853 0.7604937 1.0653071 1.0039924 1.0501847 1.0310005 0.9719786 1.0031788 0.9991911 1.0320727 0.9536888 0.9741059 1.0921298 0.7892549 1.0329536 1.0432197 0.9352286 0.8566934 0.8368220 0.8450833 0.9093762 1.0868509 0.4595490 0.3754546 0.3969337 0.0000000 0.1718907 0.4382242 0.4564316 0.3582119 0.8045971 1.1281991 1.5115598 1.4730370 1.9330163 
Strabomantidae    0.6620175 0.6604872 0.6551952 0.6534697 0.6892118 0.6558013 0.6578973 0.6579761 0.6655667 0.7042713 0.6849943 0.6949390 0.6726491 0.6487268 0.6512642 0.8010777 0.8218409 0.7769007 1.2271933 1.0974752 1.1654457 1.1313428 1.0937679 1.0667795 1.1145645 1.0984020 1.0646411 1.0875831 1.2017731 0.8084551 1.0674181 1.0720424 0.9483960 0.8730170 0.8257443 0.8496289 0.8656520 1.1244985 0.4993999 0.4161675 0.4087991 0.1718907 0.0000000 0.4745912 0.5116782 0.3926348 0.8338886 1.1130577 1.5924900 1.5384229 2.0612596 
Micrixalidae      0.7261950 0.7081777 0.7203465 0.7155777 0.7370839 0.7043867 0.7304521 0.7166856 0.7166182 0.7565813 0.7382631 0.7531021 0.7090157 0.6824331 0.7040307 0.8128030 0.8469871 0.8245784 1.1707253 1.0831677 1.0859917 1.0451810 1.0096234 1.0750960 1.0694909 1.0709765 0.9973599 1.0267155 1.2241392 0.9484834 1.1156133 1.1119002 1.0722617 0.9882578 0.9033686 0.9046991 1.0208584 1.1997119 0.4916827 0.4410371 0.4470779 0.4382242 0.4745912 0.0000000 0.3896487 0.3257416 0.7459164 1.2567495 1.6515837 1.5948716 1.8845739 
Hemisotidae       0.6901417 0.6843665 0.6924697 0.6933721 0.7273350 0.6906679 0.7056730 0.6814757 0.7033170 0.7131558 0.7059578 0.7046361 0.6843400 0.6723048 0.7055561 0.8586069 0.8571544 0.8047345 1.2118922 1.1254917 1.1331055 1.1118947 1.0414088 1.1164509 1.1237394 1.1389939 1.0867335 1.0768401 1.2623030 0.9260109 1.0048023 1.1261406 0.9747578 0.9059155 0.9126761 0.8772638 0.9560094 1.1121229 0.5066308 0.4115555 0.4454629 0.4564316 0.5116782 0.3896487 0.0000000 0.3277727 0.7776557 1.2533156 1.4540635 1.4294406 1.7211261 
Asterophryidae    0.6768217 0.6809557 0.6808457 0.6737207 0.7046209 0.6794548 0.6777457 0.6776520 0.6724250 0.7008284 0.6711129 0.6957435 0.6573944 0.6557306 0.6745761 0.7860973 0.8302533 0.7823857 1.1080121 1.0635671 1.0493273 1.0644900 1.0089435 0.9966951 1.0372716 1.0691152 1.0023244 1.0343535 1.1897991 0.8768297 1.0518370 1.0484264 0.9973157 0.9494396 0.9053633 0.8556538 0.9052595 1.1317094 0.4298606 0.3603774 0.4031920 0.3582119 0.3926348 0.3257416 0.3277727 0.0000000 0.7319234 1.1539052 1.3539816 1.3435225 1.7960168 
Caeciliidae2      0.8603028 0.8804057 0.8694909 0.8708935 0.8904835 0.8870540 0.8794136 0.8666930 0.8688024 0.9136743 0.8732288 0.8709641 0.8627540 0.8306034 0.8566409 1.0096834 1.0218187 0.9936151 1.3731047 1.2825156 1.2811586 1.2974206 1.2341623 1.2540501 1.2655389 1.2058501 1.2147262 1.2149801 1.3123441 1.1667431 1.2549986 1.2538431 1.2418059 1.1288317 1.0705886 1.0885246 1.1375755 1.4052915 0.7114377 0.6915696 0.7657703 0.8045971 0.8338886 0.7459164 0.7776557 0.7319234 0.0000000 1.3001446 1.7224587 1.6711667 1.9513165 
Polypteriformes   1.1035417 1.1278381 1.0955508 1.0931912 1.1502699 1.1316891 1.1067984 1.0918384 1.1410815 1.1171403 1.1005599 1.1317245 1.1342293 1.1082458 1.0478863 1.2421817 1.2032667 1.2786661 1.6859040 1.5899307 1.6269396 1.6220163 1.5519564 1.5385752 1.5476732 1.5774238 1.5167741 1.5411704 1.6007800 1.5109058 1.5737529 1.5326202 1.5628710 1.3809480 1.3240336 1.4048607 1.4844271 1.6427219 1.1214764 1.0078793 1.1076438 1.1281991 1.1130577 1.2567495 1.2533156 1.1539052 1.3001446 0.0000000 1.2990173 1.3355121 1.8077671 
Channichthyidae   1.2882665 1.2989151 1.2776651 1.2575862 1.3016078 1.2829583 1.2818089 1.2635325 1.2688454 1.3605901 1.3593641 1.3440948 1.3131819 1.2704418 1.2745646 1.5845447 1.4553752 1.4993277 1.9904856 1.8265840 1.8708961 1.7800282 1.7401630 1.8037641 1.8142802 1.9004002 1.7713938 1.8465369 1.9552375 1.7833550 1.6988571 1.7536825 1.8632747 1.5330703 1.5675887 1.5227016 1.8422600 1.9742697 1.4342041 1.3589495 1.4607543 1.5115598 1.5924900 1.6515837 1.4540635 1.3539816 1.7224587 1.2990173 0.0000000 0.1124179 2.3357136 
Pseudaphritidae   1.2770964 1.2866029 1.2664913 1.2519396 1.2913012 1.2705846 1.2877555 1.2748203 1.2745648 1.3587509 1.3651397 1.3315666 1.3203419 1.2632664 1.2759289 1.5331950 1.4248817 1.4374341 1.9755646 1.8271486 1.8696648 1.7684181 1.7535404 1.7985535 1.7864272 1.9110149 1.7776412 1.8533695 1.8955325 1.6858977 1.7208605 1.7611277 1.8752442 1.5072852 1.5330617 1.4906271 1.8689443 1.8814776 1.4045754 1.3131691 1.3920632 1.4730370 1.5384229 1.5948716 1.4294406 1.3435225 1.6711667 1.3355121 0.1124179 0.0000000 2.4344721 
Carcharhinidae    1.5878651 1.6863330 1.5498987 1.5864298 1.6313589 1.5866280 1.5759443 1.5931448 1.6307889 1.5894331 1.6031290 1.5591553 1.5853502 1.5589028 1.5946382 1.5572101 1.5678300 1.6014147 2.3587786 2.2798875 2.2095446 2.1602578 2.1014324 2.3283217 2.3907278 2.3280717 2.2999717 2.2167199 2.1542573 1.9305367 1.9351666 2.0767053 2.0471497 1.9720466 1.9056465 2.0090447 2.1013670 2.3351356 1.6803039 1.6313454 1.7449935 1.9330163 2.0612596 1.8845739 1.7211261 1.7960168 1.9513165 1.8077671 2.3357136 2.4344721 0.0000000 
