51
Pitheciidae       0.0000000 0.2355871 0.2693842 0.2748139 0.3362494 0.2408147 0.3307432 0.3788025 0.3305265 0.3361453 0.3135086 0.3156339 0.3488040 0.3564586 0.6348290 0.6519540 0.6419421 0.6394931 1.3978111 1.4512680 1.4750381 1.4512736 1.4610761 1.3762043 1.4006602 1.4257293 1.4078341 1.4273143 1.4373064 1.3752212 1.2270006 1.3212444 1.9465827 1.8074208 1.8808410 1.4960948 1.7477174 1.7447392 2.7040329 2.2950792 2.1978748 2.1481644 2.1866367 2.0370490 2.2475002 2.0927775 2.5275951 1.8386687 1.6826156 1.7262869 3.0278898 
Scandentia        0.2355871 0.0000000 0.2821316 0.2880902 0.3267057 0.2429282 0.3284675 0.3824348 0.3206783 0.3405513 0.3230301 0.3102292 0.3536198 0.3395158 0.6354850 0.6677894 0.6984425 0.6638629 1.3206718 1.3725263 1.4077582 1.3709470 1.3872564 1.2481848 1.2995210 1.3164631 1.2826744 1.3732120 1.3717145 1.3691510 1.2060360 1.2834902 1.9740589 1.7976990 1.7882476 1.5253113 1.7278183 1.7352322 2.7332166 2.2257636 2.0826731 2.1105665 2.2379819 2.0143369 2.1673257 2.0657603 2.4346807 1.8535565 1.7190883 1.7575646 3.0181504 
Erethizontidae    0.2693842 0.2821316 0.0000000 0.1159332 0.3391190 0.2317756 0.3438524 0.3845986 0.3411162 0.3365552 0.3201940 0.3258081 0.3688161 0.3746658 0.6674192 0.6488496 0.7170057 0.6775988 1.4510626 1.4796766 1.5612732 1.4478979 1.4835833 1.3904814 1.4104356 1.4116847 1.4350659 1.4694057 1.4327234 1.4555494 1.3051027 1.3518284 2.0210385 1.8925849 1.9538426 1.5255451 1.7559675 1.8967334 2.6966734 2.3048900 2.2582613 2.2100324 2.3247901 2.1276820 2.2746701 2.0786087 2.6337209 1.8422104 1.6146612 1.6409624 3.0800815 
Capromyidae       0.2748139 0.2880902 0.1159332 0.0000000 0.3425209 0.2506076 0.3685655 0.3796130 0.3579475 0.3683451 0.3346524 0.3618758 0.3710200 0.3810489 0.6932770 0.6773215 0.7198062 0.6876624 1.4893432 1.4888706 1.5380115 1.4490431 1.4864445 1.4363249 1.4260903 1.4334984 1.4175597 1.5018422 1.5131291 1.5034280 1.3099386 1.3934129 2.0642672 1.9693288 2.0173939 1.5319921 1.7857266 1.8823876 2.6706091 2.3196157 2.3288342 2.2863033 2.3724171 2.2059016 2.3962609 2.1880263 2.7305191 1.8262797 1.6929723 1.7300517 2.9862267 
Muridae           0.3362494 0.3267057 0.3391190 0.3425209 0.0000000 0.2689389 0.4341675 0.4715176 0.4331060 0.4087883 0.4062113 0.3997110 0.4583542 0.4555958 0.7623957 0.7529801 0.7959125 0.7873541 1.4817290 1.4979503 1.5706385 1.4749453 1.5022698 1.3714327 1.4312892 1.4781272 1.4578526 1.4520915 1.4039764 1.5354676 1.3270158 1.4735317 2.0717292 2.0227065 1.9489321 1.5820174 1.9330765 1.9347781 2.7985223 2.4785989 2.3659087 2.3078039 2.4330559 2.2026039 2.4777604 2.3177431 2.6353346 1.9763614 1.8641955 1.9017240 3.2895848 
Castoridae        0.2408147 0.2429282 0.2317756 0.2506076 0.2689389 0.0000000 0.3242097 0.3506249 0.3110743 0.3154973 0.3060115 0.3063953 0.3503521 0.3546091 0.6303345 0.6137962 0.6478437 0.6365261 1.4204587 1.4756827 1.4872182 1.4150335 1.4414229 1.3510156 1.3871259 1.3895817 1.3786431 1.4194359 1.4634694 1.4683893 1.2700316 1.3143496 2.0692523 1.8238151 1.8812735 1.5066060 1.7398193 1.8186316 2.6231806 2.3889764 2.1680250 2.2227528 2.2471684 2.0969171 2.2459129 2.1080519 2.6366623 1.8321256 1.6426663 1.7011322 3.1102455 
Suidae            0.3307432 0.3284675 0.3438524 0.3685655 0.4341675 0.3242097 0.0000000 0.2577943 0.2442890 0.2906868 0.2965185 0.3176410 0.3541607 0.3638173 0.6822993 0.6712238 0.6781801 0.6942076 1.4721563 1.5317872 1.5206343 1.4524773 1.5124880 1.4185237 1.4224265 1.4054882 1.4297327 1.5155559 1.4626625 1.4329717 1.3142901 1.2922428 2.0131060 1.8089886 1.9034059 1.6005149 1.8064562 1.7571042 2.7567781 2.4284569 2.2387425 2.2354128 2.3385342 2.1461174 2.2518167 2.1512814 2.5600005 1.8297913 1.6814031 1.7268054 3.1052810 
Hippopotamidae    0.3788025 0.3824348 0.3845986 0.3796130 0.4715176 0.3506249 0.2577943 0.0000000 0.2377780 0.3377181 0.3195738 0.3480137 0.3930362 0.3720825 0.7218714 0.7351201 0.7878470 0.7566476 1.5196745 1.5853963 1.6096848 1.5331986 1.5909589 1.4779192 1.5089193 1.5078751 1.4961078 1.5742670 1.5526309 1.5778762 1.4011388 1.4289949 2.0431914 1.9159555 1.8980043 1.6220048 1.8397701 1.8779908 2.7383339 2.4194636 2.3848730 2.3408075 2.4763854 2.2326157 2.4130726 2.2301894 2.6382706 1.9588982 1.8262653 1.8750850 3.2679102 
Hyperoodontidae   0.3305265 0.3206783 0.3411162 0.3579475 0.4331060 0.3110743 0.2442890 0.2377780 0.0000000 0.3132715 0.2972930 0.3133140 0.3671326 0.3554577 0.7125863 0.6764327 0.6574610 0.6864173 1.5218595 1.5669450 1.5601963 1.4833942 1.5169520 1.4506089 1.4735393 1.4670819 1.4593899 1.5267194 1.5133447 1.5242503 1.3377751 1.3839506 2.0349524 1.8810252 1.9185770 1.6301341 1.8287473 1.8365238 2.8314580 2.4184923 2.3465241 2.2429282 2.4456877 2.1926381 2.4415127 2.2541433 2.6554523 1.8451247 1.7662727 1.7950511 3.2340404 
Vespertilionidae  0.3361453 0.3405513 0.3365552 0.3683451 0.4087883 0.3154973 0.2906868 0.3377181 0.3132715 0.0000000 0.1664295 0.2057790 0.3539919 0.3358175 0.6963044 0.6861613 0.7031110 0.7107539 1.4367917 1.5083328 1.4758453 1.4600572 1.5077808 1.4106724 1.4448887 1.4307133 1.4086843 1.4809001 1.4535027 1.5287055 1.3667866 1.3284683 1.9992322 1.8424293 1.8709357 1.5489562 1.7694652 1.8037414 2.6881122 2.4011126 2.3090083 2.1336614 2.3175769 2.1134433 2.2823997 2.1730166 2.5308144 1.9506431 1.6281387 1.6664505 3.1628710 
Furipteridae      0.3135086 0.3230301 0.3201940 0.3346524 0.4062113 0.3060115 0.2965185 0.3195738 0.2972930 0.1664295 0.0000000 0.1897158 0.3391860 0.3397516 0.7102128 0.6673464 0.6709868 0.6611920 1.4563238 1.5109202 1.4947945 1.4388083 1.4845137 1.3807718 1.4152481 1.4180075 1.4145592 1.4837068 1.3941578 1.5051947 1.3338349 1.3178085 2.0895154 1.8860861 1.9206090 1.5621939 1.8550703 1.7907567 2.7275073 2.4155347 2.1935703 2.1538249 2.2796154 2.1012948 2.2479275 2.1687387 2.5123860 1.9033748 1.6787051 1.7068219 3.3566881 
Rhinolophidae     0.3156339 0.3102292 0.3258081 0.3618758 0.3997110 0.3063953 0.3176410 0.3480137 0.3133140 0.2057790 0.1897158 0.0000000 0.3204511 0.3328936 0.6866150 0.6345406 0.6487703 0.6312795 1.4862363 1.5366465 1.5120835 1.4771432 1.5444265 1.4336290 1.4506149 1.4313137 1.4406292 1.4876286 1.4766698 1.5021179 1.3605229 1.3199262 2.0382734 1.7597150 1.7695864 1.5002863 1.7794603 1.6912663 2.7002023 2.4366121 2.2540844 2.2194844 2.3252389 2.1388665 2.2510427 2.2171838 2.5458809 1.8685147 1.6211359 1.6658731 3.0951645 
Viverridae        0.3488040 0.3536198 0.3688161 0.3710200 0.4583542 0.3503521 0.3541607 0.3930362 0.3671326 0.3539919 0.3391860 0.3204511 0.0000000 0.2531326 0.7423995 0.6889108 0.6822114 0.7010554 1.5203997 1.6070953 1.6013276 1.5043044 1.5328320 1.5025108 1.5272884 1.5076962 1.5016123 1.5521423 1.5572056 1.5032161 1.3723295 1.3806856 1.9196620 1.7893773 1.8055733 1.6073827 1.7985938 1.7766516 2.8760069 2.4552616 2.3396663 2.2343568 2.4101479 2.1637941 2.3247717 2.2213976 2.6235197 1.8760696 1.6842443 1.7130293 3.1698439 
Procyonidae       0.3564586 0.3395158 0.3746658 0.3810489 0.4555958 0.3546091 0.3638173 0.3720825 0.3554577 0.3358175 0.3397516 0.3328936 0.2531326 0.0000000 0.7282290 0.7153488 0.7361128 0.7177229 1.4470219 1.4729721 1.5064785 1.4385218 1.4130021 1.3846144 1.4278245 1.4237175 1.4062556 1.4579171 1.5089965 1.5142281 1.3339944 1.3693006 1.9698494 1.8978319 1.8939285 1.6011467 1.8204772 1.7935984 2.8682011 2.5160632 2.3737198 2.1794479 2.3804707 2.2319237 2.3449402 2.2618844 2.6531834 1.9975493 1.7703355 1.7998653 3.0782232 
Myrmecophagidae   0.6348290 0.6354850 0.6674192 0.6932770 0.7623957 0.6303345 0.6822993 0.7218714 0.7125863 0.6963044 0.7102128 0.6866150 0.7423995 0.7282290 0.0000000 0.9309914 0.9912300 1.0076847 1.8915727 1.8760414 2.0024185 1.9474510 1.9550870 1.8690906 1.8498831 1.8649994 1.8618060 1.9591660 1.8751733 1.9129194 1.7459561 1.8529477 2.3069289 2.3253973 2.2814557 2.1058671 2.3630218 2.1718678 3.3712339 2.7301904 2.4502878 2.3887704 2.6274949 2.3626703 2.5646252 2.3153206 2.8303166 2.2007919 1.9646892 2.0052263 3.2913545 
Caluromyidae      0.6519540 0.6677894 0.6488496 0.6773215 0.7529801 0.6137962 0.6712238 0.7351201 0.6764327 0.6861613 0.6673464 0.6345406 0.6889108 0.7153488 0.9309914 0.0000000 0.2554271 0.2878901 1.4990092 1.5654330 1.5302469 1.4587206 1.4692870 1.4061192 1.4901607 1.4478687 1.4706874 1.4965391 1.4177827 1.5199009 1.3767952 1.4560813 2.1267846 1.8163761 1.8274135 1.6883435 1.8295309 1.8344946 2.7084932 2.2568263 2.2078253 2.1425868 2.2481614 2.0494893 2.1717684 2.1431393 2.4877884 2.0196080 1.6557816 1.6877876 3.5106710 
Thylacomyidae     0.6419421 0.6984425 0.7170057 0.7198062 0.7959125 0.6478437 0.6781801 0.7878470 0.6574610 0.7031110 0.6709868 0.6487703 0.6822114 0.7361128 0.9912300 0.2554271 0.0000000 0.2428950 1.5121767 1.6059748 1.5259791 1.4509818 1.4550997 1.4224062 1.4514384 1.4583316 1.4816365 1.4903594 1.4687723 1.5423882 1.3634193 1.3710166 2.1853144 1.9446050 1.9362892 1.6794009 1.7801527 1.8757194 2.7879971 2.4481940 2.2434817 2.1658256 2.3196311 2.0565522 2.2536163 2.1700760 2.5011917 2.0042915 1.6625798 1.6863057 3.4905257 
Phalangeridae     0.6394931 0.6638629 0.6775988 0.6876624 0.7873541 0.6365261 0.6942076 0.7566476 0.6864173 0.7107539 0.6611920 0.6312795 0.7010554 0.7177229 1.0076847 0.2878901 0.2428950 0.0000000 1.5538678 1.5520143 1.5756268 1.4904977 1.4982633 1.4691602 1.5208921 1.5059449 1.4975508 1.5639554 1.5364242 1.4965515 1.3683912 1.3911273 2.1259156 1.9038219 1.8914986 1.7071557 1.8972307 1.9315444 2.7277141 2.2745608 2.1585161 2.1260750 2.2773322 2.1495735 2.2362718 2.1622478 2.4206482 1.9252792 1.6728496 1.6786686 3.7494916 
Tityridae         1.3978111 1.3206718 1.4510626 1.4893432 1.4817290 1.4204587 1.4721563 1.5196745 1.5218595 1.4367917 1.4563238 1.4862363 1.5203997 1.4470219 1.8915727 1.4990092 1.5121767 1.5538678 0.0000000 0.2626639 0.2595630 0.2305896 0.2630163 0.2297757 0.2177149 0.2274295 0.2316707 0.2398898 0.3106348 0.5802382 0.5501761 0.5863835 1.3843558 1.2901505 1.2000823 0.9802333 1.1851867 1.2340917 2.8019523 2.1432029 1.9716545 1.8220444 1.9773795 1.9014914 1.9866999 1.9017353 2.0494481 1.4869204 1.4744187 1.4868526 2.9274793 
Ptilonorhynchidae 1.4512680 1.3725263 1.4796766 1.4888706 1.4979503 1.4756827 1.5317872 1.5853963 1.5669450 1.5083328 1.5109202 1.5366465 1.6070953 1.4729721 1.8760414 1.5654330 1.6059748 1.5520143 0.2626639 0.0000000 0.2053987 0.2005800 0.2110210 0.1816994 0.1727362 0.1757589 0.1862672 0.2089380 0.3140212 0.5962205 0.5936052 0.6407970 1.3739778 1.3797824 1.2482131 1.0258904 1.2302540 1.2032655 2.8389093 2.2600936 1.9858585 1.8785238 2.1313042 1.9721537 2.0304110 2.0239561 2.2499331 1.6180997 1.6052537 1.6244629 3.3123891 
Callaeatidae      1.4750381 1.4077582 1.5612732 1.5380115 1.5706385 1.4872182 1.5206343 1.6096848 1.5601963 1.4758453 1.4947945 1.5120835 1.6013276 1.5064785 2.0024185 1.5302469 1.5259791 1.5756268 0.2595630 0.2053987 0.0000000 0.1535634 0.1479487 0.1599567 0.1346076 0.1432962 0.1468651 0.1644623 0.3177892 0.6108706 0.5670777 0.6187694 1.3958737 1.3882654 1.2391666 1.0287386 1.2080804 1.2371551 2.8169954 2.3206901 1.9860937 1.9118179 2.0625393 2.0036025 2.0631805 1.9502877 2.1212627 1.5997136 1.5570698 1.5610511 3.0242513 
Monarchidae       1.4512736 1.3709470 1.4478979 1.4490431 1.4749453 1.4150335 1.4524773 1.5331986 1.4833942 1.4600572 1.4388083 1.4771432 1.5043044 1.4385218 1.9474510 1.4587206 1.4509818 1.4904977 0.2305896 0.2005800 0.1535634 0.0000000 0.1057093 0.1351014 0.1173116 0.1313387 0.1425568 0.1491842 0.2935189 0.5966564 0.5617759 0.5835403 1.3649693 1.3029067 1.1956084 0.9811630 1.2116001 1.2509810 2.7400009 2.1479801 1.9597110 1.8502196 2.0193106 1.9185726 1.9584253 1.9089189 2.1220684 1.5508674 1.5393147 1.5526145 3.1353343 
Malaconotidae     1.4610761 1.3872564 1.4835833 1.4864445 1.5022698 1.4414229 1.5124880 1.5909589 1.5169520 1.5077808 1.4845137 1.5444265 1.5328320 1.4130021 1.9550870 1.4692870 1.4550997 1.4982633 0.2630163 0.2110210 0.1479487 0.1057093 0.0000000 0.1436526 0.1347100 0.1463224 0.1536173 0.1605102 0.3184329 0.6107487 0.5505949 0.5773564 1.4000643 1.3325335 1.2090105 1.0204799 1.2583486 1.2237729 2.8656508 2.2563004 2.1262608 1.9207651 2.0334397 1.9565955 2.0938090 1.9495220 2.2199319 1.6174961 1.5899062 1.5920682 3.0764873 
Certhiidae        1.3762043 1.2481848 1.3904814 1.4363249 1.3714327 1.3510156 1.4185237 1.4779192 1.4506089 1.4106724 1.3807718 1.4336290 1.5025108 1.3846144 1.8690906 1.4061192 1.4224062 1.4691602 0.2297757 0.1816994 0.1599567 0.1351014 0.1436526 0.0000000 0.0947676 0.0981919 0.1022637 0.1295903 0.2824804 0.5827638 0.5480065 0.5646224 1.3141132 1.3249774 1.1769462 0.9884579 1.2252719 1.1892265 2.7883059 2.1952320 1.9181822 1.7955810 2.0054534 1.8391520 1.9455789 1.8939197 2.1611655 1.5365554 1.5100571 1.5278199 3.0929607 
Cinclidae         1.4006602 1.2995210 1.4104356 1.4260903 1.4312892 1.3871259 1.4224265 1.5089193 1.4735393 1.4448887 1.4152481 1.4506149 1.5272884 1.4278245 1.8498831 1.4901607 1.4514384 1.5208921 0.2177149 0.1727362 0.1346076 0.1173116 0.1347100 0.0947676 0.0000000 0.0804340 0.0806913 0.1132775 0.2683584 0.5580102 0.5300550 0.5758506 1.3152872 1.3237159 1.2164074 0.9798887 1.1991814 1.2112659 2.7193009 2.2172516 1.9722782 1.7967121 1.9975452 1.8341628 1.9673393 1.8675826 2.1101344 1.5677213 1.5205004 1.5323398 3.0944681 
Ploceidae         1.4257293 1.3164631 1.4116847 1.4334984 1.4781272 1.3895817 1.4054882 1.5078751 1.4670819 1.4307133 1.4180075 1.4313137 1.5076962 1.4237175 1.8649994 1.4478687 1.4583316 1.5059449 0.2274295 0.1757589 0.1432962 0.1313387 0.1463224 0.0981919 0.0804340 0.0000000 0.0420668 0.1206248 0.2905804 0.5542754 0.5530802 0.5622703 1.3397505 1.3360966 1.2204876 0.9851077 1.1679449 1.1777684 2.8124572 2.1601142 1.9667137 1.8180297 2.0134833 1.8449340 1.9686143 1.8331809 2.1372106 1.5466432 1.5098779 1.5229462 3.0565937 
Thraupidae        1.4078341 1.2826744 1.4350659 1.4175597 1.4578526 1.3786431 1.4297327 1.4961078 1.4593899 1.4086843 1.4145592 1.4406292 1.5016123 1.4062556 1.8618060 1.4706874 1.4816365 1.4975508 0.2316707 0.1862672 0.1468651 0.1425568 0.1536173 0.1022637 0.0806913 0.0420668 0.0000000 0.1210263 0.2981986 0.5679044 0.5589209 0.5731075 1.3385296 1.3373033 1.2023407 0.9419352 1.1679132 1.1950159 2.8428616 2.1416699 1.9504686 1.7985574 2.0059860 1.8566789 1.9878584 1.8857407 2.0710465 1.5343586 1.5292557 1.5426932 3.0587639 
Alaudidae         1.4273143 1.3732120 1.4694057 1.5018422 1.4520915 1.4194359 1.5155559 1.5742670 1.5267194 1.4809001 1.4837068 1.4876286 1.5521423 1.4579171 1.9591660 1.4965391 1.4903594 1.5639554 0.2398898 0.2089380 0.1644623 0.1491842 0.1605102 0.1295903 0.1132775 0.1206248 0.1210263 0.0000000 0.3098212 0.5895084 0.5593848 0.6153008 1.3838798 1.3807055 1.2480629 0.9960223 1.2324448 1.2582702 2.7346001 2.1926857 1.9683066 1.8177175 2.0106234 1.9125773 1.9945962 1.9445336 2.0790421 1.5230990 1.5184071 1.5353851 3.0461850 
Coraciiformes     1.4373064 1.3717145 1.4327234 1.5131291 1.4039764 1.4634694 1.4626625 1.5526309 1.5133447 1.4535027 1.3941578 1.4766698 1.5572056 1.5089965 1.8751733 1.4177827 1.4687723 1.5364242 0.3106348 0.3140212 0.3177892 0.2935189 0.3184329 0.2824804 0.2683584 0.2905804 0.2981986 0.3098212 0.0000000 0.5349913 0.5147096 0.5579624 1.3684991 1.3007568 1.2168480 1.0054286 1.1245656 1.2228329 2.8442963 2.1352323 1.9672142 1.7828500 2.0170533 1.8636518 2.0014898 1.9046656 2.0713259 1.4528337 1.4750025 1.4839925 3.0204474 
Crocodylidae      1.3752212 1.3691510 1.4555494 1.5034280 1.5354676 1.4683893 1.4329717 1.5778762 1.5242503 1.5287055 1.5051947 1.5021179 1.5032161 1.5142281 1.9129194 1.5199009 1.5423882 1.4965515 0.5802382 0.5962205 0.6108706 0.5966564 0.6107487 0.5827638 0.5580102 0.5542754 0.5679044 0.5895084 0.5349913 0.0000000 0.4543203 0.4604301 1.3925973 1.2900085 1.1069329 0.9460249 1.0769725 1.1049949 2.8829187 2.1213015 1.8709724 1.7518835 1.9621909 1.7856920 1.9617470 1.8298193 2.0877731 1.4787630 1.4403436 1.4598437 3.0650954 
Carettochelyidae  1.2270006 1.2060360 1.3051027 1.3099386 1.3270158 1.2700316 1.3142901 1.4011388 1.3377751 1.3667866 1.3338349 1.3605229 1.3723295 1.3339944 1.7459561 1.3767952 1.3634193 1.3683912 0.5501761 0.5936052 0.5670777 0.5617759 0.5505949 0.5480065 0.5300550 0.5530802 0.5589209 0.5593848 0.5147096 0.4543203 0.0000000 0.3015083 1.2217233 1.1116292 1.0307103 0.8198409 1.0041279 1.0865142 2.5429013 2.0387280 1.7605000 1.6391473 1.7413209 1.7094783 1.8107338 1.7798273 1.9381721 1.4679721 1.3955474 1.4069849 2.8169144 
Kinosternidae     1.3212444 1.2834902 1.3518284 1.3934129 1.4735317 1.3143496 1.2922428 1.4289949 1.3839506 1.3284683 1.3178085 1.3199262 1.3806856 1.3693006 1.8529477 1.4560813 1.3710166 1.3911273 0.5863835 0.6407970 0.6187694 0.5835403 0.5773564 0.5646224 0.5758506 0.5622703 0.5731075 0.6153008 0.5579624 0.4604301 0.3015083 0.0000000 1.2403234 1.1651325 1.0887282 0.8376674 0.9369508 1.0868914 2.5768700 2.1475143 1.8148749 1.7089788 1.8809986 1.8073424 2.0101855 1.8985755 2.0521401 1.4135885 1.4062778 1.4298360 3.0671425 
Anomalepididae    1.9465827 1.9740589 2.0210385 2.0642672 2.0717292 2.0692523 2.0131060 2.0431914 2.0349524 1.9992322 2.0895154 2.0382734 1.9196620 1.9698494 2.3069289 2.1267846 2.1853144 2.1259156 1.3843558 1.3739778 1.3958737 1.3649693 1.4000643 1.3141132 1.3152872 1.3397505 1.3385296 1.3838798 1.3684991 1.3925973 1.2217233 1.2403234 0.0000000 1.2048531 1.0541802 0.9059268 1.2323643 1.3312414 3.2143615 2.7358838 2.4719403 2.4303392 2.6991023 2.5541056 2.7040150 2.5604833 2.5804723 2.1272884 2.1085451 2.1021940 3.5625280 
Loxocemidae       1.8074208 1.7976990 1.8925849 1.9693288 2.0227065 1.8238151 1.8089886 1.9159555 1.8810252 1.8424293 1.8860861 1.7597150 1.7893773 1.8978319 2.3253973 1.8163761 1.9446050 1.9038219 1.2901505 1.3797824 1.3882654 1.3029067 1.3325335 1.3249774 1.3237159 1.3360966 1.3373033 1.3807055 1.3007568 1.2900085 1.1116292 1.1651325 1.2048531 0.0000000 0.5979587 0.7923343 0.9916559 1.1912705 3.0452683 2.6023043 2.4014516 2.3793172 2.5576816 2.4386991 2.6570657 2.5702917 2.7540206 2.1416940 1.9000295 1.9025369 3.7589499 
Natricidae        1.8808410 1.7882476 1.9538426 2.0173939 1.9489321 1.8812735 1.9034059 1.8980043 1.9185770 1.8709357 1.9206090 1.7695864 1.8055733 1.8939285 2.2814557 1.8274135 1.9362892 1.8914986 1.2000823 1.2482131 1.2391666 1.1956084 1.2090105 1.1769462 1.2164074 1.2204876 1.2023407 1.2480629 1.2168480 1.1069329 1.0307103 1.0887282 1.0541802 0.5979587 0.0000000 0.7310910 0.9870531 1.1127284 2.8996142 2.5029576 2.2582915 2.1834285 2.3505478 2.3031590 2.4885179 2.2910236 2.5357749 2.0178251 1.8072171 1.7965433 3.4612199 
Xenosauridae      1.4960948 1.5253113 1.5255451 1.5319921 1.5820174 1.5066060 1.6005149 1.6220048 1.6301341 1.5489562 1.5621939 1.5002863 1.6073827 1.6011467 2.1058671 1.6883435 1.6794009 1.7071557 0.9802333 1.0258904 1.0287386 0.9811630 1.0204799 0.9884579 0.9798887 0.9851077 0.9419352 0.9960223 1.0054286 0.9460249 0.8198409 0.8376674 0.9059268 0.7923343 0.7310910 0.0000000 0.7050616 0.9382432 2.5919116 2.2992592 1.9476908 2.0243746 2.1988051 1.9248924 2.0396497 2.0366426 2.2794619 1.6028423 1.6353408 1.6650090 3.1583928 
Teiidae           1.7477174 1.7278183 1.7559675 1.7857266 1.9330765 1.7398193 1.8064562 1.8397701 1.8287473 1.7694652 1.8550703 1.7794603 1.7985938 1.8204772 2.3630218 1.8295309 1.7801527 1.8972307 1.1851867 1.2302540 1.2080804 1.2116001 1.2583486 1.2252719 1.1991814 1.1679449 1.1679132 1.2324448 1.1245656 1.0769725 1.0041279 0.9369508 1.2323643 0.9916559 0.9870531 0.7050616 0.0000000 1.0111551 3.2140797 2.4975377 2.2116485 2.3804621 2.6283701 2.3736258 2.4584252 2.1618420 2.4325739 1.6868300 1.7918163 1.7966438 3.0987250 
Eublepharidae     1.7447392 1.7352322 1.8967334 1.8823876 1.9347781 1.8186316 1.7571042 1.8779908 1.8365238 1.8037414 1.7907567 1.6912663 1.7766516 1.7935984 2.1718678 1.8344946 1.8757194 1.9315444 1.2340917 1.2032655 1.2371551 1.2509810 1.2237729 1.1892265 1.2112659 1.1777684 1.1950159 1.2582702 1.2228329 1.1049949 1.0865142 1.0868914 1.3312414 1.1912705 1.1127284 0.9382432 1.0111551 0.0000000 2.8196480 2.7124219 2.4111048 2.3368276 2.5030935 2.1806003 2.5792157 2.3048365 2.2623021 1.9732944 2.0137857 2.0126523 3.1589524 
Dicamptodontidae  2.7040329 2.7332166 2.6966734 2.6706091 2.7985223 2.6231806 2.7567781 2.7383339 2.8314580 2.6881122 2.7275073 2.7002023 2.8760069 2.8682011 3.3712339 2.7084932 2.7879971 2.7277141 2.8019523 2.8389093 2.8169954 2.7400009 2.8656508 2.7883059 2.7193009 2.8124572 2.8428616 2.7346001 2.8442963 2.8829187 2.5429013 2.5768700 3.2143615 3.0452683 2.8996142 2.5919116 3.2140797 2.8196480 0.0000000 2.4008497 2.1347487 1.9617464 2.2025703 2.1565310 2.3988644 2.1335676 2.6084649 2.5973510 2.5707983 2.6027304 4.1379489 
Alytidae          2.2950792 2.2257636 2.3048900 2.3196157 2.4785989 2.3889764 2.4284569 2.4194636 2.4184923 2.4011126 2.4155347 2.4366121 2.4552616 2.5160632 2.7301904 2.2568263 2.4481940 2.2745608 2.1432029 2.2600936 2.3206901 2.1479801 2.2563004 2.1952320 2.2172516 2.1601142 2.1416699 2.1926857 2.1352323 2.1213015 2.0387280 2.1475143 2.7358838 2.6023043 2.5029576 2.2992592 2.4975377 2.7124219 2.4008497 0.0000000 1.6609574 1.7154587 1.8247101 1.6405683 1.8743072 1.7580168 2.3662972 2.3324945 1.9958965 2.0028956 3.3844665 
Heleophrynidae    2.1978748 2.0826731 2.2582613 2.3288342 2.3659087 2.1680250 2.2387425 2.3848730 2.3465241 2.3090083 2.1935703 2.2540844 2.3396663 2.3737198 2.4502878 2.2078253 2.2434817 2.1585161 1.9716545 1.9858585 1.9860937 1.9597110 2.1262608 1.9181822 1.9722782 1.9667137 1.9504686 1.9683066 1.9672142 1.8709724 1.7605000 1.8148749 2.4719403 2.4014516 2.2582915 1.9476908 2.2116485 2.4111048 2.1347487 1.6609574 0.0000000 1.0532406 1.2011722 0.8948262 1.1357778 1.0119128 1.9985061 1.8069422 1.7384451 1.7527836 3.3401092 
Leptodactylidae   2.1481644 2.1105665 2.2100324 2.2863033 2.3078039 2.2227528 2.2354128 2.3408075 2.2429282 2.1336614 2.1538249 2.2194844 2.2343568 2.1794479 2.3887704 2.1425868 2.1658256 2.1260750 1.8220444 1.8785238 1.9118179 1.8502196 1.9207651 1.7955810 1.7967121 1.8180297 1.7985574 1.8177175 1.7828500 1.7518835 1.6391473 1.7089788 2.4303392 2.3793172 2.1834285 2.0243746 2.3804621 2.3368276 1.9617464 1.7154587 1.0532406 0.0000000 0.6353060 0.9542948 1.1419170 1.0273570 2.0302239 2.0045528 1.8077928 1.8166487 3.2687190 
Strabomantidae    2.1866367 2.2379819 2.3247901 2.3724171 2.4330559 2.2471684 2.3385342 2.4763854 2.4456877 2.3175769 2.2796154 2.3252389 2.4101479 2.3804707 2.6274949 2.2481614 2.3196311 2.2773322 1.9773795 2.1313042 2.0625393 2.0193106 2.0334397 2.0054534 1.9975452 2.0134833 2.0059860 2.0106234 2.0170533 1.9621909 1.7413209 1.8809986 2.6991023 2.5576816 2.3505478 2.1988051 2.6283701 2.5030935 2.2025703 1.8247101 1.2011722 0.6353060 0.0000000 1.2311713 1.4730602 1.3316771 2.1405731 2.1267873 2.0140003 2.0485635 3.7655828 
Micrixalidae      2.0370490 2.0143369 2.1276820 2.2059016 2.2026039 2.0969171 2.1461174 2.2326157 2.1926381 2.1134433 2.1012948 2.1388665 2.1637941 2.2319237 2.3626703 2.0494893 2.0565522 2.1495735 1.9014914 1.9721537 2.0036025 1.9185726 1.9565955 1.8391520 1.8341628 1.8449340 1.8566789 1.9125773 1.8636518 1.7856920 1.7094783 1.8073424 2.5541056 2.4386991 2.3031590 1.9248924 2.3736258 2.1806003 2.1565310 1.6405683 0.8948262 0.9542948 1.2311713 0.0000000 0.8616957 0.7189589 2.0100833 2.0189473 1.8603668 1.8695723 3.2357771 
Hemisotidae       2.2475002 2.1673257 2.2746701 2.3962609 2.4777604 2.2459129 2.2518167 2.4130726 2.4415127 2.2823997 2.2479275 2.2510427 2.3247717 2.3449402 2.5646252 2.1717684 2.2536163 2.2362718 1.9866999 2.0304110 2.0631805 1.9584253 2.0938090 1.9455789 1.9673393 1.9686143 1.9878584 1.9945962 2.0014898 1.9617470 1.8107338 2.0101855 2.7040150 2.6570657 2.4885179 2.0396497 2.4584252 2.5792157 2.3988644 1.8743072 1.1357778 1.1419170 1.4730602 0.8616957 0.0000000 0.8525791 2.2105550 1.9708951 1.9155484 1.9346691 3.2586889 
Asterophryidae    2.0927775 2.0657603 2.0786087 2.1880263 2.3177431 2.1080519 2.1512814 2.2301894 2.2541433 2.1730166 2.1687387 2.2171838 2.2213976 2.2618844 2.3153206 2.1431393 2.1700760 2.1622478 1.9017353 2.0239561 1.9502877 1.9089189 1.9495220 1.8939197 1.8675826 1.8331809 1.8857407 1.9445336 1.9046656 1.8298193 1.7798273 1.8985755 2.5604833 2.5702917 2.2910236 2.0366426 2.1618420 2.3048365 2.1335676 1.7580168 1.0119128 1.0273570 1.3316771 0.7189589 0.8525791 0.0000000 2.1127696 1.9427101 1.8743173 1.8767418 3.2332329 
Caeciliidae2      2.5275951 2.4346807 2.6337209 2.7305191 2.6353346 2.6366623 2.5600005 2.6382706 2.6554523 2.5308144 2.5123860 2.5458809 2.6235197 2.6531834 2.8303166 2.4877884 2.5011917 2.4206482 2.0494481 2.2499331 2.1212627 2.1220684 2.2199319 2.1611655 2.1101344 2.1372106 2.0710465 2.0790421 2.0713259 2.0877731 1.9381721 2.0521401 2.5804723 2.7540206 2.5357749 2.2794619 2.4325739 2.2623021 2.6084649 2.3662972 1.9985061 2.0302239 2.1405731 2.0100833 2.2105550 2.1127696 0.0000000 2.1479460 2.0466005 2.0523141 3.9165392 
Polypteriformes   1.8386687 1.8535565 1.8422104 1.8262797 1.9763614 1.8321256 1.8297913 1.9588982 1.8451247 1.9506431 1.9033748 1.8685147 1.8760696 1.9975493 2.2007919 2.0196080 2.0042915 1.9252792 1.4869204 1.6180997 1.5997136 1.5508674 1.6174961 1.5365554 1.5677213 1.5466432 1.5343586 1.5230990 1.4528337 1.4787630 1.4679721 1.4135885 2.1272884 2.1416940 2.0178251 1.6028423 1.6868300 1.9732944 2.5973510 2.3324945 1.8069422 2.0045528 2.1267873 2.0189473 1.9708951 1.9427101 2.1479460 0.0000000 0.9243569 0.9299705 2.5146620 
Channichthyidae   1.6826156 1.7190883 1.6146612 1.6929723 1.8641955 1.6426663 1.6814031 1.8262653 1.7662727 1.6281387 1.6787051 1.6211359 1.6842443 1.7703355 1.9646892 1.6557816 1.6625798 1.6728496 1.4744187 1.6052537 1.5570698 1.5393147 1.5899062 1.5100571 1.5205004 1.5098779 1.5292557 1.5184071 1.4750025 1.4403436 1.3955474 1.4062778 2.1085451 1.9000295 1.8072171 1.6353408 1.7918163 2.0137857 2.5707983 1.9958965 1.7384451 1.8077928 2.0140003 1.8603668 1.9155484 1.8743173 2.0466005 0.9243569 0.0000000 0.0329691 2.5702864 
Pseudaphritidae   1.7262869 1.7575646 1.6409624 1.7300517 1.9017240 1.7011322 1.7268054 1.8750850 1.7950511 1.6664505 1.7068219 1.6658731 1.7130293 1.7998653 2.0052263 1.6877876 1.6863057 1.6786686 1.4868526 1.6244629 1.5610511 1.5526145 1.5920682 1.5278199 1.5323398 1.5229462 1.5426932 1.5353851 1.4839925 1.4598437 1.4069849 1.4298360 2.1021940 1.9025369 1.7965433 1.6650090 1.7966438 2.0126523 2.6027304 2.0028956 1.7527836 1.8166487 2.0485635 1.8695723 1.9346691 1.8767418 2.0523141 0.9299705 0.0329691 0.0000000 2.6053253 
Carcharhinidae    3.0278898 3.0181504 3.0800815 2.9862267 3.2895848 3.1102455 3.1052810 3.2679102 3.2340404 3.1628710 3.3566881 3.0951645 3.1698439 3.0782232 3.2913545 3.5106710 3.4905257 3.7494916 2.9274793 3.3123891 3.0242513 3.1353343 3.0764873 3.0929607 3.0944681 3.0565937 3.0587639 3.0461850 3.0204474 3.0650954 2.8169144 3.0671425 3.5625280 3.7589499 3.4612199 3.1583928 3.0987250 3.1589524 4.1379489 3.3844665 3.3401092 3.2687190 3.7655828 3.2357771 3.2586889 3.2332329 3.9165392 2.5146620 2.5702864 2.6053253 0.0000000 
