51
Pitheciidae       0.0000000 0.0917702 0.1187803 0.1038361 0.1131920 0.0872599 0.1050400 0.1450616 0.1134642 0.1025868 0.1388977 0.1105990 0.1091771 0.1122297 0.1392759 0.2336187 0.2168440 0.2162044 0.9981347 0.9507240 1.0496694 0.9791755 0.9495825 0.9793605 0.9974034 1.0149095 0.9941843 1.0058153 0.8949847 0.9139906 0.6766900 0.6675163 0.7925208 0.7781445 0.9538869 0.6433463 0.5250520 0.6622362 0.8180724 0.7463619 0.8762400 0.7972046 0.8614892 0.9060423 0.9073317 0.8781556 0.7191820 2.3743217 2.0532731 1.9202416 1.5494710 
Scandentia        0.0917702 0.0000000 0.1163015 0.1080721 0.1164003 0.0950326 0.1132386 0.1540456 0.1153152 0.1149159 0.1394296 0.1217027 0.1177756 0.1153108 0.1383935 0.2197949 0.2067800 0.2082868 0.9854479 0.9667664 1.0215671 1.0203587 0.9760882 0.9847086 0.9871423 1.0066616 0.9948912 1.0177715 0.8925189 0.9118161 0.6836086 0.6747228 0.7776328 0.7991947 0.9584675 0.6685924 0.5036026 0.6468033 0.7987639 0.7201630 0.8709983 0.7914669 0.8198629 0.9117817 0.8455878 0.8633729 0.6918286 2.4035390 2.0581999 1.9225117 1.5296868 
Erethizontidae    0.1187803 0.1163015 0.0000000 0.0528844 0.1191443 0.0987857 0.1293355 0.1631970 0.1294381 0.1242180 0.1498939 0.1330191 0.1328471 0.1290466 0.1565919 0.2342591 0.2282204 0.2292389 1.0526526 0.9825495 1.0939159 1.0500062 1.0295043 1.0138073 1.0279363 1.0227296 1.0109857 1.0489419 0.9316919 0.9404613 0.7213806 0.7205459 0.8025151 0.7912994 0.9784004 0.6949925 0.5409703 0.6686122 0.8286943 0.7532465 0.9035413 0.8085536 0.8319138 0.9149799 0.9060139 0.8930758 0.7094810 2.5053297 2.0606966 1.9269546 1.5027401 
Capromyidae       0.1038361 0.1080721 0.0528844 0.0000000 0.1187249 0.0945371 0.1234997 0.1610245 0.1323902 0.1210662 0.1534507 0.1283109 0.1256779 0.1219152 0.1572835 0.2375858 0.2198090 0.2226550 1.0130550 0.9586098 1.0544244 1.0048559 0.9907598 0.9816347 0.9973000 1.0039612 1.0132680 1.0311066 0.8822293 0.9278005 0.6872689 0.7086121 0.7790093 0.8100028 0.9566100 0.6819893 0.5315651 0.6423580 0.7908244 0.7307576 0.8974689 0.7992321 0.8475343 0.9183971 0.9254627 0.8986369 0.6861585 2.5415779 2.0911696 1.9643528 1.4889257 
Muridae           0.1131920 0.1164003 0.1191443 0.1187249 0.0000000 0.0947201 0.1196566 0.1656289 0.1299383 0.1257840 0.1555174 0.1355472 0.1215840 0.1273601 0.1593263 0.2488771 0.2345478 0.2359331 0.9916220 0.9133172 1.0272765 0.9947649 0.9958179 0.9794517 0.9783210 1.0155946 0.9883044 1.0276353 0.8811420 0.9159874 0.6911070 0.6744693 0.7789481 0.7937087 0.9291589 0.6665457 0.5251502 0.6413228 0.7655623 0.7206491 0.9006611 0.8047918 0.8334160 0.9029506 0.8908118 0.8558759 0.7173740 2.4703617 2.0782972 1.9629053 1.6045189 
Castoridae        0.0872599 0.0950326 0.0987857 0.0945371 0.0947201 0.0000000 0.0995224 0.1354752 0.1028434 0.1035879 0.1322532 0.1025173 0.1078997 0.1042134 0.1416884 0.2262464 0.2078409 0.2138177 0.9819694 0.9195037 1.0284075 0.9863725 0.9625897 0.9499358 0.9504716 0.9716315 0.9528427 0.9868670 0.8646264 0.8950029 0.6779189 0.6508485 0.7544060 0.7570999 0.9182729 0.6613905 0.4997738 0.6205975 0.7992049 0.7283962 0.9070052 0.7846544 0.8297361 0.8649475 0.8823723 0.8422555 0.6784967 2.4527831 2.0231509 1.9044522 1.5279020 
Suidae            0.1050400 0.1132386 0.1293355 0.1234997 0.1196566 0.0995224 0.0000000 0.1182285 0.0790277 0.1004045 0.1314811 0.1095028 0.1097475 0.1048591 0.1528541 0.2408729 0.2219235 0.2229910 0.9680929 0.9304565 1.0549104 0.9868205 0.9824416 0.9878619 0.9773993 1.0030924 0.9776533 1.0015025 0.8717697 0.8969011 0.6632802 0.6746061 0.7592242 0.7691704 0.9658138 0.6534531 0.5207890 0.6360986 0.8364947 0.7654953 0.9091600 0.8043674 0.8328538 0.9210544 0.9170777 0.9071504 0.7176627 2.5683577 2.0362092 1.8942432 1.5342528 
Hippopotamidae    0.1450616 0.1540456 0.1631970 0.1610245 0.1656289 0.1354752 0.1182285 0.0000000 0.1012236 0.1421232 0.1724506 0.1534362 0.1530764 0.1489906 0.2019861 0.2752972 0.2629515 0.2589057 1.0489158 1.0036297 1.1172873 1.0831617 1.0646608 1.0165864 1.0065813 1.0407187 1.0456129 1.0480573 0.9507069 0.9250507 0.7239868 0.7062687 0.7863962 0.7857848 0.9765428 0.6987595 0.5455413 0.6814460 0.8706199 0.7838460 0.9441569 0.8397208 0.8904767 0.9728461 0.9527415 0.9343477 0.7421371 2.4871686 2.1491481 2.0702760 1.5418897 
Hyperoodontidae   0.1134642 0.1153152 0.1294381 0.1323902 0.1299383 0.1028434 0.0790277 0.1012236 0.0000000 0.1009999 0.1281256 0.1103190 0.1131966 0.1054810 0.1606113 0.2418997 0.2232173 0.2228865 1.0095882 0.9580646 1.0811169 1.0104257 0.9997805 0.9903039 0.9769237 1.0062476 1.0061733 1.0140730 0.9187282 0.8938113 0.7041248 0.6881066 0.7584382 0.7987935 0.9805205 0.6967328 0.5276679 0.6393370 0.8262225 0.7528949 0.8966731 0.8111826 0.8549051 0.9322864 0.9089262 0.8960506 0.6748929 2.5447618 2.0186937 1.9235498 1.5017980 
Vespertilionidae  0.1025868 0.1149159 0.1242180 0.1210662 0.1257840 0.1035879 0.1004045 0.1421232 0.1009999 0.0000000 0.0896939 0.0713147 0.0983787 0.1025247 0.1450269 0.2288709 0.2081012 0.2044224 0.9835979 0.9386228 1.0596185 0.9919681 0.9665625 0.9765433 0.9639111 0.9735931 0.9795697 1.0082273 0.8679533 0.8951866 0.7002974 0.6822348 0.7846646 0.7719012 0.9573131 0.6741512 0.5192001 0.6394229 0.8499113 0.7577265 0.9236631 0.8454848 0.8523160 0.9502852 0.9144905 0.9008215 0.7134662 2.4284880 2.0560971 1.9227913 1.4931822 
Furipteridae      0.1388977 0.1394296 0.1498939 0.1534507 0.1555174 0.1322532 0.1314811 0.1724506 0.1281256 0.0896939 0.0000000 0.0999664 0.1220690 0.1238336 0.1847025 0.2505529 0.2319492 0.2261634 0.9971142 0.9660305 1.0508762 0.9949953 0.9746958 0.9614817 0.9818723 0.9908434 0.9793049 1.0143875 0.8773343 0.9205492 0.7159352 0.7429399 0.8458415 0.8122206 0.9886501 0.7358275 0.5547784 0.6647557 0.8510330 0.8180598 0.9144126 0.8498416 0.8849559 0.9698832 0.9242492 0.9018044 0.7176189 2.5214621 2.0545118 1.8976411 1.5190486 
Rhinolophidae     0.1105990 0.1217027 0.1330191 0.1283109 0.1355472 0.1025173 0.1095028 0.1534362 0.1103190 0.0713147 0.0999664 0.0000000 0.1062620 0.1025473 0.1620993 0.2300653 0.2162064 0.2190933 0.9873319 0.9542651 1.0607541 0.9951467 0.9696826 0.9963216 0.9809601 1.0034909 0.9988075 1.0116528 0.9154294 0.9522710 0.6986452 0.6860134 0.7970645 0.7683248 0.9843860 0.7010056 0.5361124 0.6609902 0.8170737 0.7798827 0.9001510 0.8402189 0.8764126 0.9510857 0.9112127 0.8994936 0.7079309 2.5036704 2.0116893 1.8535166 1.5349377 
Viverridae        0.1091771 0.1177756 0.1328471 0.1256779 0.1215840 0.1078997 0.1097475 0.1530764 0.1131966 0.0983787 0.1220690 0.1062620 0.0000000 0.0662371 0.1563053 0.2469324 0.2184988 0.2113110 0.9737114 0.9324080 1.0042699 0.9548122 0.9277000 0.9459779 0.9368476 0.9697853 0.9546089 0.9723431 0.8660570 0.9216774 0.6854351 0.6927283 0.7674646 0.7839465 0.9404449 0.6370181 0.5188997 0.6182863 0.8344581 0.7589771 0.9119334 0.8108914 0.8508224 0.9153457 0.8901103 0.8896735 0.7508630 2.5744396 2.0628658 1.9184336 1.4975375 
Procyonidae       0.1122297 0.1153108 0.1290466 0.1219152 0.1273601 0.1042134 0.1048591 0.1489906 0.1054810 0.1025247 0.1238336 0.1025473 0.0662371 0.0000000 0.1552846 0.2393167 0.2178715 0.2200715 0.9853488 0.9390816 1.0336178 0.9858583 0.9503104 0.9775027 0.9902086 1.0049775 0.9968862 0.9951710 0.8758231 0.9225284 0.6908633 0.7062282 0.7910502 0.7930880 0.9653076 0.6989126 0.5413671 0.6669378 0.8227292 0.7126047 0.8998261 0.8213851 0.8594405 0.9336584 0.8969106 0.8939999 0.7213164 2.5674056 2.0686567 1.9333594 1.5238300 
Myrmecophagidae   0.1392759 0.1383935 0.1565919 0.1572835 0.1593263 0.1416884 0.1528541 0.2019861 0.1606113 0.1450269 0.1847025 0.1620993 0.1563053 0.1552846 0.0000000 0.2632814 0.2421980 0.2484468 0.9827134 0.9189640 1.0311042 1.0037213 0.9736551 0.9596508 0.9953258 0.9817077 0.9516523 0.9767606 0.9163351 0.9100493 0.6883333 0.6704137 0.8165078 0.7805223 0.9530476 0.6677762 0.5230109 0.6516577 0.8566336 0.7600337 0.9204466 0.7904588 0.8434249 0.9391009 0.8246568 0.8497375 0.7173245 2.3966979 2.0022543 1.8736843 1.5125850 
Caluromyidae      0.2336187 0.2197949 0.2342591 0.2375858 0.2488771 0.2262464 0.2408729 0.2752972 0.2418997 0.2288709 0.2505529 0.2300653 0.2469324 0.2393167 0.2632814 0.0000000 0.1015956 0.1074108 1.0677453 1.0278159 1.0991489 1.0167394 1.0355034 1.0359672 1.0056662 1.0398733 1.0423016 1.0740087 0.9837382 0.9471779 0.7005961 0.6580909 0.8409930 0.8296004 1.0400100 0.6911255 0.5521148 0.6926916 0.8378808 0.7549059 0.9771190 0.8322629 0.8604766 0.9647386 0.9539379 0.9305850 0.7215767 2.6499438 2.0675337 1.9020220 1.5691667 
Thylacomyidae     0.2168440 0.2067800 0.2282204 0.2198090 0.2345478 0.2078409 0.2219235 0.2629515 0.2232173 0.2081012 0.2319492 0.2162064 0.2184988 0.2178715 0.2421980 0.1015956 0.0000000 0.0634512 1.0034230 0.9928902 1.0865516 1.0013140 0.9949912 1.0375285 0.9978186 1.0128006 1.0235057 1.0425708 0.9446054 0.9303925 0.6756979 0.6567386 0.7853775 0.8063187 0.9810546 0.6914041 0.5384632 0.6574231 0.8675766 0.7290598 0.9290324 0.8423385 0.8841917 0.9598416 0.8919617 0.8954816 0.6805168 2.5460559 2.0401128 1.9031651 1.6045872 
Phalangeridae     0.2162044 0.2082868 0.2292389 0.2226550 0.2359331 0.2138177 0.2229910 0.2589057 0.2228865 0.2044224 0.2261634 0.2190933 0.2113110 0.2200715 0.2484468 0.1074108 0.0634512 0.0000000 0.9952090 0.9485448 1.0440711 0.9449717 0.9481650 0.9894423 0.9571833 0.9787247 0.9910234 1.0114129 0.8769864 0.8984032 0.6690436 0.6497243 0.7674816 0.7715909 0.9614568 0.6783156 0.5221966 0.6396515 0.8420883 0.7451427 0.9140676 0.8277545 0.8645787 0.9425903 0.9124335 0.8822059 0.7038645 2.5020345 2.0145315 1.9043887 1.5307459 
Tityridae         0.9981347 0.9854479 1.0526526 1.0130550 0.9916220 0.9819694 0.9680929 1.0489158 1.0095882 0.9835979 0.9971142 0.9873319 0.9737114 0.9853488 0.9827134 1.0677453 1.0034230 0.9952090 0.0000000 0.3558408 0.3730745 0.3911398 0.3871190 0.3880113 0.3955178 0.3570585 0.3419048 0.3750881 0.4692528 0.9742317 0.7997240 0.8684632 1.1761993 1.1780517 1.2755729 1.0521848 0.8609901 0.9211407 1.5386933 1.3033911 1.6115452 1.4483138 1.4420319 1.5373694 1.5455932 1.5286691 1.1890489 3.0707579 2.4274352 2.3480152 2.1386934 
Ptilonorhynchidae 0.9507240 0.9667664 0.9825495 0.9586098 0.9133172 0.9195037 0.9304565 1.0036297 0.9580646 0.9386228 0.9660305 0.9542651 0.9324080 0.9390816 0.9189640 1.0278159 0.9928902 0.9485448 0.3558408 0.0000000 0.2891732 0.3090197 0.3195490 0.3273554 0.3247103 0.3188727 0.3017203 0.2844794 0.4993577 1.0251848 0.8318610 0.8169002 1.1490744 1.1390439 1.2483982 1.0041292 0.8379208 0.9219829 1.4990570 1.2638226 1.5378617 1.3386774 1.3616524 1.4359547 1.3977430 1.4475423 1.2670691 2.9666428 2.3292205 2.2688248 2.1048244 
Callaeatidae      1.0496694 1.0215671 1.0939159 1.0544244 1.0272765 1.0284075 1.0549104 1.1172873 1.0811169 1.0596185 1.0508762 1.0607541 1.0042699 1.0336178 1.0311042 1.0991489 1.0865516 1.0440711 0.3730745 0.2891732 0.0000000 0.2134383 0.2331271 0.2606965 0.2437852 0.2427387 0.2416081 0.2321072 0.5196142 1.0524110 0.8519835 0.9823421 1.2179839 1.2289213 1.3821861 1.1292704 0.9371265 0.9473464 1.6711991 1.3839395 1.6406749 1.5182842 1.5276761 1.6020949 1.6098240 1.6347542 1.3053972 3.1473543 2.2942549 2.2897292 2.1540460 
Monarchidae       0.9791755 1.0203587 1.0500062 1.0048559 0.9947649 0.9863725 0.9868205 1.0831617 1.0104257 0.9919681 0.9949953 0.9951467 0.9548122 0.9858583 1.0037213 1.0167394 1.0013140 0.9449717 0.3911398 0.3090197 0.2134383 0.0000000 0.1503855 0.2397492 0.2219265 0.2279072 0.2231029 0.2027697 0.5156689 0.9969039 0.8191704 0.9389612 1.2276385 1.1768492 1.2630833 1.0228444 0.9075638 0.8913913 1.5338352 1.3579159 1.5594818 1.4316726 1.4227960 1.4894714 1.5313665 1.5764284 1.2169414 2.9561440 2.3087265 2.3199668 2.0615029 
Malaconotidae     0.9495825 0.9760882 1.0295043 0.9907598 0.9958179 0.9625897 0.9824416 1.0646608 0.9997805 0.9665625 0.9746958 0.9696826 0.9277000 0.9503104 0.9736551 1.0355034 0.9949912 0.9481650 0.3871190 0.3195490 0.2331271 0.1503855 0.0000000 0.2446398 0.2487531 0.2410321 0.2328752 0.2301034 0.5055682 1.0056834 0.8278102 0.9074674 1.2336946 1.1779031 1.3306982 1.0681292 0.9192176 0.8982424 1.5666048 1.3303790 1.4841479 1.3741020 1.3374229 1.4608319 1.4225217 1.5382523 1.2138459 2.9981729 2.3126137 2.2728109 2.0598929 
Certhiidae        0.9793605 0.9847086 1.0138073 0.9816347 0.9794517 0.9499358 0.9878619 1.0165864 0.9903039 0.9765433 0.9614817 0.9963216 0.9459779 0.9775027 0.9596508 1.0359672 1.0375285 0.9894423 0.3880113 0.3273554 0.2606965 0.2397492 0.2446398 0.0000000 0.2167047 0.2019219 0.1946609 0.2131518 0.5355675 0.9540829 0.8212660 0.9057898 1.1744617 1.1838689 1.2408053 1.0076003 0.8764890 0.9488631 1.4934802 1.3332561 1.5048810 1.3807069 1.3644756 1.5541994 1.5243606 1.5504223 1.2018812 2.9524198 2.2153321 2.2372841 1.9878037 
Cinclidae         0.9974034 0.9871423 1.0279363 0.9973000 0.9783210 0.9504716 0.9773993 1.0065813 0.9769237 0.9639111 0.9818723 0.9809601 0.9368476 0.9902086 0.9953258 1.0056662 0.9978186 0.9571833 0.3955178 0.3247103 0.2437852 0.2219265 0.2487531 0.2167047 0.0000000 0.2230536 0.2132582 0.2088830 0.5308468 0.9566654 0.7800383 0.8528891 1.2151347 1.1907200 1.2948703 1.0624738 0.8853019 0.9051620 1.4729550 1.3250497 1.5459388 1.3976705 1.3664512 1.5376151 1.5391872 1.5704026 1.2394075 3.0923262 2.1400217 2.1235667 1.9087406 
Ploceidae         1.0149095 1.0066616 1.0227296 1.0039612 1.0155946 0.9716315 1.0030924 1.0407187 1.0062476 0.9735931 0.9908434 1.0034909 0.9697853 1.0049775 0.9817077 1.0398733 1.0128006 0.9787247 0.3570585 0.3188727 0.2427387 0.2279072 0.2410321 0.2019219 0.2230536 0.0000000 0.1130399 0.1941219 0.5358872 0.9689046 0.8160216 0.9074397 1.2219679 1.1295498 1.2559611 1.0642853 0.8743764 0.9028797 1.5102509 1.3130524 1.5393876 1.4308937 1.3691376 1.5598570 1.5260064 1.5960478 1.2162365 3.0905686 2.1859787 2.1725104 2.0086994 
Thraupidae        0.9941843 0.9948912 1.0109857 1.0132680 0.9883044 0.9528427 0.9776533 1.0456129 1.0061733 0.9795697 0.9793049 0.9988075 0.9546089 0.9968862 0.9516523 1.0423016 1.0235057 0.9910234 0.3419048 0.3017203 0.2416081 0.2231029 0.2328752 0.1946609 0.2132582 0.1130399 0.0000000 0.1821014 0.5292712 0.9948677 0.8355406 0.9392520 1.2366614 1.1948847 1.2659011 1.1005901 0.9034248 0.9157858 1.5398023 1.3272557 1.5500695 1.4089279 1.3641954 1.5483012 1.4977033 1.6010298 1.2415434 3.0513798 2.2091954 2.1867128 2.0345452 
Alaudidae         1.0058153 1.0177715 1.0489419 1.0311066 1.0276353 0.9868670 1.0015025 1.0480573 1.0140730 1.0082273 1.0143875 1.0116528 0.9723431 0.9951710 0.9767606 1.0740087 1.0425708 1.0114129 0.3750881 0.2844794 0.2321072 0.2027697 0.2301034 0.2131518 0.2088830 0.1941219 0.1821014 0.0000000 0.5067346 0.9963216 0.7701107 0.9003992 1.2211392 1.1653530 1.2713323 1.0247841 0.8529495 0.8806140 1.5200052 1.3235581 1.5487241 1.4321457 1.4138172 1.5369626 1.5309781 1.5500459 1.1884981 3.0675453 2.4053778 2.3726160 1.9100389 
Coraciiformes     0.8949847 0.8925189 0.9316919 0.8822293 0.8811420 0.8646264 0.8717697 0.9507069 0.9187282 0.8679533 0.8773343 0.9154294 0.8660570 0.8758231 0.9163351 0.9837382 0.9446054 0.8769864 0.4692528 0.4993577 0.5196142 0.5156689 0.5055682 0.5355675 0.5308468 0.5358872 0.5292712 0.5067346 0.0000000 1.0838610 0.8364605 0.9001363 1.0902791 1.0606891 1.2070165 0.9294173 0.8094755 0.8985544 1.4004542 1.2073935 1.3867376 1.2974591 1.2928364 1.4740507 1.5514068 1.4985131 1.1335193 2.7861967 2.3411606 2.3352052 1.7471609 
Crocodylidae      0.9139906 0.9118161 0.9404613 0.9278005 0.9159874 0.8950029 0.8969011 0.9250507 0.8938113 0.8951866 0.9205492 0.9522710 0.9216774 0.9225284 0.9100493 0.9471779 0.9303925 0.8984032 0.9742317 1.0251848 1.0524110 0.9969039 1.0056834 0.9540829 0.9566654 0.9689046 0.9948677 0.9963216 1.0838610 0.0000000 0.7150675 0.7576444 1.0650069 1.0035421 1.1349550 0.8873623 0.7674109 0.8013541 1.3055879 1.2052177 1.3247527 1.2778663 1.2992304 1.3526007 1.3693610 1.3890643 1.0722624 3.2062920 2.2635228 2.2437825 1.9792579 
Carettochelyidae  0.6766900 0.6836086 0.7213806 0.6872689 0.6911070 0.6779189 0.6632802 0.7239868 0.7041248 0.7002974 0.7159352 0.6986452 0.6854351 0.6908633 0.6883333 0.7005961 0.6756979 0.6690436 0.7997240 0.8318610 0.8519835 0.8191704 0.8278102 0.8212660 0.7800383 0.8160216 0.8355406 0.7701107 0.8364605 0.7150675 0.0000000 0.3732846 0.8534300 0.8416203 0.9739966 0.6347067 0.5606411 0.6556653 1.0168206 0.8156529 1.0539742 0.9076066 0.9461439 1.0511400 1.1006162 1.0563035 0.8382057 2.6166498 2.1378601 1.9375363 1.7030967 
Kinosternidae     0.6675163 0.6747228 0.7205459 0.7086121 0.6744693 0.6508485 0.6746061 0.7062687 0.6881066 0.6822348 0.7429399 0.6860134 0.6927283 0.7062282 0.6704137 0.6580909 0.6567386 0.6497243 0.8684632 0.8169002 0.9823421 0.9389612 0.9074674 0.9057898 0.8528891 0.9074397 0.9392520 0.9003992 0.9001363 0.7576444 0.3732846 0.0000000 0.8816374 0.8157298 1.0208519 0.6747568 0.5630689 0.6537162 1.0317563 0.9320645 1.1060691 0.9926632 1.0099440 1.0608002 1.0705879 1.0872460 0.9389765 2.7461256 2.2079074 2.0771784 1.6809559 
Anomalepididae    0.7925208 0.7776328 0.8025151 0.7790093 0.7789481 0.7544060 0.7592242 0.7863962 0.7584382 0.7846646 0.8458415 0.7970645 0.7674646 0.7910502 0.8165078 0.8409930 0.7853775 0.7674816 1.1761993 1.1490744 1.2179839 1.2276385 1.2336946 1.1744617 1.2151347 1.2219679 1.2366614 1.2211392 1.0902791 1.0650069 0.8534300 0.8816374 0.0000000 0.6905913 0.8056280 0.6443206 0.5093594 0.6939390 1.1350129 1.0104170 1.2248288 1.1383716 1.1594078 1.2872179 1.1901788 1.2046911 0.9583133 2.9022408 2.3731018 2.2778378 1.9032116 
Loxocemidae       0.7781445 0.7991947 0.7912994 0.8100028 0.7937087 0.7570999 0.7691704 0.7857848 0.7987935 0.7719012 0.8122206 0.7683248 0.7839465 0.7930880 0.7805223 0.8296004 0.8063187 0.7715909 1.1780517 1.1390439 1.2289213 1.1768492 1.1779031 1.1838689 1.1907200 1.1295498 1.1948847 1.1653530 1.0606891 1.0035421 0.8416203 0.8157298 0.6905913 0.0000000 0.6448442 0.5922205 0.4660010 0.6200196 1.0132817 0.9929500 1.1757062 1.0623379 1.1008430 1.2815404 1.2082548 1.2335493 1.0159251 2.5526856 2.2638278 2.1329772 1.6789596 
Natricidae        0.9538869 0.9584675 0.9784004 0.9566100 0.9291589 0.9182729 0.9658138 0.9765428 0.9805205 0.9573131 0.9886501 0.9843860 0.9404449 0.9653076 0.9530476 1.0400100 0.9810546 0.9614568 1.2755729 1.2483982 1.3821861 1.2630833 1.3306982 1.2408053 1.2948703 1.2559611 1.2659011 1.2713323 1.2070165 1.1349550 0.9739966 1.0208519 0.8056280 0.6448442 0.0000000 0.7696749 0.6530552 0.7515395 1.2908395 1.1886796 1.4435095 1.2802919 1.2976645 1.4522740 1.3480533 1.3906290 1.1852122 3.1799467 2.6744707 2.5144417 1.9198817 
Xenosauridae      0.6433463 0.6685924 0.6949925 0.6819893 0.6665457 0.6613905 0.6534531 0.6987595 0.6967328 0.6741512 0.7358275 0.7010056 0.6370181 0.6989126 0.6677762 0.6911255 0.6914041 0.6783156 1.0521848 1.0041292 1.1292704 1.0228444 1.0681292 1.0076003 1.0624738 1.0642853 1.1005901 1.0247841 0.9294173 0.8873623 0.6347067 0.6747568 0.6443206 0.5922205 0.7696749 0.0000000 0.4045837 0.5341653 0.9850203 0.9116323 1.0842057 0.9965448 1.0491236 1.1275815 1.1027298 1.1108346 0.8255508 2.6800449 2.2504203 2.0644879 1.6983882 
Teiidae           0.5250520 0.5036026 0.5409703 0.5315651 0.5251502 0.4997738 0.5207890 0.5455413 0.5276679 0.5192001 0.5547784 0.5361124 0.5188997 0.5413671 0.5230109 0.5521148 0.5384632 0.5221966 0.8609901 0.8379208 0.9371265 0.9075638 0.9192176 0.8764890 0.8853019 0.8743764 0.9034248 0.8529495 0.8094755 0.7674109 0.5606411 0.5630689 0.5093594 0.4660010 0.6530552 0.4045837 0.0000000 0.3599859 0.8639850 0.8218893 0.9525771 0.8283573 0.8656883 1.0027442 0.9803541 0.9933013 0.6841307 2.4756181 2.0488966 1.9445228 1.5673058 
Eublepharidae     0.6622362 0.6468033 0.6686122 0.6423580 0.6413228 0.6205975 0.6360986 0.6814460 0.6393370 0.6394229 0.6647557 0.6609902 0.6182863 0.6669378 0.6516577 0.6926916 0.6574231 0.6396515 0.9211407 0.9219829 0.9473464 0.8913913 0.8982424 0.9488631 0.9051620 0.9028797 0.9157858 0.8806140 0.8985544 0.8013541 0.6556653 0.6537162 0.6939390 0.6200196 0.7515395 0.5341653 0.3599859 0.0000000 1.0445467 0.8866814 1.0562651 0.9881671 1.0179548 1.1095497 1.1127913 1.0899734 0.7622427 2.5722508 2.0764797 1.9259082 1.6044733 
Dicamptodontidae  0.8180724 0.7987639 0.8286943 0.7908244 0.7655623 0.7992049 0.8364947 0.8706199 0.8262225 0.8499113 0.8510330 0.8170737 0.8344581 0.8227292 0.8566336 0.8378808 0.8675766 0.8420883 1.5386933 1.4990570 1.6711991 1.5338352 1.5666048 1.4934802 1.4729550 1.5102509 1.5398023 1.5200052 1.4004542 1.3055879 1.0168206 1.0317563 1.1350129 1.0132817 1.2908395 0.9850203 0.8639850 1.0445467 0.0000000 0.6551574 0.8661934 0.7818433 0.7894633 0.8395874 0.8554149 0.7686032 0.7460153 2.6787491 2.2100126 2.1953474 1.7087221 
Alytidae          0.7463619 0.7201630 0.7532465 0.7307576 0.7206491 0.7283962 0.7654953 0.7838460 0.7528949 0.7577265 0.8180598 0.7798827 0.7589771 0.7126047 0.7600337 0.7549059 0.7290598 0.7451427 1.3033911 1.2638226 1.3839395 1.3579159 1.3303790 1.3332561 1.3250497 1.3130524 1.3272557 1.3235581 1.2073935 1.2052177 0.8156529 0.9320645 1.0104170 0.9929500 1.1886796 0.9116323 0.8218893 0.8866814 0.6551574 0.0000000 0.5891346 0.5673674 0.5874894 0.6171936 0.5949733 0.5691239 0.5989397 2.6946493 2.1512774 2.0007123 1.6963559 
Heleophrynidae    0.8762400 0.8709983 0.9035413 0.8974689 0.9006611 0.9070052 0.9091600 0.9441569 0.8966731 0.9236631 0.9144126 0.9001510 0.9119334 0.8998261 0.9204466 0.9771190 0.9290324 0.9140676 1.6115452 1.5378617 1.6406749 1.5594818 1.4841479 1.5048810 1.5459388 1.5393876 1.5500695 1.5487241 1.3867376 1.3247527 1.0539742 1.1060691 1.2248288 1.1757062 1.4435095 1.0842057 0.9525771 1.0562651 0.8661934 0.5891346 0.0000000 0.4655395 0.4678936 0.5286562 0.4735508 0.4688949 0.7881619 2.6620722 2.2848646 2.1509671 1.9888514 
Leptodactylidae   0.7972046 0.7914669 0.8085536 0.7992321 0.8047918 0.7846544 0.8043674 0.8397208 0.8111826 0.8454848 0.8498416 0.8402189 0.8108914 0.8213851 0.7904588 0.8322629 0.8423385 0.8277545 1.4483138 1.3386774 1.5182842 1.4316726 1.3741020 1.3807069 1.3976705 1.4308937 1.4089279 1.4321457 1.2974591 1.2778663 0.9076066 0.9926632 1.1383716 1.0623379 1.2802919 0.9965448 0.8283573 0.9881671 0.7818433 0.5673674 0.4655395 0.0000000 0.1342016 0.5058551 0.4280845 0.3879083 0.7355176 2.4911703 2.3159305 2.1472081 1.8653055 
Strabomantidae    0.8614892 0.8198629 0.8319138 0.8475343 0.8334160 0.8297361 0.8328538 0.8904767 0.8549051 0.8523160 0.8849559 0.8764126 0.8508224 0.8594405 0.8434249 0.8604766 0.8841917 0.8645787 1.4420319 1.3616524 1.5276761 1.4227960 1.3374229 1.3644756 1.3664512 1.3691376 1.3641954 1.4138172 1.2928364 1.2992304 0.9461439 1.0099440 1.1594078 1.1008430 1.2976645 1.0491236 0.8656883 1.0179548 0.7894633 0.5874894 0.4678936 0.1342016 0.0000000 0.5398595 0.4646901 0.4184507 0.7342225 2.5205445 2.2887427 2.0924607 1.8634883 
Micrixalidae      0.9060423 0.9117817 0.9149799 0.9183971 0.9029506 0.8649475 0.9210544 0.9728461 0.9322864 0.9502852 0.9698832 0.9510857 0.9153457 0.9336584 0.9391009 0.9647386 0.9598416 0.9425903 1.5373694 1.4359547 1.6020949 1.4894714 1.4608319 1.5541994 1.5376151 1.5598570 1.5483012 1.5369626 1.4740507 1.3526007 1.0511400 1.0608002 1.2872179 1.2815404 1.4522740 1.1275815 1.0027442 1.1095497 0.8395874 0.6171936 0.5286562 0.5058551 0.5398595 0.0000000 0.3758179 0.3229220 0.8186080 2.5593486 2.3713631 2.2533047 1.9752538 
Hemisotidae       0.9073317 0.8455878 0.9060139 0.9254627 0.8908118 0.8823723 0.9170777 0.9527415 0.9089262 0.9144905 0.9242492 0.9112127 0.8901103 0.8969106 0.8246568 0.9539379 0.8919617 0.9124335 1.5455932 1.3977430 1.6098240 1.5313665 1.4225217 1.5243606 1.5391872 1.5260064 1.4977033 1.5309781 1.5514068 1.3693610 1.1006162 1.0705879 1.1901788 1.2082548 1.3480533 1.1027298 0.9803541 1.1127913 0.8554149 0.5949733 0.4735508 0.4280845 0.4646901 0.3758179 0.0000000 0.2500407 0.7740381 2.6421457 2.3276814 2.1762273 1.9083429 
Asterophryidae    0.8781556 0.8633729 0.8930758 0.8986369 0.8558759 0.8422555 0.9071504 0.9343477 0.8960506 0.9008215 0.9018044 0.8994936 0.8896735 0.8939999 0.8497375 0.9305850 0.8954816 0.8822059 1.5286691 1.4475423 1.6347542 1.5764284 1.5382523 1.5504223 1.5704026 1.5960478 1.6010298 1.5500459 1.4985131 1.3890643 1.0563035 1.0872460 1.2046911 1.2335493 1.3906290 1.1108346 0.9933013 1.0899734 0.7686032 0.5691239 0.4688949 0.3879083 0.4184507 0.3229220 0.2500407 0.0000000 0.7617745 2.6333759 2.3396059 2.1463227 1.9015097 
Caeciliidae2      0.7191820 0.6918286 0.7094810 0.6861585 0.7173740 0.6784967 0.7176627 0.7421371 0.6748929 0.7134662 0.7176189 0.7079309 0.7508630 0.7213164 0.7173245 0.7215767 0.6805168 0.7038645 1.1890489 1.2670691 1.3053972 1.2169414 1.2138459 1.2018812 1.2394075 1.2162365 1.2415434 1.1884981 1.1335193 1.0722624 0.8382057 0.9389765 0.9583133 1.0159251 1.1852122 0.8255508 0.6841307 0.7622427 0.7460153 0.5989397 0.7881619 0.7355176 0.7342225 0.8186080 0.7740381 0.7617745 0.0000000 2.5478921 2.0334517 1.9419331 1.4826783 
Polypteriformes   2.3743217 2.4035390 2.5053297 2.5415779 2.4703617 2.4527831 2.5683577 2.4871686 2.5447618 2.4284880 2.5214621 2.5036704 2.5744396 2.5674056 2.3966979 2.6499438 2.5460559 2.5020345 3.0707579 2.9666428 3.1473543 2.9561440 2.9981729 2.9524198 3.0923262 3.0905686 3.0513798 3.0675453 2.7861967 3.2062920 2.6166498 2.7461256 2.9022408 2.5526856 3.1799467 2.6800449 2.4756181 2.5722508 2.6787491 2.6946493 2.6620722 2.4911703 2.5205445 2.5593486 2.6421457 2.6333759 2.5478921 0.0000000 2.8608153 2.7612877 3.3519720 
Channichthyidae   2.0532731 2.0581999 2.0606966 2.0911696 2.0782972 2.0231509 2.0362092 2.1491481 2.0186937 2.0560971 2.0545118 2.0116893 2.0628658 2.0686567 2.0022543 2.0675337 2.0401128 2.0145315 2.4274352 2.3292205 2.2942549 2.3087265 2.3126137 2.2153321 2.1400217 2.1859787 2.2091954 2.4053778 2.3411606 2.2635228 2.1378601 2.2079074 2.3731018 2.2638278 2.6744707 2.2504203 2.0488966 2.0764797 2.2100126 2.1512774 2.2848646 2.3159305 2.2887427 2.3713631 2.3276814 2.3396059 2.0334517 2.8608153 0.0000000 0.3366047 2.2472405 
Pseudaphritidae   1.9202416 1.9225117 1.9269546 1.9643528 1.9629053 1.9044522 1.8942432 2.0702760 1.9235498 1.9227913 1.8976411 1.8535166 1.9184336 1.9333594 1.8736843 1.9020220 1.9031651 1.9043887 2.3480152 2.2688248 2.2897292 2.3199668 2.2728109 2.2372841 2.1235667 2.1725104 2.1867128 2.3726160 2.3352052 2.2437825 1.9375363 2.0771784 2.2778378 2.1329772 2.5144417 2.0644879 1.9445228 1.9259082 2.1953474 2.0007123 2.1509671 2.1472081 2.0924607 2.2533047 2.1762273 2.1463227 1.9419331 2.7612877 0.3366047 0.0000000 2.2790871 
Carcharhinidae    1.5494710 1.5296868 1.5027401 1.4889257 1.6045189 1.5279020 1.5342528 1.5418897 1.5017980 1.4931822 1.5190486 1.5349377 1.4975375 1.5238300 1.5125850 1.5691667 1.6045872 1.5307459 2.1386934 2.1048244 2.1540460 2.0615029 2.0598929 1.9878037 1.9087406 2.0086994 2.0345452 1.9100389 1.7471609 1.9792579 1.7030967 1.6809559 1.9032116 1.6789596 1.9198817 1.6983882 1.5673058 1.6044733 1.7087221 1.6963559 1.9888514 1.8653055 1.8634883 1.9752538 1.9083429 1.9015097 1.4826783 3.3519720 2.2472405 2.2790871 0.0000000 
