51
Pitheciidae       0.0000000 0.1739395 0.2412186 0.2287376 0.1918239 0.1878891 0.2236385 0.1709383 0.1731753 0.1597680 0.1626362 0.1603168 0.1761171 0.1718727 0.1780545 0.5419705 0.5447436 0.5013210 1.5484965 1.6562862 1.7534796 1.7918206 1.7075566 1.8179875 1.7283182 1.8413268 1.7518526 1.6853654 1.6219890 2.2505213 1.6249882 1.6879015 1.4388217 1.3157499 1.3402308 1.3797276 1.6497712 1.2643138 1.8567146 2.0653142 1.7379836 1.8442431 2.0037505 2.6974644 1.9727882 1.9002525 2.0535095 5.2605576 2.2287192 2.2385678 2.0829759 
Scandentia        0.1739395 0.0000000 0.2208384 0.2127753 0.1636878 0.1756831 0.2023742 0.1465684 0.1576922 0.1417683 0.1472770 0.1412396 0.1614749 0.1558860 0.1662124 0.5558454 0.5660979 0.4850219 1.5122370 1.5558671 1.6573584 1.6532625 1.6086778 1.7177157 1.6499434 1.6968689 1.6454813 1.5673716 1.5285652 2.1714944 1.6525049 1.6391072 1.4325476 1.2607282 1.3114121 1.3722172 1.5845512 1.1973902 1.7256131 2.0327310 1.6946885 1.7058168 1.8855354 2.6060254 1.9663156 1.8719431 2.0899147 5.4474601 2.1593515 2.1630667 1.9187793 
Erethizontidae    0.2412186 0.2208384 0.0000000 0.1022138 0.2107821 0.2160611 0.2520767 0.1988382 0.2007037 0.1802341 0.1772074 0.1890986 0.1948369 0.1920446 0.1998220 0.6154413 0.6250561 0.5706445 1.7086815 1.7475083 1.8328744 1.8968523 1.8001767 1.9404756 1.7983271 1.8865921 1.7961493 1.7948123 1.7523059 2.3810407 1.8024872 1.7652269 1.4609676 1.3688597 1.3892675 1.4478901 1.7308983 1.2771929 1.9431852 2.0885058 1.8747876 1.9464815 2.1235100 2.8384132 2.0146954 2.0528578 2.1971901 5.0543346 2.3860560 2.3854271 2.1337451 
Capromyidae       0.2287376 0.2127753 0.1022138 0.0000000 0.2145356 0.2110213 0.2427832 0.1994983 0.1980942 0.1817337 0.1944091 0.1989077 0.2121188 0.1965097 0.2143235 0.6190337 0.6253244 0.5398498 1.6836785 1.7447333 1.8162361 1.9004955 1.8065950 1.9349162 1.8227742 1.9023635 1.7934369 1.7823705 1.7331011 2.2889575 1.7859121 1.7978593 1.4694384 1.3322871 1.3758003 1.4578417 1.6705169 1.2317421 1.9205788 2.1063088 1.8002120 1.8637170 2.0063439 2.6992791 1.9706141 1.9020209 2.0621682 5.1181432 2.3157508 2.3166304 2.1086418 
Muridae           0.1918239 0.1636878 0.2107821 0.2145356 0.0000000 0.1555195 0.2083704 0.1712559 0.1725780 0.1519979 0.1471138 0.1527553 0.1744946 0.1716793 0.1796148 0.5831405 0.5513545 0.5051501 1.6153554 1.6899396 1.7754788 1.7921962 1.7228189 1.8525937 1.7708195 1.8332463 1.7462974 1.7466544 1.6860925 2.2508244 1.6939929 1.7204235 1.4803393 1.3077444 1.3359450 1.4246046 1.7106494 1.2665932 1.9276751 2.0610958 1.7387230 1.8616678 2.0667647 2.7961744 2.0102520 1.9870895 2.0546520 5.2251983 2.2825392 2.2882433 2.0883390 
Castoridae        0.1878891 0.1756831 0.2160611 0.2110213 0.1555195 0.0000000 0.2099386 0.1685760 0.1735079 0.1572346 0.1589114 0.1604061 0.1757194 0.1678580 0.1768762 0.5697480 0.5574130 0.4943433 1.6334000 1.6986514 1.7954077 1.8319378 1.7365506 1.8573076 1.7691132 1.8590895 1.7740021 1.7249862 1.6982417 2.2911928 1.7070628 1.6873800 1.4499733 1.3199085 1.3174494 1.3942911 1.6488366 1.2532366 1.8377630 2.0308427 1.7757005 1.8742466 2.0101582 2.7720165 2.0120493 1.9396267 2.0694590 5.2266162 2.2792699 2.2594663 2.0122232 
Suidae            0.2236385 0.2023742 0.2520767 0.2427832 0.2083704 0.2099386 0.0000000 0.1282750 0.1360568 0.1351986 0.1457628 0.1422145 0.1563994 0.1578089 0.1844886 0.5404912 0.5535649 0.5078222 1.5591409 1.6911764 1.7806168 1.7699227 1.7120321 1.8532518 1.7751501 1.8113361 1.7854100 1.7192099 1.6901969 2.3726846 1.8016324 1.7317947 1.4797025 1.3341211 1.3671186 1.4459662 1.6712450 1.2767479 1.8463691 2.0503622 1.7345558 1.8282243 1.9908995 2.6592758 1.9870526 1.9059397 2.0040128 5.1602520 2.2739931 2.2782866 2.0758506 
Hippopotamidae    0.1709383 0.1465684 0.1988382 0.1994983 0.1712559 0.1685760 0.1282750 0.0000000 0.0624951 0.0886746 0.0956711 0.1021297 0.1170626 0.1114921 0.1350334 0.4851447 0.5317883 0.4557565 1.5237758 1.6083682 1.6908488 1.7523029 1.6439934 1.7931721 1.6951517 1.7698219 1.7116359 1.6478433 1.5813695 2.2208866 1.6268519 1.6178391 1.3835183 1.2322349 1.2792457 1.3385211 1.5879270 1.1876051 1.7827012 2.0589128 1.6494086 1.7792711 1.9134132 2.5909086 1.8791004 1.8241322 1.9947808 4.9855877 2.1325839 2.1346503 1.9535578 
Hyperoodontidae   0.1731753 0.1576922 0.2007037 0.1980942 0.1725780 0.1735079 0.1360568 0.0624951 0.0000000 0.0907565 0.1025578 0.1091388 0.1222156 0.1177877 0.1380781 0.5181613 0.5321980 0.4631417 1.5666671 1.6380684 1.7510597 1.7872112 1.6790828 1.8004554 1.7161936 1.8121463 1.7468890 1.6761882 1.6104619 2.2620841 1.6688488 1.6444251 1.4274392 1.2651690 1.3300671 1.3838443 1.5969312 1.2235762 1.8090296 2.0571355 1.7172340 1.8378528 1.9920598 2.6567704 1.9274702 1.9022966 2.0571293 5.0178108 2.1682037 2.1684236 1.9990162 
Vespertilionidae  0.1597680 0.1417683 0.1802341 0.1817337 0.1519979 0.1572346 0.1351986 0.0886746 0.0907565 0.0000000 0.0509160 0.0614450 0.1034851 0.0992460 0.1184136 0.4829230 0.5137177 0.4469124 1.5455722 1.6125328 1.7123776 1.7509746 1.6610492 1.7960871 1.7099952 1.7876334 1.7097938 1.6469650 1.6019312 2.2045113 1.6434040 1.6609141 1.3927088 1.2220846 1.2735959 1.3680762 1.5756774 1.2030478 1.7634748 2.0345727 1.6515697 1.7539604 1.9300113 2.6076435 1.9343141 1.8304574 1.9828124 5.0926138 2.1536452 2.1556459 1.9882271 
Furipteridae      0.1626362 0.1472770 0.1772074 0.1944091 0.1471138 0.1589114 0.1457628 0.0956711 0.1025578 0.0509160 0.0000000 0.0604966 0.1048799 0.1006078 0.1234395 0.4721042 0.4962488 0.4198516 1.5137469 1.5692796 1.6660424 1.7070500 1.6179181 1.7429926 1.6475212 1.7327414 1.6570091 1.5926745 1.5678122 2.1742981 1.6037560 1.6326805 1.3600717 1.1971564 1.2552866 1.3483664 1.5546400 1.1758448 1.7733817 2.0224058 1.6540386 1.7544630 1.9459824 2.6331756 1.9090225 1.8661472 1.9859265 4.9573552 2.1524628 2.1544453 1.9912850 
Rhinolophidae     0.1603168 0.1412396 0.1890986 0.1989077 0.1527553 0.1604061 0.1422145 0.1021297 0.1091388 0.0614450 0.0604966 0.0000000 0.1066934 0.1047282 0.1228101 0.4850781 0.5004323 0.4393070 1.5187593 1.5939879 1.6877600 1.7320867 1.6488486 1.7695188 1.6828392 1.7619104 1.6892904 1.6242950 1.5581751 2.1481094 1.6360846 1.6273685 1.3605641 1.2203214 1.2520422 1.3193326 1.5239671 1.1540588 1.7618219 2.0134026 1.6508282 1.7374367 1.9104781 2.6203772 1.9162275 1.8329302 2.0251799 4.9235679 2.1664373 2.1680725 1.9588963 
Viverridae        0.1761171 0.1614749 0.1948369 0.2121188 0.1744946 0.1757194 0.1563994 0.1170626 0.1222156 0.1034851 0.1048799 0.1066934 0.0000000 0.0830881 0.1349544 0.5064974 0.5528770 0.4656598 1.5431136 1.6321103 1.6854303 1.7524131 1.6571472 1.7575226 1.6981375 1.7762399 1.7004340 1.6242983 1.5831042 2.1900228 1.6730918 1.6596436 1.3790463 1.2309820 1.2603606 1.3437466 1.6124124 1.1934335 1.8343194 2.0279322 1.6930536 1.7692617 1.9506124 2.6615867 1.9329704 1.8735949 2.0751983 5.1561521 2.2013210 2.2026493 2.0145331 
Procyonidae       0.1718727 0.1558860 0.1920446 0.1965097 0.1716793 0.1678580 0.1578089 0.1114921 0.1177877 0.0992460 0.1006078 0.1047282 0.0830881 0.0000000 0.1337545 0.5002847 0.5267470 0.4372935 1.4998410 1.5583204 1.6109317 1.6679961 1.5750228 1.7077841 1.6371631 1.6889526 1.6431676 1.5541586 1.5155462 2.1113934 1.5938014 1.5737374 1.3220048 1.1751984 1.2048868 1.2678410 1.4729342 1.1428021 1.7628560 1.9535646 1.6375492 1.7293319 1.9064351 2.5262802 1.8653528 1.8091053 2.0391308 5.0888332 2.0990145 2.1068514 1.9070976 
Myrmecophagidae   0.1780545 0.1662124 0.1998220 0.2143235 0.1796148 0.1768762 0.1844886 0.1350334 0.1380781 0.1184136 0.1234395 0.1228101 0.1349544 0.1337545 0.0000000 0.5359422 0.5399613 0.4877740 1.5115132 1.6096364 1.6898305 1.7301175 1.6258320 1.7521234 1.6698538 1.7500146 1.6821914 1.6253164 1.5707256 2.1811039 1.6952406 1.6820077 1.3930263 1.2419341 1.2466368 1.3307597 1.5612629 1.1606250 1.7638027 1.9660848 1.6462722 1.7093570 1.9095800 2.6057170 1.9034525 1.8167900 2.0120299 4.8899867 2.1058978 2.1169190 1.9937419 
Caluromyidae      0.5419705 0.5558454 0.6154413 0.6190337 0.5831405 0.5697480 0.5404912 0.4851447 0.5181613 0.4829230 0.4721042 0.4850781 0.5064974 0.5002847 0.5359422 0.0000000 0.3928200 0.3377639 1.8010468 1.9381115 2.0454901 2.0197104 1.9495868 2.0784957 1.9902753 1.9771677 1.9177573 1.9051790 1.9227947 2.6682949 1.8537280 1.8889105 1.4587105 1.4720604 1.4633653 1.5432683 1.7407475 1.4006006 2.0690326 2.3289792 2.0310599 2.1146357 2.2350177 2.8287108 2.3034527 2.1921331 2.3040102 5.3354797 2.4997000 2.4890685 2.3249885 
Thylacomyidae     0.5447436 0.5660979 0.6250561 0.6253244 0.5513545 0.5574130 0.5535649 0.5317883 0.5321980 0.5137177 0.4962488 0.5004323 0.5528770 0.5267470 0.5399613 0.3928200 0.0000000 0.2974710 1.7300847 1.8643426 1.9787423 1.9342450 1.9057705 2.0302332 1.9607690 1.9800834 1.9127771 1.8968362 1.8076248 2.5587459 1.8043413 1.8352450 1.4186706 1.4096596 1.4233071 1.5149000 1.7138361 1.3737223 1.8702407 2.0630820 1.8332851 1.9225219 2.0640096 2.5833365 2.0591628 1.9582679 2.2681120 5.0493208 2.4565247 2.4678274 2.2068346 
Phalangeridae     0.5013210 0.4850219 0.5706445 0.5398498 0.5051501 0.4943433 0.5078222 0.4557565 0.4631417 0.4469124 0.4198516 0.4393070 0.4656598 0.4372935 0.4877740 0.3377639 0.2974710 0.0000000 1.7208245 1.7995310 1.9091866 1.8652322 1.8551662 1.9376599 1.8754243 1.9176621 1.8299580 1.7926482 1.7726058 2.4440766 1.7265792 1.7270160 1.4349643 1.3370487 1.3642034 1.4426165 1.6422853 1.3101917 1.8625489 2.2100106 1.8812267 1.9664634 2.1340733 2.6395388 2.1404338 2.0534402 2.2052796 5.2337966 2.3917842 2.4017836 2.1848043 
Tityridae         1.5484965 1.5122370 1.7086815 1.6836785 1.6153554 1.6334000 1.5591409 1.5237758 1.5666671 1.5455722 1.5137469 1.5187593 1.5431136 1.4998410 1.5115132 1.8010468 1.7300847 1.7208245 0.0000000 0.3648441 0.3675272 0.3649816 0.3578524 0.3899730 0.3696494 0.3919135 0.3481442 0.3683977 0.5274024 1.8481686 1.5562212 1.5351692 1.4986856 1.4520627 1.4048934 1.4260085 1.6121040 1.4109238 2.3756807 2.5123614 2.1473231 2.1395739 2.2237264 2.9517358 2.3750025 2.4664965 2.4993669 5.7447636 2.4752495 2.5179573 2.5170233 
Ptilonorhynchidae 1.6562862 1.5558671 1.7475083 1.7447333 1.6899396 1.6986514 1.6911764 1.6083682 1.6380684 1.6125328 1.5692796 1.5939879 1.6321103 1.5583204 1.6096364 1.9381115 1.8643426 1.7995310 0.3648441 0.0000000 0.3019418 0.2803849 0.2659574 0.2783590 0.2591790 0.2546735 0.2295627 0.2715336 0.4714604 1.7949928 1.5051823 1.4999043 1.5757433 1.4861054 1.4989539 1.4833288 1.6572669 1.4315134 2.3783581 2.5741700 2.2509022 2.1214593 2.2583863 2.8465217 2.3632576 2.4146013 2.5791503 5.6162748 2.3996236 2.4160242 2.4546732 
Callaeatidae      1.7534796 1.6573584 1.8328744 1.8162361 1.7754788 1.7954077 1.7806168 1.6908488 1.7510597 1.7123776 1.6660424 1.6877600 1.6854303 1.6109317 1.6898305 2.0454901 1.9787423 1.9091866 0.3675272 0.3019418 0.0000000 0.2273375 0.2058920 0.2189632 0.2021330 0.1907295 0.1768373 0.2125534 0.5082758 1.8798885 1.6190607 1.6222531 1.6564023 1.5728646 1.5230381 1.5411383 1.6688080 1.4934037 2.6155371 2.7801753 2.3743576 2.3001728 2.3981264 2.9830815 2.5173530 2.6298529 2.7910384 5.7447340 2.5457372 2.5591314 2.5102765 
Monarchidae       1.7918206 1.6532625 1.8968523 1.9004955 1.7921962 1.8319378 1.7699227 1.7523029 1.7872112 1.7509746 1.7070500 1.7320867 1.7524131 1.6679961 1.7301175 2.0197104 1.9342450 1.8652322 0.3649816 0.2803849 0.2273375 0.0000000 0.1256805 0.2115950 0.2132501 0.1994824 0.1596038 0.2173337 0.5222220 1.9094604 1.5761120 1.6227286 1.6499140 1.5768707 1.5773802 1.5306660 1.7324397 1.5400366 2.5421661 2.7226844 2.3661848 2.2778763 2.4448710 3.0482892 2.5220541 2.6031019 2.6276130 5.9310835 2.5252599 2.5373369 2.4818619 
Malaconotidae     1.7075566 1.6086778 1.8001767 1.8065950 1.7228189 1.7365506 1.7120321 1.6439934 1.6790828 1.6610492 1.6179181 1.6488486 1.6571472 1.5750228 1.6258320 1.9495868 1.9057705 1.8551662 0.3578524 0.2659574 0.2058920 0.1256805 0.0000000 0.2041618 0.1973038 0.1844559 0.1552748 0.1959061 0.5179562 1.8541774 1.5467132 1.5828009 1.5996433 1.5245719 1.4722769 1.4987100 1.7048895 1.4718650 2.5391236 2.6381798 2.3223645 2.2397933 2.4208372 2.9815782 2.5158681 2.5447175 2.7054234 6.2235655 2.4915268 2.5070209 2.5356389 
Certhiidae        1.8179875 1.7177157 1.9404756 1.9349162 1.8525937 1.8573076 1.8532518 1.7931721 1.8004554 1.7960871 1.7429926 1.7695188 1.7575226 1.7077841 1.7521234 2.0784957 2.0302332 1.9376599 0.3899730 0.2783590 0.2189632 0.2115950 0.2041618 0.0000000 0.1532482 0.1579292 0.1340356 0.1660793 0.5300218 1.9977689 1.6425657 1.7086196 1.6870696 1.5834551 1.5783280 1.5467485 1.7754202 1.5800843 2.6303934 2.7938160 2.3481199 2.3014542 2.4624965 3.1220859 2.5345307 2.5919744 2.9256699 6.4977320 2.5565401 2.5731780 2.6267045 
Cinclidae         1.7283182 1.6499434 1.7983271 1.8227742 1.7708195 1.7691132 1.7751501 1.6951517 1.7161936 1.7099952 1.6475212 1.6828392 1.6981375 1.6371631 1.6698538 1.9902753 1.9607690 1.8754243 0.3696494 0.2591790 0.2021330 0.2132501 0.1973038 0.1532482 0.0000000 0.1399177 0.1243567 0.1586343 0.4985357 1.8829774 1.5763375 1.6518817 1.6314607 1.5697973 1.5503837 1.5034485 1.7200405 1.5351881 2.5260069 2.7404691 2.3034850 2.2815635 2.4130810 3.0941783 2.4796821 2.5629461 2.8080768 6.2775387 2.4764240 2.5201324 2.5278550 
Ploceidae         1.8413268 1.6968689 1.8865921 1.9023635 1.8332463 1.8590895 1.8113361 1.7698219 1.8121463 1.7876334 1.7327414 1.7619104 1.7762399 1.6889526 1.7500146 1.9771677 1.9800834 1.9176621 0.3919135 0.2546735 0.1907295 0.1994824 0.1844559 0.1579292 0.1399177 0.0000000 0.0794240 0.1670439 0.4883540 1.9628901 1.6876421 1.6647254 1.6528732 1.5367019 1.5238823 1.5534494 1.7300693 1.5254698 2.5611594 2.7225536 2.3430542 2.3663019 2.5218653 3.0449917 2.5458191 2.6585298 2.8807790 6.3326761 2.5389674 2.5560586 2.5344899 
Thraupidae        1.7518526 1.6454813 1.7961493 1.7934369 1.7462974 1.7740021 1.7854100 1.7116359 1.7468890 1.7097938 1.6570091 1.6892904 1.7004340 1.6431676 1.6821914 1.9177573 1.9127771 1.8299580 0.3481442 0.2295627 0.1768373 0.1596038 0.1552748 0.1340356 0.1243567 0.0794240 0.0000000 0.1451367 0.4470413 1.9110661 1.5866422 1.6026905 1.6021410 1.4954587 1.4664574 1.4614515 1.6766232 1.4654893 2.5021895 2.7396955 2.2859532 2.2839669 2.4351726 3.0295837 2.4772889 2.5363999 2.6934119 5.7896200 2.5034343 2.5174009 2.5485860 
Alaudidae         1.6853654 1.5673716 1.7948123 1.7823705 1.7466544 1.7249862 1.7192099 1.6478433 1.6761882 1.6469650 1.5926745 1.6242950 1.6242983 1.5541586 1.6253164 1.9051790 1.8968362 1.7926482 0.3683977 0.2715336 0.2125534 0.2173337 0.1959061 0.1660793 0.1586343 0.1670439 0.1451367 0.0000000 0.4875555 1.8999486 1.5733143 1.6523832 1.5802864 1.5373539 1.5010504 1.4337561 1.6454844 1.4894083 2.4696349 2.7397825 2.3088339 2.2285061 2.3887940 2.9686204 2.4811995 2.5104562 2.7281289 5.7896157 2.5003243 2.5128761 2.4733715 
Coraciiformes     1.6219890 1.5285652 1.7523059 1.7331011 1.6860925 1.6982417 1.6901969 1.5813695 1.6104619 1.6019312 1.5678122 1.5581751 1.5831042 1.5155462 1.5707256 1.9227947 1.8076248 1.7726058 0.5274024 0.4714604 0.5082758 0.5222220 0.5179562 0.5300218 0.4985357 0.4883540 0.4470413 0.4875555 0.0000000 1.9537710 1.5278480 1.5551390 1.5504427 1.4511854 1.4463666 1.4938885 1.6260412 1.4187444 2.4106340 2.6303588 2.1814101 2.2142620 2.3612851 2.9977283 2.4378431 2.4317310 2.5257918 5.3065870 2.5158206 2.5239294 2.5769221 
Crocodylidae      2.2505213 2.1714944 2.3810407 2.2889575 2.2508244 2.2911928 2.3726846 2.2208866 2.2620841 2.2045113 2.1742981 2.1481094 2.1900228 2.1113934 2.1811039 2.6682949 2.5587459 2.4440766 1.8481686 1.7949928 1.8798885 1.9094604 1.8541774 1.9977689 1.8829774 1.9628901 1.9110661 1.8999486 1.9537710 0.0000000 2.0593070 2.2306608 2.2116708 2.0819628 2.1864499 2.1506780 2.4277221 2.1457478 3.0188709 3.4888796 2.9099453 2.9106069 3.0176587 4.0656787 3.1329912 3.2246823 3.7066578 5.7501947 3.3712121 3.4208977 2.9900348 
Carettochelyidae  1.6249882 1.6525049 1.8024872 1.7859121 1.6939929 1.7070628 1.8016324 1.6268519 1.6688488 1.6434040 1.6037560 1.6360846 1.6730918 1.5938014 1.6952406 1.8537280 1.8043413 1.7265792 1.5562212 1.5051823 1.6190607 1.5761120 1.5467132 1.6425657 1.5763375 1.6876421 1.5866422 1.5733143 1.5278480 2.0593070 0.0000000 1.2195968 1.4063364 1.3743309 1.4235549 1.4513003 1.6381788 1.3225454 2.3448339 2.4916367 2.2035391 2.3519310 2.4577379 2.9339899 2.4399112 2.4259681 2.4951554 5.7630173 2.6531948 2.7212452 2.5018671 
Kinosternidae     1.6879015 1.6391072 1.7652269 1.7978593 1.7204235 1.6873800 1.7317947 1.6178391 1.6444251 1.6609141 1.6326805 1.6273685 1.6596436 1.5737374 1.6820077 1.8889105 1.8352450 1.7270160 1.5351692 1.4999043 1.6222531 1.6227286 1.5828009 1.7086196 1.6518817 1.6647254 1.6026905 1.6523832 1.5551390 2.2306608 1.2195968 0.0000000 1.5275012 1.4091261 1.4263419 1.5083645 1.6914416 1.4657249 2.2467401 2.4336103 2.2437052 2.1875933 2.3411265 2.8926251 2.2929723 2.3151680 2.6677738 5.5592479 2.6139264 2.6048507 2.3224875 
Anomalepididae    1.4388217 1.4325476 1.4609676 1.4694384 1.4803393 1.4499733 1.4797025 1.3835183 1.4274392 1.3927088 1.3600717 1.3605641 1.3790463 1.3220048 1.3930263 1.4587105 1.4186706 1.4349643 1.4986856 1.5757433 1.6564023 1.6499140 1.5996433 1.6870696 1.6314607 1.6528732 1.6021410 1.5802864 1.5504427 2.2116708 1.4063364 1.5275012 0.0000000 0.4532533 0.4825277 0.5477856 0.8831685 0.5419159 1.9589720 2.1743170 1.8479479 1.9926795 2.0882102 2.5090493 2.0658763 1.9941548 2.3138386 4.9359222 2.1972969 2.2313760 2.0972249 
Loxocemidae       1.3157499 1.2607282 1.3688597 1.3322871 1.3077444 1.3199085 1.3341211 1.2322349 1.2651690 1.2220846 1.1971564 1.2203214 1.2309820 1.1751984 1.2419341 1.4720604 1.4096596 1.3370487 1.4520627 1.4861054 1.5728646 1.5768707 1.5245719 1.5834551 1.5697973 1.5367019 1.4954587 1.5373539 1.4511854 2.0819628 1.3743309 1.4091261 0.4532533 0.0000000 0.3272803 0.5419468 0.8539191 0.5524907 2.1574335 2.2661055 1.8406826 1.9697878 2.1185737 2.6995369 2.0501899 2.0005023 2.3013965 4.3588990 2.2174839 2.2315473 1.9589652 
Natricidae        1.3402308 1.3114121 1.3892675 1.3758003 1.3359450 1.3174494 1.3671186 1.2792457 1.3300671 1.2735959 1.2552866 1.2520422 1.2603606 1.2048868 1.2466368 1.4633653 1.4233071 1.3642034 1.4048934 1.4989539 1.5230381 1.5773802 1.4722769 1.5783280 1.5503837 1.5238823 1.4664574 1.5010504 1.4463666 2.1864499 1.4235549 1.4263419 0.4825277 0.3272803 0.0000000 0.5719908 0.8782384 0.6063265 2.0394822 2.2405248 1.8645504 1.9991703 2.1602409 2.6334930 2.1702940 1.9932503 2.2379001 4.7186795 2.2146625 2.2004844 2.0840285 
Xenosauridae      1.3797276 1.3722172 1.4478901 1.4578417 1.4246046 1.3942911 1.4459662 1.3385211 1.3838443 1.3680762 1.3483664 1.3193326 1.3437466 1.2678410 1.3307597 1.5432683 1.5149000 1.4426165 1.4260085 1.4833288 1.5411383 1.5306660 1.4987100 1.5467485 1.5034485 1.5534494 1.4614515 1.4337561 1.4938885 2.1506780 1.4513003 1.5083645 0.5477856 0.5419468 0.5719908 0.0000000 0.9279260 0.6186668 2.0407698 2.2424597 1.9330480 2.0151945 2.1856512 2.6847243 2.1086785 2.0578086 2.2652514 4.4416199 2.1961616 2.1965984 2.0172543 
Teiidae           1.6497712 1.5845512 1.7308983 1.6705169 1.7106494 1.6488366 1.6712450 1.5879270 1.5969312 1.5756774 1.5546400 1.5239671 1.6124124 1.4729342 1.5612629 1.7407475 1.7138361 1.6422853 1.6121040 1.6572669 1.6688080 1.7324397 1.7048895 1.7754202 1.7200405 1.7300693 1.6766232 1.6454844 1.6260412 2.4277221 1.6381788 1.6914416 0.8831685 0.8539191 0.8782384 0.9279260 0.0000000 0.8802694 2.3292149 2.5096379 2.1601561 2.2060775 2.3371204 2.8658479 2.2836870 2.1890449 2.4619158 5.1974274 2.4011902 2.4175329 2.3001684 
Eublepharidae     1.2643138 1.1973902 1.2771929 1.2317421 1.2665932 1.2532366 1.2767479 1.1876051 1.2235762 1.2030478 1.1758448 1.1540588 1.1934335 1.1428021 1.1606250 1.4006006 1.3737223 1.3101917 1.4109238 1.4315134 1.4934037 1.5400366 1.4718650 1.5800843 1.5351881 1.5254698 1.4654893 1.4894083 1.4187444 2.1457478 1.3225454 1.4657249 0.5419159 0.5524907 0.6063265 0.6186668 0.8802694 0.0000000 1.9599614 2.0471931 1.8055793 1.8648262 2.0276759 2.5731107 1.9531177 1.9640401 2.1140578 4.9022991 2.1159329 2.1057138 2.0549213 
Dicamptodontidae  1.8567146 1.7256131 1.9431852 1.9205788 1.9276751 1.8377630 1.8463691 1.7827012 1.8090296 1.7634748 1.7733817 1.7618219 1.8343194 1.7628560 1.7638027 2.0690326 1.8702407 1.8625489 2.3756807 2.3783581 2.6155371 2.5421661 2.5391236 2.6303934 2.5260069 2.5611594 2.5021895 2.4696349 2.4106340 3.0188709 2.3448339 2.2467401 1.9589720 2.1574335 2.0394822 2.0407698 2.3292149 1.9599614 0.0000000 1.9268559 1.5988280 1.5725575 1.7350585 2.0651208 1.7584370 1.6884032 2.0254779 5.1223113 2.5984311 2.5646432 2.3514892 
Alytidae          2.0653142 2.0327310 2.0885058 2.1063088 2.0610958 2.0308427 2.0503622 2.0589128 2.0571355 2.0345727 2.0224058 2.0134026 2.0279322 1.9535646 1.9660848 2.3289792 2.0630820 2.2100106 2.5123614 2.5741700 2.7801753 2.7226844 2.6381798 2.7938160 2.7404691 2.7225536 2.7396955 2.7397825 2.6303588 3.4888796 2.4916367 2.4336103 2.1743170 2.2661055 2.2405248 2.2424597 2.5096379 2.0471931 1.9268559 0.0000000 1.4608227 1.4179186 1.5135570 2.1087539 1.6364087 1.6093535 2.4981659 5.6451221 2.7986206 2.7248810 2.7550682 
Heleophrynidae    1.7379836 1.6946885 1.8747876 1.8002120 1.7387230 1.7757005 1.7345558 1.6494086 1.7172340 1.6515697 1.6540386 1.6508282 1.6930536 1.6375492 1.6462722 2.0310599 1.8332851 1.8812267 2.1473231 2.2509022 2.3743576 2.3661848 2.3223645 2.3481199 2.3034850 2.3430542 2.2859532 2.3088339 2.1814101 2.9099453 2.2035391 2.2437052 1.8479479 1.8406826 1.8645504 1.9330480 2.1601561 1.8055793 1.5988280 1.4608227 0.0000000 0.8201051 0.9341544 1.5105127 1.0237003 0.8613498 2.0619956 5.7841254 2.3093119 2.2847638 2.3041429 
Leptodactylidae   1.8442431 1.7058168 1.9464815 1.8637170 1.8616678 1.8742466 1.8282243 1.7792711 1.8378528 1.7539604 1.7544630 1.7374367 1.7692617 1.7293319 1.7093570 2.1146357 1.9225219 1.9664634 2.1395739 2.1214593 2.3001728 2.2778763 2.2397933 2.3014542 2.2815635 2.3663019 2.2839669 2.2285061 2.2142620 2.9106069 2.3519310 2.1875933 1.9926795 1.9697878 1.9991703 2.0151945 2.2060775 1.8648262 1.5725575 1.4179186 0.8201051 0.0000000 0.2502388 1.5270580 0.9478231 0.8887762 2.0824773 6.8623111 2.3729429 2.3277124 2.2173909 
Strabomantidae    2.0037505 1.8855354 2.1235100 2.0063439 2.0667647 2.0101582 1.9908995 1.9134132 1.9920598 1.9300113 1.9459824 1.9104781 1.9506124 1.9064351 1.9095800 2.2350177 2.0640096 2.1340733 2.2237264 2.2583863 2.3981264 2.4448710 2.4208372 2.4624965 2.4130810 2.5218653 2.4351726 2.3887940 2.3612851 3.0176587 2.4577379 2.3411265 2.0882102 2.1185737 2.1602409 2.1856512 2.3371204 2.0276759 1.7350585 1.5135570 0.9341544 0.2502388 0.0000000 1.5743358 1.0327817 0.9524362 2.1865986 7.9063263 2.5622674 2.5434796 2.2844627 
Micrixalidae      2.6974644 2.6060254 2.8384132 2.6992791 2.7961744 2.7720165 2.6592758 2.5909086 2.6567704 2.6076435 2.6331756 2.6203772 2.6615867 2.5262802 2.6057170 2.8287108 2.5833365 2.6395388 2.9517358 2.8465217 2.9830815 3.0482892 2.9815782 3.1220859 3.0941783 3.0449917 3.0295837 2.9686204 2.9977283 4.0656787 2.9339899 2.8926251 2.5090493 2.6995369 2.6334930 2.6847243 2.8658479 2.5731107 2.0651208 2.1087539 1.5105127 1.5270580 1.5743358 0.0000000 1.2869164 1.0961284 2.9421124 5.8183835 2.9682574 2.9557696 2.8945261 
Hemisotidae       1.9727882 1.9663156 2.0146954 1.9706141 2.0102520 2.0120493 1.9870526 1.8791004 1.9274702 1.9343141 1.9090225 1.9162275 1.9329704 1.8653528 1.9034525 2.3034527 2.0591628 2.1404338 2.3750025 2.3632576 2.5173530 2.5220541 2.5158681 2.5345307 2.4796821 2.5458191 2.4772889 2.4811995 2.4378431 3.1329912 2.4399112 2.2929723 2.0658763 2.0501899 2.1702940 2.1086785 2.2836870 1.9531177 1.7584370 1.6364087 1.0237003 0.9478231 1.0327817 1.2869164 0.0000000 0.6484494 2.4367182 5.3723711 2.6718556 2.6233947 2.4024787 
Asterophryidae    1.9002525 1.8719431 2.0528578 1.9020209 1.9870895 1.9396267 1.9059397 1.8241322 1.9022966 1.8304574 1.8661472 1.8329302 1.8735949 1.8091053 1.8167900 2.1921331 1.9582679 2.0534402 2.4664965 2.4146013 2.6298529 2.6031019 2.5447175 2.5919744 2.5629461 2.6585298 2.5363999 2.5104562 2.4317310 3.2246823 2.4259681 2.3151680 1.9941548 2.0005023 1.9932503 2.0578086 2.1890449 1.9640401 1.6884032 1.6093535 0.8613498 0.8887762 0.9524362 1.0961284 0.6484494 0.0000000 2.1721450 5.9552391 2.4394779 2.4060083 2.3307559 
Caeciliidae2      2.0535095 2.0899147 2.1971901 2.0621682 2.0546520 2.0694590 2.0040128 1.9947808 2.0571293 1.9828124 1.9859265 2.0251799 2.0751983 2.0391308 2.0120299 2.3040102 2.2681120 2.2052796 2.4993669 2.5791503 2.7910384 2.6276130 2.7054234 2.9256699 2.8080768 2.8807790 2.6934119 2.7281289 2.5257918 3.7066578 2.4951554 2.6677738 2.3138386 2.3013965 2.2379001 2.2652514 2.4619158 2.1140578 2.0254779 2.4981659 2.0619956 2.0824773 2.1865986 2.9421124 2.4367182 2.1721450 0.0000000 5.7915512 2.7871885 2.7458355 2.6600964 
Polypteriformes   5.2605576 5.4474601 5.0543346 5.1181432 5.2251983 5.2266162 5.1602520 4.9855877 5.0178108 5.0926138 4.9573552 4.9235679 5.1561521 5.0888332 4.8899867 5.3354797 5.0493208 5.2337966 5.7447636 5.6162748 5.7447340 5.9310835 6.2235655 6.4977320 6.2775387 6.3326761 5.7896200 5.7896157 5.3065870 5.7501947 5.7630173 5.5592479 4.9359222 4.3588990 4.7186795 4.4416199 5.1974274 4.9022991 5.1223113 5.6451221 5.7841254 6.8623111 7.9063263 5.8183835 5.3723711 5.9552391 5.7915512 0.0000000 5.2335419 5.3414000 4.5687652 
Channichthyidae   2.2287192 2.1593515 2.3860560 2.3157508 2.2825392 2.2792699 2.2739931 2.1325839 2.1682037 2.1536452 2.1524628 2.1664373 2.2013210 2.0990145 2.1058978 2.4997000 2.4565247 2.3917842 2.4752495 2.3996236 2.5457372 2.5252599 2.4915268 2.5565401 2.4764240 2.5389674 2.5034343 2.5003243 2.5158206 3.3712121 2.6531948 2.6139264 2.1972969 2.2174839 2.2146625 2.1961616 2.4011902 2.1159329 2.5984311 2.7986206 2.3093119 2.3729429 2.5622674 2.9682574 2.6718556 2.4394779 2.7871885 5.2335419 0.0000000 0.0774311 2.1733125 
Pseudaphritidae   2.2385678 2.1630667 2.3854271 2.3166304 2.2882433 2.2594663 2.2782866 2.1346503 2.1684236 2.1556459 2.1544453 2.1680725 2.2026493 2.1068514 2.1169190 2.4890685 2.4678274 2.4017836 2.5179573 2.4160242 2.5591314 2.5373369 2.5070209 2.5731780 2.5201324 2.5560586 2.5174009 2.5128761 2.5239294 3.4208977 2.7212452 2.6048507 2.2313760 2.2315473 2.2004844 2.1965984 2.4175329 2.1057138 2.5646432 2.7248810 2.2847638 2.3277124 2.5434796 2.9557696 2.6233947 2.4060083 2.7458355 5.3414000 0.0774311 0.0000000 2.1781118 
Carcharhinidae    2.0829759 1.9187793 2.1337451 2.1086418 2.0883390 2.0122232 2.0758506 1.9535578 1.9990162 1.9882271 1.9912850 1.9588963 2.0145331 1.9070976 1.9937419 2.3249885 2.2068346 2.1848043 2.5170233 2.4546732 2.5102765 2.4818619 2.5356389 2.6267045 2.5278550 2.5344899 2.5485860 2.4733715 2.5769221 2.9900348 2.5018671 2.3224875 2.0972249 1.9589652 2.0840285 2.0172543 2.3001684 2.0549213 2.3514892 2.7550682 2.3041429 2.2173909 2.2844627 2.8945261 2.4024787 2.3307559 2.6600964 4.5687652 2.1733125 2.1781118 0.0000000 
