51
Pitheciidae       0.0000000 0.0552217 0.0460351 0.0495549 0.0507977 0.0528917 0.0551232 0.0506095 0.0596709 0.0561587 0.0540401 0.0506360 0.0607451 0.0494216 0.0664967 0.1112013 0.1265315 0.1243235 0.1807040 0.2019777 0.2062903 0.2081477 0.2063421 0.1967546 0.2036406 0.2089926 0.2036857 0.1963522 0.1732950 0.1502348 0.1486832 0.1401852 0.1684475 0.1529563 0.1724726 0.1600912 0.1657036 0.2162804 0.2269760 0.2203332 0.3510756 0.3697147 0.4236972 0.2916456 0.3109184 0.2767138 0.3931907 0.3766929 0.4396312 0.4572115 1.4886633 
Scandentia        0.0552217 0.0000000 0.0472138 0.0507495 0.0531476 0.0540966 0.0563350 0.0518060 0.0608983 0.0596506 0.0552494 0.0518333 0.0631065 0.0506125 0.0631306 0.1014185 0.1177321 0.1193674 0.1809526 0.1920902 0.2006929 0.2039544 0.2036956 0.1955178 0.2009942 0.2048208 0.1990117 0.1941146 0.1735205 0.1371988 0.1330957 0.1274234 0.1604910 0.1425840 0.1617569 0.1526120 0.1673285 0.2135772 0.2121465 0.2102984 0.3348854 0.3662311 0.4008587 0.2902619 0.3017636 0.2736393 0.3884153 0.3689627 0.4402464 0.4492602 1.4909888 
Erethizontidae    0.0460351 0.0472138 0.0000000 0.0199139 0.0439689 0.0449304 0.0471309 0.0426878 0.0516070 0.0481634 0.0460575 0.0427096 0.0526730 0.0415284 0.0560651 0.1047265 0.1198445 0.1176446 0.1815966 0.1955626 0.2071375 0.2016275 0.2042651 0.2005095 0.2015775 0.2098285 0.2045327 0.1962249 0.1714310 0.1458480 0.1416952 0.1359245 0.1639068 0.1433424 0.1597782 0.1560180 0.1625787 0.2052917 0.2186953 0.2136535 0.3458355 0.3549235 0.3939603 0.2757385 0.2960014 0.2724150 0.3873912 0.3724511 0.4350648 0.4482139 1.4530904 
Capromyidae       0.0495549 0.0507495 0.0199139 0.0000000 0.0474819 0.0462004 0.0506596 0.0461751 0.0551777 0.0516958 0.0495794 0.0461990 0.0562499 0.0450005 0.0596747 0.1088353 0.1215665 0.1193568 0.1865917 0.2007219 0.2095018 0.2068830 0.2124879 0.2057449 0.2098066 0.2151582 0.2068782 0.2000211 0.1790899 0.1504155 0.1488604 0.1403557 0.1714134 0.1504926 0.1672131 0.1634063 0.1659039 0.2151416 0.2303539 0.2220616 0.3516412 0.3644542 0.4043170 0.2820366 0.3044522 0.2770920 0.3897875 0.3842229 0.4483682 0.4618546 1.4592989 
Muridae           0.0507977 0.0531476 0.0439689 0.0474819 0.0000000 0.0461985 0.0530528 0.0507931 0.0576017 0.0586434 0.0542373 0.0463173 0.0632671 0.0496003 0.0621245 0.1054332 0.1206749 0.1235737 0.1815060 0.1984559 0.2087756 0.2061264 0.2054646 0.2020742 0.2061067 0.2085387 0.2061356 0.2006533 0.1768295 0.1455189 0.1466296 0.1381405 0.1636826 0.1403828 0.1595363 0.1557521 0.1665003 0.2141064 0.2219247 0.2243664 0.3622925 0.3752095 0.4279744 0.2980747 0.3176658 0.2862629 0.3953526 0.3759378 0.4355790 0.4532370 1.5181370 
Castoridae        0.0528917 0.0540966 0.0449304 0.0462004 0.0461985 0.0000000 0.0540011 0.0494950 0.0585411 0.0595794 0.0551836 0.0517719 0.0641951 0.0505528 0.0653552 0.1074910 0.1252750 0.1230680 0.1792354 0.1961684 0.2077933 0.2051794 0.2078352 0.1982296 0.2051394 0.2075656 0.2051746 0.1963234 0.1789446 0.1462644 0.1447286 0.1337203 0.1698542 0.1463684 0.1683856 0.1591643 0.1657822 0.2207938 0.2299720 0.2217351 0.3563640 0.3638233 0.4035078 0.2999049 0.3089935 0.2830122 0.3952692 0.3703098 0.4496386 0.4588405 1.4697876 
Suidae            0.0551232 0.0563350 0.0471309 0.0506596 0.0530528 0.0540011 0.0000000 0.0371632 0.0459951 0.0481562 0.0460507 0.0404926 0.0526649 0.0415229 0.0594429 0.1047059 0.1198194 0.1176241 0.1843551 0.1998878 0.2056840 0.2060145 0.2028411 0.2048814 0.2089163 0.2142469 0.2089262 0.2034656 0.1796953 0.1471776 0.1456423 0.1372258 0.1611689 0.1459218 0.1651322 0.1586679 0.1707034 0.2170493 0.2322280 0.2151543 0.3606371 0.3772940 0.4157937 0.2955325 0.3096091 0.2887131 0.3934286 0.3763349 0.4351719 0.4525468 1.4696985 
Hippopotamidae    0.0506095 0.0518060 0.0426878 0.0461751 0.0507931 0.0494950 0.0371632 0.0000000 0.0337693 0.0459321 0.0438287 0.0382919 0.0504229 0.0371275 0.0583254 0.1047115 0.1173051 0.1176306 0.1843779 0.1984008 0.2100457 0.2045096 0.2042374 0.2004691 0.2073938 0.2127251 0.2044912 0.2019647 0.1769285 0.1458231 0.1416654 0.1359022 0.1638854 0.1485594 0.1678641 0.1586773 0.1679861 0.2126930 0.2200950 0.2179906 0.3569079 0.3715621 0.4075089 0.2935455 0.3112401 0.2804420 0.3765923 0.3685402 0.4371827 0.4546069 1.4586297 
Hyperoodontidae   0.0596709 0.0608983 0.0516070 0.0551777 0.0576017 0.0585411 0.0459951 0.0337693 0.0000000 0.0526318 0.0482812 0.0471485 0.0594480 0.0437317 0.0674729 0.1146293 0.1300075 0.1303737 0.1899980 0.2041364 0.2159235 0.2132418 0.2129690 0.2091732 0.2132560 0.2126910 0.2103026 0.1990446 0.1824809 0.1537739 0.1495513 0.1436842 0.1734702 0.1591555 0.1788308 0.1667701 0.1789626 0.2260300 0.2307512 0.2269463 0.3585702 0.3811187 0.4233097 0.3036330 0.3165233 0.2969275 0.3881198 0.3816923 0.4392614 0.4524023 1.4544442 
Vespertilionidae  0.0561587 0.0596506 0.0481634 0.0516958 0.0586434 0.0595794 0.0481562 0.0459321 0.0526318 0.0000000 0.0295192 0.0327627 0.0536973 0.0403509 0.0639132 0.1106880 0.1259348 0.1262872 0.1853920 0.2022839 0.2110542 0.2142925 0.2052282 0.2102257 0.2143139 0.2196260 0.2113388 0.2058884 0.1835194 0.1494963 0.1506054 0.1343413 0.1676098 0.1575216 0.1771040 0.1650946 0.1772339 0.2151209 0.2287292 0.2205290 0.3483511 0.3742987 0.4245334 0.2847817 0.2969457 0.2798658 0.3963923 0.3712493 0.4502023 0.4635843 1.4463124 
Furipteridae      0.0540401 0.0552494 0.0460575 0.0495794 0.0542373 0.0551836 0.0460507 0.0438287 0.0482812 0.0295192 0.0000000 0.0285032 0.0538398 0.0404560 0.0595134 0.1085235 0.1212166 0.1241029 0.1817161 0.1985640 0.2043296 0.2075932 0.2014997 0.2050802 0.2075694 0.2099624 0.2046620 0.2021327 0.1798581 0.1485816 0.1471338 0.1360833 0.1627059 0.1513105 0.1707291 0.1614973 0.1708537 0.2186845 0.2295634 0.2183189 0.3594195 0.3815727 0.4389140 0.2968480 0.3102226 0.2908424 0.3963144 0.3699257 0.4477775 0.4611786 1.4645388 
Rhinolophidae     0.0506360 0.0518333 0.0427096 0.0461990 0.0463173 0.0517719 0.0404926 0.0382919 0.0471485 0.0327627 0.0285032 0.0000000 0.0448586 0.0327794 0.0583565 0.1011174 0.1136423 0.1164725 0.1746621 0.1913188 0.1998713 0.2002291 0.1970913 0.1962214 0.1972599 0.2025900 0.2002245 0.1948220 0.1728431 0.1379579 0.1391457 0.1308384 0.1584887 0.1434125 0.1625516 0.1507602 0.1626691 0.2023500 0.2188181 0.2108131 0.3498333 0.3701100 0.4122676 0.2825123 0.2928975 0.2758650 0.3741731 0.3629232 0.4434893 0.4525729 1.4472147 
Viverridae        0.0607451 0.0631065 0.0526730 0.0562499 0.0632671 0.0641951 0.0526649 0.0504229 0.0594480 0.0536973 0.0538398 0.0448586 0.0000000 0.0316394 0.0662449 0.1157408 0.1260127 0.1276824 0.1855118 0.1966725 0.2125993 0.2114977 0.2112281 0.2045192 0.2055996 0.2109243 0.2056316 0.2060098 0.1808462 0.1469519 0.1507000 0.1422070 0.1650046 0.1549557 0.1744573 0.1624955 0.1718444 0.2138249 0.2242640 0.2116621 0.3616001 0.3631041 0.4125861 0.2814696 0.2954104 0.2748866 0.3887669 0.3678998 0.4549681 0.4641818 1.4617282 
Procyonidae       0.0494216 0.0506125 0.0415284 0.0450005 0.0496003 0.0505528 0.0415229 0.0371275 0.0437317 0.0403509 0.0404560 0.0327794 0.0316394 0.0000000 0.0526063 0.1033367 0.1183934 0.1187218 0.1770943 0.1937908 0.2023897 0.1984638 0.1995877 0.1958403 0.1997635 0.2050940 0.1998338 0.1944444 0.1725208 0.1416663 0.1401551 0.1318477 0.1569117 0.1418054 0.1635367 0.1517622 0.1609616 0.2079159 0.2152167 0.2145959 0.3483830 0.3611122 0.4043471 0.2829747 0.2868871 0.2716115 0.3808418 0.3603387 0.4338912 0.4428203 1.4583414 
Myrmecophagidae   0.0664967 0.0631306 0.0560651 0.0596747 0.0621245 0.0653552 0.0594429 0.0583254 0.0674729 0.0639132 0.0595134 0.0583565 0.0662449 0.0526063 0.0000000 0.1095332 0.1273143 0.1263557 0.1813324 0.1981464 0.2097717 0.2028487 0.2084086 0.2031146 0.1983779 0.2095285 0.2042408 0.2046022 0.1808270 0.1456458 0.1388926 0.1357449 0.1609890 0.1510109 0.1636380 0.1570895 0.1596770 0.2169194 0.2288833 0.2133454 0.3694653 0.3709440 0.4210565 0.2918664 0.3177928 0.2899423 0.3932729 0.3697188 0.4529837 0.4752626 1.4928976 
Caluromyidae      0.1112013 0.1014185 0.1047265 0.1088353 0.1054332 0.1074910 0.1047059 0.1047115 0.1146293 0.1106880 0.1085235 0.1011174 0.1157408 0.1033367 0.1095332 0.0000000 0.0513628 0.0492558 0.1859038 0.2028776 0.2116550 0.2134962 0.2146256 0.2035857 0.2119777 0.2133582 0.2104180 0.2093938 0.1798962 0.1525558 0.1430651 0.1451082 0.1709040 0.1553609 0.1749257 0.1656381 0.1736250 0.2172586 0.2294150 0.2196161 0.3645489 0.3625291 0.4099247 0.2856061 0.2979170 0.2872208 0.4223279 0.4002210 0.4573982 0.4666000 1.4972899 
Thylacomyidae     0.1265315 0.1177321 0.1198445 0.1215665 0.1206749 0.1252750 0.1198194 0.1173051 0.1300075 0.1259348 0.1212166 0.1136423 0.1260127 0.1183934 0.1273143 0.0513628 0.0000000 0.0492346 0.2005014 0.2194473 0.2269811 0.2332784 0.2329711 0.2200694 0.2318276 0.2347176 0.2316790 0.2306609 0.2000386 0.1649859 0.1592524 0.1612786 0.1906774 0.1731101 0.1905033 0.1782019 0.1876864 0.2386900 0.2499282 0.2443163 0.4028035 0.3920054 0.4331529 0.3183718 0.3225758 0.3147660 0.4546418 0.4171213 0.4871095 0.5013329 1.5016087 
Phalangeridae     0.1243235 0.1193674 0.1176446 0.1193568 0.1235737 0.1230680 0.1176241 0.1176306 0.1303737 0.1262872 0.1241029 0.1164725 0.1276824 0.1187218 0.1263557 0.0492558 0.0492346 0.0000000 0.2055651 0.2245767 0.2215278 0.2293886 0.2291049 0.2207824 0.2326120 0.2324391 0.2294010 0.2298215 0.2035795 0.1695464 0.1651691 0.1644755 0.1941125 0.1750607 0.1925587 0.1858266 0.1882752 0.2442360 0.2539529 0.2436634 0.4023526 0.4071560 0.4410908 0.3160755 0.3276699 0.3127453 0.4615367 0.4208412 0.4753789 0.4824399 1.5545835 
Tityridae         0.1807040 0.1809526 0.1815966 0.1865917 0.1815060 0.1792354 0.1843551 0.1843779 0.1899980 0.1853920 0.1817161 0.1746621 0.1855118 0.1770943 0.1813324 0.1859038 0.2005014 0.2055651 0.0000000 0.0583313 0.0655490 0.0664103 0.0663388 0.0584717 0.0656235 0.0665533 0.0583764 0.0653658 0.0676682 0.1183723 0.1321967 0.1190021 0.1728752 0.1530870 0.1809579 0.1701111 0.1740825 0.2377340 0.2486997 0.2446537 0.3872474 0.3690949 0.4334180 0.3052118 0.3375141 0.2848443 0.4245183 0.3623227 0.4624619 0.4764087 1.4927562 
Ptilonorhynchidae 0.2019777 0.1920902 0.1955626 0.2007219 0.1984559 0.1961684 0.1998878 0.1984008 0.2041364 0.2022839 0.1985640 0.1913188 0.1966725 0.1937908 0.1981464 0.2028776 0.2194473 0.2245767 0.0583313 0.0000000 0.0665923 0.0697961 0.0685483 0.0583900 0.0643943 0.0710886 0.0628509 0.0652728 0.0756107 0.1169633 0.1358860 0.1175981 0.1712579 0.1489130 0.1793106 0.1673097 0.1712642 0.2298748 0.2580046 0.2443894 0.3801314 0.3668976 0.4106490 0.3033108 0.3321952 0.2929985 0.4475842 0.3828659 0.4499087 0.4723709 1.5494001 
Callaeatidae      0.2062903 0.2006929 0.2071375 0.2095018 0.2087756 0.2077933 0.2056840 0.2100457 0.2159235 0.2110542 0.2043296 0.1998713 0.2125993 0.2023897 0.2097717 0.2116550 0.2269811 0.2215278 0.0655490 0.0665923 0.0000000 0.0539855 0.0471655 0.0483930 0.0542689 0.0586196 0.0483151 0.0529138 0.0808959 0.1252948 0.1367259 0.1233578 0.1836799 0.1647010 0.1847740 0.1766007 0.1806375 0.2347712 0.2583896 0.2478167 0.4080981 0.3776998 0.4306787 0.3110393 0.3584357 0.3020744 0.4650325 0.3960647 0.4689818 0.4787750 1.5926186 
Monarchidae       0.2081477 0.2039544 0.2016275 0.2068830 0.2061264 0.2051794 0.2060145 0.2045096 0.2132418 0.2142925 0.2075932 0.2002291 0.2114977 0.1984638 0.2028487 0.2134962 0.2332784 0.2293886 0.0664103 0.0697961 0.0539855 0.0000000 0.0326240 0.0493272 0.0574683 0.0618142 0.0492467 0.0572460 0.0793494 0.1272704 0.1386781 0.1278627 0.1799690 0.1639055 0.1837410 0.1785060 0.1868233 0.2442341 0.2583803 0.2510156 0.3990393 0.3655529 0.4191854 0.3139386 0.3578116 0.3033926 0.4481929 0.3701347 0.4541030 0.4768088 1.5460691 
Malaconotidae     0.2063421 0.2036956 0.2042651 0.2124879 0.2054646 0.2078352 0.2028411 0.2042374 0.2129690 0.2052282 0.2014997 0.1970913 0.2112281 0.1995877 0.2084086 0.2146256 0.2329711 0.2291049 0.0663388 0.0685483 0.0471655 0.0326240 0.0000000 0.0503813 0.0562562 0.0605920 0.0480690 0.0571556 0.0816224 0.1258114 0.1371831 0.1238769 0.1838843 0.1622966 0.1891191 0.1768270 0.1894005 0.2406043 0.2580473 0.2475786 0.3944355 0.3800992 0.4306585 0.3135103 0.3501951 0.3029513 0.4559343 0.3809358 0.4681024 0.4866545 1.5458707 
Certhiidae        0.1967546 0.1955178 0.2005095 0.2057449 0.2020742 0.1982296 0.2048814 0.2004691 0.2091732 0.2102257 0.2050802 0.1962214 0.2045192 0.1958403 0.2031146 0.2035857 0.2200694 0.2207824 0.0584717 0.0583900 0.0483930 0.0493272 0.0503813 0.0000000 0.0394757 0.0437508 0.0359596 0.0404174 0.0759197 0.1172688 0.1310852 0.1179039 0.1690921 0.1506862 0.1756966 0.1622061 0.1730704 0.2381646 0.2523895 0.2451186 0.3878091 0.3716935 0.4078420 0.2988413 0.3453590 0.2937319 0.4343866 0.3801782 0.4593231 0.4732430 1.5351569 
Cinclidae         0.2036406 0.2009942 0.2015775 0.2098066 0.2061067 0.2051394 0.2089163 0.2073938 0.2132560 0.2143139 0.2075694 0.1972599 0.2055996 0.1997635 0.1983779 0.2119777 0.2318276 0.2326120 0.0656235 0.0643943 0.0542689 0.0574683 0.0562562 0.0394757 0.0000000 0.0495364 0.0416209 0.0450260 0.0822054 0.1267760 0.1369011 0.1222790 0.1911197 0.1690843 0.1935722 0.1839300 0.1908601 0.2443246 0.2602972 0.2497064 0.3935671 0.3742392 0.4171013 0.3078452 0.3513624 0.3075965 0.4462456 0.3928060 0.4761412 0.4905212 1.5561657 
Ploceidae         0.2089926 0.2048208 0.2098285 0.2151582 0.2085387 0.2075656 0.2142469 0.2127251 0.2126910 0.2196260 0.2099624 0.2025900 0.2109243 0.2050940 0.2095285 0.2133582 0.2347176 0.2324391 0.0665533 0.0710886 0.0586196 0.0618142 0.0605920 0.0437508 0.0495364 0.0000000 0.0262052 0.0504540 0.0830584 0.1313117 0.1468020 0.1280924 0.1882792 0.1719813 0.1950511 0.1896280 0.1980687 0.2469910 0.2646620 0.2524897 0.3924976 0.3635527 0.4151696 0.3171757 0.3628677 0.3115686 0.4542546 0.3907726 0.4706244 0.4980249 1.5139921 
Thraupidae        0.2036857 0.1990117 0.2045327 0.2068782 0.2061356 0.2051746 0.2089262 0.2044912 0.2103026 0.2113388 0.2046620 0.2002245 0.2056316 0.1998338 0.2042408 0.2104180 0.2316790 0.2294010 0.0583764 0.0628509 0.0483151 0.0492467 0.0480690 0.0359596 0.0416209 0.0262052 0.0000000 0.0403534 0.0781409 0.1246419 0.1385930 0.1227157 0.1826265 0.1637944 0.1893481 0.1811675 0.1838726 0.2438802 0.2550109 0.2445720 0.3829027 0.3615084 0.4057694 0.3102224 0.3554517 0.2979764 0.4439372 0.3833633 0.4576118 0.4758034 1.5229383 
Alaudidae         0.1963522 0.1941146 0.1962249 0.2000211 0.2006533 0.1963234 0.2034656 0.2019647 0.1990446 0.2058884 0.2021327 0.1948220 0.2060098 0.1944444 0.2046022 0.2093938 0.2306609 0.2298215 0.0653658 0.0652728 0.0529138 0.0572460 0.0571556 0.0404174 0.0450260 0.0504540 0.0403534 0.0000000 0.0795049 0.1261569 0.1363088 0.1267548 0.1872321 0.1654828 0.1911641 0.1829467 0.1871201 0.2459979 0.2572509 0.2452757 0.3920972 0.3719759 0.4122844 0.3077367 0.3509889 0.3090587 0.4475726 0.3903549 0.4708445 0.4806078 1.4876222 
Coraciiformes     0.1732950 0.1735205 0.1714310 0.1790899 0.1768295 0.1789446 0.1796953 0.1769285 0.1824809 0.1835194 0.1798581 0.1728431 0.1808462 0.1725208 0.1808270 0.1798962 0.2000386 0.2035795 0.0676682 0.0756107 0.0808959 0.0793494 0.0816224 0.0759197 0.0822054 0.0830584 0.0781409 0.0795049 0.0000000 0.1034137 0.1194289 0.1102201 0.1615764 0.1422406 0.1640798 0.1561922 0.1669157 0.2145636 0.2325953 0.2257582 0.3763583 0.3568115 0.4118483 0.2925114 0.3348272 0.2908120 0.4168261 0.3694055 0.4449771 0.4584989 1.5511581 
Crocodylidae      0.1502348 0.1371988 0.1458480 0.1504155 0.1455189 0.1462644 0.1471776 0.1458231 0.1537739 0.1494963 0.1485816 0.1379579 0.1469519 0.1416663 0.1456458 0.1525558 0.1649859 0.1695464 0.1183723 0.1169633 0.1252948 0.1272704 0.1258114 0.1172688 0.1267760 0.1313117 0.1246419 0.1261569 0.1034137 0.0000000 0.0709406 0.0706837 0.1286221 0.1018492 0.1246612 0.1110010 0.1273052 0.1695983 0.1908832 0.1918874 0.3191723 0.3405015 0.3748583 0.2565474 0.2780160 0.2519756 0.3718361 0.3363220 0.4334207 0.4465885 1.5097907 
Carettochelyidae  0.1486832 0.1330957 0.1416952 0.1488604 0.1466296 0.1447286 0.1456423 0.1416654 0.1495513 0.1506054 0.1471338 0.1391457 0.1507000 0.1401551 0.1388926 0.1430651 0.1592524 0.1651691 0.1321967 0.1358860 0.1367259 0.1386781 0.1371831 0.1310852 0.1369011 0.1468020 0.1385930 0.1363088 0.1194289 0.0709406 0.0000000 0.0534533 0.1335330 0.1127835 0.1347711 0.1171030 0.1296522 0.1837778 0.2051817 0.2046795 0.3342459 0.3400856 0.3817551 0.2483840 0.2841426 0.2562112 0.3786955 0.3460916 0.4385547 0.4475572 1.4757135 
Kinosternidae     0.1401852 0.1274234 0.1359245 0.1403557 0.1381405 0.1337203 0.1372258 0.1359022 0.1436842 0.1343413 0.1360833 0.1308384 0.1422070 0.1318477 0.1357449 0.1451082 0.1612786 0.1644755 0.1190021 0.1175981 0.1233578 0.1278627 0.1238769 0.1179039 0.1222790 0.1280924 0.1227157 0.1267548 0.1102201 0.0706837 0.0534533 0.0000000 0.1278937 0.1025459 0.1252689 0.1116652 0.1253596 0.1677637 0.2027250 0.1879820 0.3044057 0.3221557 0.3686991 0.2455684 0.2729613 0.2426104 0.3804311 0.3246525 0.4340484 0.4429436 1.4758310 
Anomalepididae    0.1684475 0.1604910 0.1639068 0.1714134 0.1636826 0.1698542 0.1611689 0.1638854 0.1734702 0.1676098 0.1627059 0.1584887 0.1650046 0.1569117 0.1609890 0.1709040 0.1906774 0.1941125 0.1728752 0.1712579 0.1836799 0.1799690 0.1838843 0.1690921 0.1911197 0.1882792 0.1826265 0.1872321 0.1615764 0.1286221 0.1335330 0.1278937 0.0000000 0.0656611 0.0832730 0.0774894 0.0955351 0.1647760 0.2424537 0.2355797 0.3747146 0.3720956 0.4261671 0.3033343 0.3155788 0.3081164 0.4254147 0.3661861 0.4458882 0.4511479 1.5689812 
Loxocemidae       0.1529563 0.1425840 0.1433424 0.1504926 0.1403828 0.1463684 0.1459218 0.1485594 0.1591555 0.1575216 0.1513105 0.1434125 0.1549557 0.1418054 0.1510109 0.1553609 0.1731101 0.1750607 0.1530870 0.1489130 0.1647010 0.1639055 0.1622966 0.1506862 0.1690843 0.1719813 0.1637944 0.1654828 0.1422406 0.1018492 0.1127835 0.1025459 0.0656611 0.0000000 0.0432952 0.0544142 0.0739416 0.1413690 0.2079539 0.2060322 0.3387554 0.3421673 0.3936723 0.2684985 0.2898581 0.2731965 0.3728700 0.3466702 0.4116367 0.4121545 1.4988328 
Natricidae        0.1724726 0.1617569 0.1597782 0.1672131 0.1595363 0.1683856 0.1651322 0.1678641 0.1788308 0.1771040 0.1707291 0.1625516 0.1744573 0.1635367 0.1636380 0.1749257 0.1905033 0.1925587 0.1809579 0.1793106 0.1847740 0.1837410 0.1891191 0.1756966 0.1935722 0.1950511 0.1893481 0.1911641 0.1640798 0.1246612 0.1347711 0.1252689 0.0832730 0.0432952 0.0000000 0.0739763 0.0930663 0.1589120 0.2281351 0.2245335 0.3642558 0.3640080 0.4213346 0.2977760 0.3218492 0.3074441 0.4101262 0.3614325 0.4346375 0.4416755 1.5159266 
Xenosauridae      0.1600912 0.1526120 0.1560180 0.1634063 0.1557521 0.1591643 0.1586679 0.1586773 0.1667701 0.1650946 0.1614973 0.1507602 0.1624955 0.1517622 0.1570895 0.1656381 0.1782019 0.1858266 0.1701111 0.1673097 0.1766007 0.1785060 0.1768270 0.1622061 0.1839300 0.1896280 0.1811675 0.1829467 0.1561922 0.1110010 0.1171030 0.1116652 0.0774894 0.0544142 0.0739763 0.0000000 0.0777871 0.1487083 0.2165738 0.2175169 0.3432832 0.3484113 0.3985945 0.2833640 0.2934082 0.2799912 0.3922618 0.3562892 0.4462313 0.4510279 1.5310311 
Teiidae           0.1657036 0.1673285 0.1625787 0.1659039 0.1665003 0.1657822 0.1707034 0.1679861 0.1789626 0.1772339 0.1708537 0.1626691 0.1718444 0.1609616 0.1596770 0.1736250 0.1876864 0.1882752 0.1740825 0.1712642 0.1806375 0.1868233 0.1894005 0.1730704 0.1908601 0.1980687 0.1838726 0.1871201 0.1669157 0.1273052 0.1296522 0.1253596 0.0955351 0.0739416 0.0930663 0.0777871 0.0000000 0.1512877 0.2254397 0.2211357 0.3664873 0.3641201 0.4077430 0.2944107 0.3048388 0.3009501 0.4028966 0.3688210 0.4509687 0.4539737 1.5293283 
Eublepharidae     0.2162804 0.2135772 0.2052917 0.2151416 0.2141064 0.2207938 0.2170493 0.2126930 0.2260300 0.2151209 0.2186845 0.2023500 0.2138249 0.2079159 0.2169194 0.2172586 0.2386900 0.2442360 0.2377340 0.2298748 0.2347712 0.2442341 0.2406043 0.2381646 0.2443246 0.2469910 0.2438802 0.2459979 0.2145636 0.1695983 0.1837778 0.1677637 0.1647760 0.1413690 0.1589120 0.1487083 0.1512877 0.0000000 0.2652868 0.2723191 0.3961863 0.4132635 0.4617056 0.3362355 0.3637269 0.3364099 0.4290324 0.3915072 0.4943772 0.4974697 1.5652292 
Dicamptodontidae  0.2269760 0.2121465 0.2186953 0.2303539 0.2219247 0.2299720 0.2322280 0.2200950 0.2307512 0.2287292 0.2295634 0.2188181 0.2242640 0.2152167 0.2288833 0.2294150 0.2499282 0.2539529 0.2486997 0.2580046 0.2583896 0.2583803 0.2580473 0.2523895 0.2602972 0.2646620 0.2550109 0.2572509 0.2325953 0.1908832 0.2051817 0.2027250 0.2424537 0.2079539 0.2281351 0.2165738 0.2254397 0.2652868 0.0000000 0.1417131 0.2609062 0.2809565 0.3136958 0.2072965 0.2265803 0.1994759 0.3657490 0.4137201 0.4906446 0.4957375 1.5431486 
Alytidae          0.2203332 0.2102984 0.2136535 0.2220616 0.2243664 0.2217351 0.2151543 0.2179906 0.2269463 0.2205290 0.2183189 0.2108131 0.2116621 0.2145959 0.2133454 0.2196161 0.2443163 0.2436634 0.2446537 0.2443894 0.2478167 0.2510156 0.2475786 0.2451186 0.2497064 0.2524897 0.2445720 0.2452757 0.2257582 0.1918874 0.2046795 0.1879820 0.2355797 0.2060322 0.2245335 0.2175169 0.2211357 0.2723191 0.1417131 0.0000000 0.2439988 0.2563935 0.2861218 0.1730097 0.2091218 0.1677518 0.3735195 0.3502628 0.4714591 0.4640770 1.5086565 
Heleophrynidae    0.3510756 0.3348854 0.3458355 0.3516412 0.3622925 0.3563640 0.3606371 0.3569079 0.3585702 0.3483511 0.3594195 0.3498333 0.3616001 0.3483830 0.3694653 0.3645489 0.4028035 0.4023526 0.3872474 0.3801314 0.4080981 0.3990393 0.3944355 0.3878091 0.3935671 0.3924976 0.3829027 0.3920972 0.3763583 0.3191723 0.3342459 0.3044057 0.3747146 0.3387554 0.3642558 0.3432832 0.3664873 0.3961863 0.2609062 0.2439988 0.0000000 0.3116915 0.3277727 0.1975687 0.2270598 0.2094136 0.4957520 0.5019705 0.5941650 0.5816604 1.6283360 
Leptodactylidae   0.3697147 0.3662311 0.3549235 0.3644542 0.3752095 0.3638233 0.3772940 0.3715621 0.3811187 0.3742987 0.3815727 0.3701100 0.3631041 0.3611122 0.3709440 0.3625291 0.3920054 0.4071560 0.3690949 0.3668976 0.3776998 0.3655529 0.3800992 0.3716935 0.3742392 0.3635527 0.3615084 0.3719759 0.3568115 0.3405015 0.3400856 0.3221557 0.3720956 0.3421673 0.3640080 0.3484113 0.3641201 0.4132635 0.2809565 0.2563935 0.3116915 0.0000000 0.1612462 0.2343115 0.2698775 0.2406370 0.5211383 0.5008160 0.5334447 0.5605944 1.5919177 
Strabomantidae    0.4236972 0.4008587 0.3939603 0.4043170 0.4279744 0.4035078 0.4157937 0.4075089 0.4233097 0.4245334 0.4389140 0.4122676 0.4125861 0.4043471 0.4210565 0.4099247 0.4331529 0.4410908 0.4334180 0.4106490 0.4306787 0.4191854 0.4306585 0.4078420 0.4171013 0.4151696 0.4057694 0.4122844 0.4118483 0.3748583 0.3817551 0.3686991 0.4261671 0.3936723 0.4213346 0.3985945 0.4077430 0.4617056 0.3136958 0.2861218 0.3277727 0.1612462 0.0000000 0.2510027 0.2992546 0.2702657 0.5325588 0.5337240 0.5618938 0.5776170 1.6240635 
Micrixalidae      0.2916456 0.2902619 0.2757385 0.2820366 0.2980747 0.2999049 0.2955325 0.2935455 0.3036330 0.2847817 0.2968480 0.2825123 0.2814696 0.2829747 0.2918664 0.2856061 0.3183718 0.3160755 0.3052118 0.3033108 0.3110393 0.3139386 0.3135103 0.2988413 0.3078452 0.3171757 0.3102224 0.3077367 0.2925114 0.2565474 0.2483840 0.2455684 0.3033343 0.2684985 0.2977760 0.2833640 0.2944107 0.3362355 0.2072965 0.1730097 0.1975687 0.2343115 0.2510027 0.0000000 0.1434756 0.1082527 0.4343949 0.4496242 0.5338942 0.5444933 1.5973591 
Hemisotidae       0.3109184 0.3017636 0.2960014 0.3044522 0.3176658 0.3089935 0.3096091 0.3112401 0.3165233 0.2969457 0.3102226 0.2928975 0.2954104 0.2868871 0.3177928 0.2979170 0.3225758 0.3276699 0.3375141 0.3321952 0.3584357 0.3578116 0.3501951 0.3453590 0.3513624 0.3628677 0.3554517 0.3509889 0.3348272 0.2780160 0.2841426 0.2729613 0.3155788 0.2898581 0.3218492 0.2934082 0.3048388 0.3637269 0.2265803 0.2091218 0.2270598 0.2698775 0.2992546 0.1434756 0.0000000 0.1454164 0.4534729 0.4736259 0.5468394 0.5546838 1.5462101 
Asterophryidae    0.2767138 0.2736393 0.2724150 0.2770920 0.2862629 0.2830122 0.2887131 0.2804420 0.2969275 0.2798658 0.2908424 0.2758650 0.2748866 0.2716115 0.2899423 0.2872208 0.3147660 0.3127453 0.2848443 0.2929985 0.3020744 0.3033926 0.3029513 0.2937319 0.3075965 0.3115686 0.2979764 0.3090587 0.2908120 0.2519756 0.2562112 0.2426104 0.3081164 0.2731965 0.3074441 0.2799912 0.3009501 0.3364099 0.1994759 0.1677518 0.2094136 0.2406370 0.2702657 0.1082527 0.1454164 0.0000000 0.4295711 0.4321198 0.4940731 0.5022692 1.5925065 
Caeciliidae2      0.3931907 0.3884153 0.3873912 0.3897875 0.3953526 0.3952692 0.3934286 0.3765923 0.3881198 0.3963923 0.3963144 0.3741731 0.3887669 0.3808418 0.3932729 0.4223279 0.4546418 0.4615367 0.4245183 0.4475842 0.4650325 0.4481929 0.4559343 0.4343866 0.4462456 0.4542546 0.4439372 0.4475726 0.4168261 0.3718361 0.3786955 0.3804311 0.4254147 0.3728700 0.4101262 0.3922618 0.4028966 0.4290324 0.3657490 0.3735195 0.4957520 0.5211383 0.5325588 0.4343949 0.4534729 0.4295711 0.0000000 0.5479379 0.6461576 0.6440643 1.7193089 
Polypteriformes   0.3766929 0.3689627 0.3724511 0.3842229 0.3759378 0.3703098 0.3763349 0.3685402 0.3816923 0.3712493 0.3699257 0.3629232 0.3678998 0.3603387 0.3697188 0.4002210 0.4171213 0.4208412 0.3623227 0.3828659 0.3960647 0.3701347 0.3809358 0.3801782 0.3928060 0.3907726 0.3833633 0.3903549 0.3694055 0.3363220 0.3460916 0.3246525 0.3661861 0.3466702 0.3614325 0.3562892 0.3688210 0.3915072 0.4137201 0.3502628 0.5019705 0.5008160 0.5337240 0.4496242 0.4736259 0.4321198 0.5479379 0.0000000 0.4739132 0.4658625 1.6724807 
Channichthyidae   0.4396312 0.4402464 0.4350648 0.4483682 0.4355790 0.4496386 0.4351719 0.4371827 0.4392614 0.4502023 0.4477775 0.4434893 0.4549681 0.4338912 0.4529837 0.4573982 0.4871095 0.4753789 0.4624619 0.4499087 0.4689818 0.4541030 0.4681024 0.4593231 0.4761412 0.4706244 0.4576118 0.4708445 0.4449771 0.4334207 0.4385547 0.4340484 0.4458882 0.4116367 0.4346375 0.4462313 0.4509687 0.4943772 0.4906446 0.4714591 0.5941650 0.5334447 0.5618938 0.5338942 0.5468394 0.4940731 0.6461576 0.4739132 0.0000000 0.0497782 1.7786774 
Pseudaphritidae   0.4572115 0.4492602 0.4482139 0.4618546 0.4532370 0.4588405 0.4525468 0.4546069 0.4524023 0.4635843 0.4611786 0.4525729 0.4641818 0.4428203 0.4752626 0.4666000 0.5013329 0.4824399 0.4764087 0.4723709 0.4787750 0.4768088 0.4866545 0.4732430 0.4905212 0.4980249 0.4758034 0.4806078 0.4584989 0.4465885 0.4475572 0.4429436 0.4511479 0.4121545 0.4416755 0.4510279 0.4539737 0.4974697 0.4957375 0.4640770 0.5816604 0.5605944 0.5776170 0.5444933 0.5546838 0.5022692 0.6440643 0.4658625 0.0497782 0.0000000 1.7941609 
Carcharhinidae    1.4886633 1.4909888 1.4530904 1.4592989 1.5181370 1.4697876 1.4696985 1.4586297 1.4544442 1.4463124 1.4645388 1.4472147 1.4617282 1.4583414 1.4928976 1.4972899 1.5016087 1.5545835 1.4927562 1.5494001 1.5926186 1.5460691 1.5458707 1.5351569 1.5561657 1.5139921 1.5229383 1.4876222 1.5511581 1.5097907 1.4757135 1.4758310 1.5689812 1.4988328 1.5159266 1.5310311 1.5293283 1.5652292 1.5431486 1.5086565 1.6283360 1.5919177 1.6240635 1.5973591 1.5462101 1.5925065 1.7193089 1.6724807 1.7786774 1.7941609 0.0000000 
