51
Pitheciidae       0.0000000 0.7917635 0.4643944 0.5181635 0.5734163 0.5954560 0.5794331 0.5701590 0.5873566 0.6857027 0.7029992 0.6254078 0.6102072 0.6283958 0.6544197 0.8150484 0.8357222 0.9472672 1.4876891 1.8682307 1.4774593 1.6473520 1.5117295 1.5031609 1.5183997 1.6015926 1.6342112 1.5109263 1.4521970 1.4641887 1.1272344 1.4082059 1.7359138 1.6092577 2.0648465 1.6006905 2.2388032 1.6061470 1.0779604 1.3794826 1.0849493 1.2034943 1.0908918 1.2378360 1.1348529 1.1883963 1.0532694 1.4823678 1.4805610 1.3743753 2.4612111 
Scandentia        0.7917635 0.0000000 0.7980046 0.9431097 0.9837100 0.8789443 0.9123783 0.8318704 1.0094780 1.1656238 1.0188493 0.9811807 0.9217090 0.9622868 1.0178647 1.1738387 1.1008270 1.2161512 1.7131250 1.8790851 1.8046846 1.9982774 1.9735055 1.6602688 1.7973278 1.8063577 1.8652121 1.8036327 1.7321300 1.8886646 1.7893761 2.2406534 1.9160922 1.7304397 1.9212255 1.7161274 2.3674326 2.0524545 1.4256191 2.0070440 1.4218903 1.4976292 1.6034994 1.6048657 1.5984564 1.6374392 1.3581349 1.9395352 1.5135469 1.5901553 3.1423450 
Erethizontidae    0.4643944 0.7980046 0.0000000 0.1591673 0.5484469 0.5206013 0.5701684 0.6014168 0.5423897 0.7252654 0.7586563 0.6845116 0.6309352 0.5421376 0.8109688 0.7748853 0.9001800 0.8569600 1.2182608 1.4370135 1.2093568 1.3553254 1.3011554 1.2427264 1.2026935 1.2588338 1.3911445 1.3254767 1.2315240 1.2713113 1.2690391 1.4261912 1.7286151 1.8304705 2.2807687 1.5179064 2.7566617 1.9628814 0.9597801 1.2313294 1.0704777 1.0569168 1.1045345 1.1327018 1.0882010 1.0637025 1.0562211 1.5104464 1.4689019 1.4927683 2.2627967 
Capromyidae       0.5181635 0.9431097 0.1591673 0.0000000 0.6132265 0.5707655 0.6180209 0.6078965 0.5988796 0.7171222 0.7423070 0.7189317 0.6689246 0.6371079 0.7864908 0.7546085 0.9259350 0.8167324 1.3228341 1.5363572 1.2476746 1.5465267 1.4562030 1.2938577 1.2556605 1.4180952 1.4452157 1.3859888 1.2707483 1.3021494 1.2283676 1.5629404 1.8240012 1.8207119 2.1401457 1.6781116 2.6017526 1.9554987 1.0403019 1.3334823 1.1427087 1.1190288 1.1459605 1.1702952 1.1009798 1.1714026 1.0535998 1.5155206 1.4206488 1.4917097 2.1961155 
Muridae           0.5734163 0.9837100 0.5484469 0.6132265 0.0000000 0.6114984 0.6581417 0.7439693 0.6557833 0.8610156 0.8483773 0.7861238 0.7402260 0.7433034 0.8331450 1.0047259 1.0887462 1.1561013 1.5151585 1.6654390 1.4748184 1.5348252 1.6568863 1.4975193 1.5109801 1.4915186 1.5608950 1.5714140 1.5540576 1.4712256 1.5072610 1.4873713 2.2939631 2.2549460 2.5441734 1.8295205 2.4261967 1.8354751 1.3130981 1.4102825 1.3298833 1.4518205 1.3736247 1.4659736 1.4889279 1.5156255 1.3616105 1.6191829 1.5411594 1.5898182 2.1465930 
Castoridae        0.5954560 0.8789443 0.5206013 0.5707655 0.6114984 0.0000000 0.5262676 0.5847400 0.6202868 0.8263925 0.8430573 0.7076487 0.6927142 0.7050615 0.8284540 0.8525399 0.9728867 0.9605008 1.0662041 1.4236172 1.0825945 1.1282465 1.1624022 1.0771108 1.1284128 1.1969572 1.1762656 1.2008065 1.0705422 1.3224078 1.3181966 1.2950092 1.8682948 2.0752289 2.2200114 1.5594649 2.4435557 1.8178421 1.0757754 1.3048544 1.3469382 1.3473652 1.3314900 1.3268352 1.3482914 1.2551889 1.2048264 1.5898146 1.4942045 1.4584808 2.3426213 
Suidae            0.5794331 0.9123783 0.5701684 0.6180209 0.6581417 0.5262676 0.0000000 0.3843302 0.4647480 0.6998612 0.6772645 0.5444020 0.6072817 0.5923018 0.6375341 0.7536245 0.9159353 0.9063325 1.1773050 1.4867768 1.2236003 1.3595439 1.3539336 1.2518174 1.2953640 1.3406506 1.3655515 1.3297686 1.2004969 1.2118256 1.2333211 1.5185276 1.9031903 1.8769293 1.9043505 1.6137132 2.2757480 1.6191717 1.1337391 1.2506311 1.1669193 1.2631887 1.1946604 1.2200494 1.2885056 1.2875591 1.1564590 1.5639722 1.5596628 1.5451783 2.9597482 
Hippopotamidae    0.5701590 0.8318704 0.6014168 0.6078965 0.7439693 0.5847400 0.3843302 0.0000000 0.3731073 0.6584940 0.5897887 0.6225402 0.5669428 0.5785332 0.6407951 0.6811211 0.8469981 0.8132650 1.2234747 1.4947814 1.2826200 1.4235539 1.4645111 1.2884444 1.3428520 1.3588414 1.4540328 1.2696186 1.3078976 1.4224723 1.3609595 1.7203711 1.9890902 2.1554148 2.2053467 1.7790659 2.6522296 1.9853535 1.1711327 1.3574238 1.0914455 1.1541058 1.2250344 1.3674869 1.2283358 1.3116905 1.1669765 1.7575877 1.7837550 1.7469644 2.7815221 
Hyperoodontidae   0.5873566 1.0094780 0.5423897 0.5988796 0.6557833 0.6202868 0.4647480 0.3731073 0.0000000 0.6853396 0.6659411 0.5396617 0.5931774 0.6266743 0.7272157 0.7175319 0.8508202 0.8625487 1.2717994 1.5966668 1.2489209 1.3928303 1.4362443 1.2942825 1.4093317 1.3380908 1.4283269 1.3298568 1.2267011 1.4831087 1.1949526 1.5510836 1.9492786 2.0005318 2.2924411 1.6688298 2.2751159 1.8096214 1.1648387 1.3076247 1.1789720 1.1843476 1.2474844 1.4155386 1.2292208 1.3950817 1.2536671 1.7688104 1.6420165 1.7311832 2.6640446 
Vespertilionidae  0.6857027 1.1656238 0.7252654 0.7171222 0.8610156 0.8263925 0.6998612 0.6584940 0.6853396 0.0000000 0.6755857 0.5523710 0.7111634 0.7702765 0.9126148 0.9518242 1.0493929 0.9779002 1.3265107 1.6342099 1.3103106 1.5128493 1.3505439 1.2654424 1.3526235 1.3405713 1.4170586 1.3993326 1.2708300 1.6124830 1.3154398 1.5279181 2.3223092 1.9970673 2.7029353 1.9761619 2.5680351 2.2832491 1.2048205 1.4980327 1.2937807 1.2886952 1.3993088 1.4005905 1.3363528 1.4541582 1.3458246 1.7123608 2.0028449 1.9406058 2.6966030 
Furipteridae      0.7029992 1.0188493 0.7586563 0.7423070 0.8483773 0.8430573 0.6772645 0.5897887 0.6659411 0.6755857 0.0000000 0.6030876 0.6831940 0.6535112 0.8641615 0.9019684 0.9609497 0.9988088 1.4161692 1.6224407 1.2700981 1.4578075 1.4818790 1.3528828 1.3502996 1.3822154 1.5036626 1.4262633 1.3875113 1.5176140 1.5468522 2.1308713 2.4687834 2.0877231 1.8255216 2.0287014 2.6466198 1.4273381 1.2855078 1.5803779 1.3013204 1.3651326 1.4198230 1.5495075 1.3956567 1.5084847 1.2486307 1.9230904 2.1585325 2.2507403 3.4255054 
Rhinolophidae     0.6254078 0.9811807 0.6845116 0.7189317 0.7861238 0.7076487 0.5444020 0.6225402 0.5396617 0.5523710 0.6030876 0.0000000 0.6074450 0.6015714 0.8315681 0.8373860 0.9154635 0.9149381 1.2206494 1.5597476 1.2213129 1.3796586 1.3681278 1.2597615 1.2822242 1.3601500 1.4125778 1.2707947 1.1969959 1.3424164 1.3217675 1.5651464 1.8406104 1.6926330 2.0049243 1.7176774 2.3661074 1.7128247 0.9950269 1.3714326 1.1594834 1.2258144 1.2251108 1.2791665 1.2087626 1.4363928 1.1976067 1.6227964 1.8865642 1.8863280 3.3233946 
Viverridae        0.6102072 0.9217090 0.6309352 0.6689246 0.7402260 0.6927142 0.6072817 0.5669428 0.5931774 0.7111634 0.6831940 0.6074450 0.0000000 0.3565353 0.7290486 0.7715974 0.8794293 0.8410331 1.4369355 1.9465345 1.5738392 1.7677332 1.6425646 1.5498994 1.5294889 1.5058393 1.5913696 1.6416516 1.4016893 1.5018973 1.4790988 1.8570036 2.1871221 1.9203227 2.5251332 1.9031073 2.6351439 1.8589406 1.1486203 1.4398059 1.1631507 1.2853166 1.2870467 1.3729780 1.2089900 1.3953529 1.1169272 1.6713152 1.6648453 1.5911348 2.4724048 
Procyonidae       0.6283958 0.9622868 0.5421376 0.6371079 0.7433034 0.7050615 0.5923018 0.5785332 0.6266743 0.7702765 0.6535112 0.6015714 0.3565353 0.0000000 0.7727168 0.8790983 0.9777854 1.0379829 1.4539873 1.8691926 1.5169311 1.7375449 1.6945371 1.4645219 1.4372566 1.4454944 1.5713478 1.5865159 1.4650984 1.7151380 1.5344086 1.6968408 2.5121703 2.0658855 2.2728682 1.8660160 2.3541558 1.8894876 1.1186498 1.3002865 1.1094179 1.1609177 1.1719825 1.2220522 1.0830956 1.2382353 1.1480863 1.6593361 1.6636907 1.6133984 2.5016685 
Myrmecophagidae   0.6544197 1.0178647 0.8109688 0.7864908 0.8331450 0.8284540 0.6375341 0.6407951 0.7272157 0.9126148 0.8641615 0.8315681 0.7290486 0.7727168 0.0000000 0.6810002 0.7719132 0.8403525 1.5031204 1.8516477 1.5434765 1.6788250 1.7142892 1.4925680 1.4822012 1.5489557 1.5926311 1.6326165 1.5232630 1.6916643 1.5166114 1.6960144 2.1352696 1.8384528 2.1779252 1.9138695 2.3142511 1.8575667 1.3602244 1.5179396 1.2656831 1.3908860 1.3899297 1.4739737 1.3879670 1.3735600 1.3921499 1.7826898 1.6656341 1.8120198 2.3629375 
Caluromyidae      0.8150484 1.1738387 0.7748853 0.7546085 1.0047259 0.8525399 0.7536245 0.6811211 0.7175319 0.9518242 0.9019684 0.8373860 0.7715974 0.8790983 0.6810002 0.0000000 0.2302890 0.2275309 0.9114662 1.1538755 0.9556503 1.0432877 1.0406927 0.9401347 0.9226061 0.9994075 1.0432002 1.0091652 0.9727429 1.0268606 0.9877574 1.1612716 1.3374754 1.3058400 1.4727525 1.2132782 1.8306061 1.4519609 0.8433726 1.2128063 0.9286891 1.0357336 1.0744789 0.9275786 0.9945878 1.1164970 0.9969861 1.3109989 1.5046439 1.5267624 2.1292801 
Thylacomyidae     0.8357222 1.1008270 0.9001800 0.9259350 1.0887462 0.9728867 0.9159353 0.8469981 0.8508202 1.0493929 0.9609497 0.9154635 0.8794293 0.9777854 0.7719132 0.2302890 0.0000000 0.2123370 1.1827958 1.4436361 1.2158666 1.3084667 1.2692235 1.1756997 1.1528667 1.2813699 1.3471563 1.2563169 1.2069429 1.2196675 1.1593439 1.1470757 1.6771227 1.5939421 1.8769615 1.4097863 1.9098520 1.7082286 0.9788957 1.2620519 1.0670715 1.1034914 1.2208626 1.0681026 1.0425868 1.2272361 1.0008346 1.2970587 1.4990359 1.5541944 2.3733280 
Phalangeridae     0.9472672 1.2161512 0.8569600 0.8167324 1.1561013 0.9605008 0.9063325 0.8132650 0.8625487 0.9779002 0.9988088 0.9149381 0.8410331 1.0379829 0.8403525 0.2275309 0.2123370 0.0000000 1.0910229 1.3231723 1.1535032 1.2422874 1.2315747 1.1049977 1.0834925 1.1587479 1.2364215 1.1836843 1.1605286 1.1231403 1.1395687 1.3054393 1.5764534 1.5032220 1.6051564 1.3201834 1.9431718 1.9476164 0.9400538 1.3161670 1.0492131 1.0836791 1.1570711 1.0257330 1.0124171 1.1825192 0.9848898 1.4749306 1.5929436 1.5413213 2.1620061 
Tityridae         1.4876891 1.7131250 1.2182608 1.3228341 1.5151585 1.0662041 1.1773050 1.2234747 1.2717994 1.3265107 1.4161692 1.2206494 1.4369355 1.4539873 1.5031204 0.9114662 1.1827958 1.0910229 0.0000000 0.2609239 0.1956472 0.2265770 0.1864298 0.1842103 0.2103384 0.2360567 0.2364258 0.2011980 0.2200227 0.5580958 0.6289792 0.6998430 1.0502437 1.2458295 1.2028039 1.0550191 1.3362030 1.0396423 0.7207733 0.9211424 0.8770557 0.8476569 0.8659038 0.9084345 0.9234627 0.9616223 0.8368384 1.0062603 1.3202166 1.2865020 1.9989843 
Ptilonorhynchidae 1.8682307 1.8790851 1.4370135 1.5363572 1.6654390 1.4236172 1.4867768 1.4947814 1.5966668 1.6342099 1.6224407 1.5597476 1.9465345 1.8691926 1.8516477 1.1538755 1.4436361 1.3231723 0.2609239 0.0000000 0.1632379 0.2014530 0.1684923 0.1572066 0.1922186 0.2018304 0.2021073 0.1830244 0.2863759 0.6332937 0.6994716 0.9071006 1.2150145 1.2584566 1.3998746 1.2920982 1.5593647 1.1530263 0.8482985 1.1007046 0.9834757 0.9449506 0.9517012 0.9543956 1.0075419 1.1081202 0.8523285 1.1761648 1.4876180 1.5297338 2.3882706 
Callaeatidae      1.4774593 1.8046846 1.2093568 1.2476746 1.4748184 1.0825945 1.2236003 1.2826200 1.2489209 1.3103106 1.2700981 1.2213129 1.5738392 1.5169311 1.5434765 0.9556503 1.2158666 1.1535032 0.1956472 0.1632379 0.0000000 0.1334369 0.1063401 0.0832968 0.0924703 0.1057369 0.1193860 0.0972999 0.2339364 0.5282993 0.6360548 0.6872112 1.0464198 1.1996000 1.4596836 1.1950064 1.4703184 1.0401346 0.7187459 1.0062865 0.8926827 0.8524575 0.8708559 0.8854228 0.9158873 1.0262035 0.8689872 1.1478778 1.3049148 1.3389670 2.2560045 
Monarchidae       1.6473520 1.9982774 1.3553254 1.5465267 1.5348252 1.1282465 1.3595439 1.4235539 1.3928303 1.5128493 1.4578075 1.3796586 1.7677332 1.7375449 1.6788250 1.0432877 1.3084667 1.2422874 0.2265770 0.2014530 0.1334369 0.0000000 0.1043893 0.1188988 0.1518173 0.1515486 0.1612434 0.1198580 0.2512377 0.6325827 0.7259113 0.8412723 1.2072027 1.3365804 1.4129367 1.2022947 1.3975786 1.1571507 0.8039479 1.0275808 0.9648708 0.9801858 0.9584448 1.0024276 1.0363397 1.1353238 0.9300171 1.2258768 1.5405208 1.5024780 2.1852170 
Malaconotidae     1.5117295 1.9735055 1.3011554 1.4562030 1.6568863 1.1624022 1.3539336 1.4645111 1.4362443 1.3505439 1.4818790 1.3681278 1.6425646 1.6945371 1.7142892 1.0406927 1.2692235 1.2315747 0.1864298 0.1684923 0.1063401 0.1043893 0.0000000 0.0923346 0.1242981 0.1194060 0.1287583 0.1110732 0.2520630 0.5553562 0.6302919 0.7690298 1.2063569 1.3202765 1.3921350 1.2319142 1.3880280 1.0774897 0.7513499 1.0663212 0.8971305 0.8990580 0.8971034 0.8992358 0.9310099 0.9968370 0.8538682 1.1656790 1.4729224 1.4850919 2.1298546 
Certhiidae        1.5031609 1.6602688 1.2427264 1.2938577 1.4975193 1.0771108 1.2518174 1.2884444 1.2942825 1.2654424 1.3528828 1.2597615 1.5498994 1.4645219 1.4925680 0.9401347 1.1756997 1.1049977 0.1842103 0.1572066 0.0832968 0.1188988 0.0923346 0.0000000 0.0654880 0.0782388 0.0739956 0.0661578 0.2219542 0.5313392 0.6228827 0.7340654 1.0962604 1.2021176 1.3028888 1.1277703 1.3303143 1.0371552 0.7372409 0.9934323 0.8935746 0.8532798 0.8498541 0.8955282 0.9021283 1.0349062 0.8307448 1.1354125 1.3876817 1.4203766 2.1672048 
Cinclidae         1.5183997 1.7973278 1.2026935 1.2556605 1.5109801 1.1284128 1.2953640 1.3428520 1.4093317 1.3526235 1.3502996 1.2822242 1.5294889 1.4372566 1.4822012 0.9226061 1.1528667 1.0834925 0.2103384 0.1922186 0.0924703 0.1518173 0.1242981 0.0654880 0.0000000 0.0960260 0.0916963 0.0926960 0.2612037 0.5661995 0.6445454 0.7406226 1.2062259 1.2834960 1.4568141 1.2965642 1.3771813 1.0533990 0.7578219 1.0307316 0.8964900 0.8378669 0.8339201 0.8893164 0.9166238 1.0288746 0.8757540 1.1372272 1.4531340 1.4531028 2.3342051 
Ploceidae         1.6015926 1.8063577 1.2588338 1.4180952 1.4915186 1.1969572 1.3406506 1.3588414 1.3380908 1.3405713 1.3822154 1.3601500 1.5058393 1.4454944 1.5489557 0.9994075 1.2813699 1.1587479 0.2360567 0.2018304 0.1057369 0.1515486 0.1194060 0.0782388 0.0960260 0.0000000 0.0821122 0.1014407 0.2500667 0.5489000 0.6291348 0.7220459 1.1537759 1.2902347 1.3675214 1.1954512 1.3284630 1.0931956 0.7770131 1.0402383 0.9018773 0.9002562 0.8766834 0.9156703 0.9313684 1.0286323 0.8769307 1.1055058 1.3462816 1.3824636 2.0234830 
Thraupidae        1.6342112 1.8652121 1.3911445 1.4452157 1.5608950 1.1762656 1.3655515 1.4540328 1.4283269 1.4170586 1.5036626 1.4125778 1.5913696 1.5713478 1.5926311 1.0432002 1.3471563 1.2364215 0.2364258 0.2021073 0.1193860 0.1612434 0.1287583 0.0739956 0.0916963 0.0821122 0.0000000 0.1015845 0.2610904 0.5747598 0.6470122 0.7882780 1.2416047 1.2414053 1.3996589 1.2306689 1.3628347 1.0381062 0.8065652 1.1201393 0.9319513 0.9444017 0.9211318 0.9251492 0.9990200 1.0926643 0.8879003 1.1132901 1.4188859 1.3888546 2.1647714 
Alaudidae         1.5109263 1.8036327 1.3254767 1.3859888 1.5714140 1.2008065 1.3297686 1.2696186 1.3298568 1.3993326 1.4262633 1.2707947 1.6416516 1.5865159 1.6326165 1.0091652 1.2563169 1.1836843 0.2011980 0.1830244 0.0972999 0.1198580 0.1110732 0.0661578 0.0926960 0.1014407 0.1015845 0.0000000 0.2358774 0.5468333 0.6060702 0.6797043 1.2083528 1.2413286 1.3470028 1.1860137 1.3745617 1.0819109 0.7783218 1.0676729 0.9838071 0.9423121 0.9420355 1.0096752 1.0077280 1.1433816 0.9038378 1.1554746 1.4799096 1.4487377 2.2614207 
Coraciiformes     1.4521970 1.7321300 1.2315240 1.2707483 1.5540576 1.0705422 1.2004969 1.3078976 1.2267011 1.2708300 1.3875113 1.1969959 1.4016893 1.4650984 1.5232630 0.9727429 1.2069429 1.1605286 0.2200227 0.2863759 0.2339364 0.2512377 0.2520630 0.2219542 0.2612037 0.2500667 0.2610904 0.2358774 0.0000000 0.5050636 0.5836646 0.7508679 1.0962114 1.1673592 1.2594218 1.1111348 1.3633840 1.0246437 0.6600751 0.8759067 0.8654911 0.8460969 0.8431174 0.9249402 0.9284011 0.9252543 0.8268070 0.9498114 1.2382555 1.2516879 1.9252820 
Crocodylidae      1.4641887 1.8886646 1.2713113 1.3021494 1.4712256 1.3224078 1.2118256 1.4224723 1.4831087 1.6124830 1.5176140 1.3424164 1.5018973 1.7151380 1.6916643 1.0268606 1.2196675 1.1231403 0.5580958 0.6332937 0.5282993 0.6325827 0.5553562 0.5313392 0.5661995 0.5489000 0.5747598 0.5468333 0.5050636 0.0000000 0.5719133 0.6425428 1.0454744 1.2946939 1.2861861 1.1004367 1.1625979 0.9575630 0.7639604 1.0571662 0.8292553 0.8704337 0.9337504 0.9196395 0.8672837 0.9948773 0.8741078 1.1269044 1.1277887 1.1656385 1.9218400 
Carettochelyidae  1.1272344 1.7893761 1.2690391 1.2283676 1.5072610 1.3181966 1.2333211 1.3609595 1.1949526 1.3154398 1.5468522 1.3217675 1.4790988 1.5344086 1.5166114 0.9877574 1.1593439 1.1395687 0.6289792 0.6994716 0.6360548 0.7259113 0.6302919 0.6228827 0.6445454 0.6291348 0.6470122 0.6060702 0.5836646 0.5719133 0.0000000 0.5752906 1.1176894 1.1867861 1.3358648 1.3246694 1.5122408 1.0587114 0.7822835 1.0335843 0.8768205 0.9114123 0.9467850 0.9441054 0.9882784 1.0211957 0.8779653 0.9963628 1.3253746 1.1894870 1.9423574 
Kinosternidae     1.4082059 2.2406534 1.4261912 1.5629404 1.4873713 1.2950092 1.5185276 1.7203711 1.5510836 1.5279181 2.1308713 1.5651464 1.8570036 1.6968408 1.6960144 1.1612716 1.1470757 1.3054393 0.6998430 0.9071006 0.6872112 0.8412723 0.7690298 0.7340654 0.7406226 0.7220459 0.7882780 0.6797043 0.7508679 0.6425428 0.5752906 0.0000000 1.0418422 1.4072679 1.7431893 1.1993824 1.6267039 1.2923400 0.9429946 1.2368197 1.1878423 1.2550095 1.2941968 1.2003460 1.2048626 1.2266772 1.1262179 1.3179661 1.5452138 1.3148044 2.1873956 
Anomalepididae    1.7359138 1.9160922 1.7286151 1.8240012 2.2939631 1.8682948 1.9031903 1.9890902 1.9492786 2.3223092 2.4687834 1.8406104 2.1871221 2.5121703 2.1352696 1.3374754 1.6771227 1.5764534 1.0502437 1.2150145 1.0464198 1.2072027 1.2063569 1.0962604 1.2062259 1.1537759 1.2416047 1.2083528 1.0962114 1.0454744 1.1176894 1.0418422 0.0000000 0.8849310 0.9476654 0.8246384 1.6314708 1.2900053 1.1738708 1.7085058 1.5540229 1.6181651 1.6332088 1.5042371 1.5391192 1.6102585 1.4206715 1.3869095 1.5752177 1.4894886 2.1372932 
Loxocemidae       1.6092577 1.7304397 1.8304705 1.8207119 2.2549460 2.0752289 1.8769293 2.1554148 2.0005318 1.9970673 2.0877231 1.6926330 1.9203227 2.0658855 1.8384528 1.3058400 1.5939421 1.5032220 1.2458295 1.2584566 1.1996000 1.3365804 1.3202765 1.2021176 1.2834960 1.2902347 1.2414053 1.2413286 1.1673592 1.2946939 1.1867861 1.4072679 0.8849310 0.0000000 0.5056211 0.8572770 1.5064373 1.1022562 1.1869987 2.0750446 1.3553680 1.4918836 1.5782886 1.4338538 1.4002695 1.3628151 1.4082331 1.6148622 1.6856453 1.5542585 2.2139721 
Natricidae        2.0648465 1.9212255 2.2807687 2.1401457 2.5441734 2.2200114 1.9043505 2.2053467 2.2924411 2.7029353 1.8255216 2.0049243 2.5251332 2.2728682 2.1779252 1.4727525 1.8769615 1.6051564 1.2028039 1.3998746 1.4596836 1.4129367 1.3921350 1.3028888 1.4568141 1.3675214 1.3996589 1.3470028 1.2594218 1.2861861 1.3358648 1.7431893 0.9476654 0.5056211 0.0000000 0.9590727 1.5570487 1.1014938 1.4016230 2.0566095 1.5726590 1.6583689 1.7271072 1.6203182 1.5124406 1.5924523 1.6272855 1.9359732 1.8898821 1.7543272 2.0133794 
Xenosauridae      1.6006905 1.7161274 1.5179064 1.6781116 1.8295205 1.5594649 1.6137132 1.7790659 1.6688298 1.9761619 2.0287014 1.7176774 1.9031073 1.8660160 1.9138695 1.2132782 1.4097863 1.3201834 1.0550191 1.2920982 1.1950064 1.2022947 1.2319142 1.1277703 1.2965642 1.1954512 1.2306689 1.1860137 1.1111348 1.1004367 1.3246694 1.1993824 0.8246384 0.8572770 0.9590727 0.0000000 1.7186162 1.1115466 1.1733346 1.6245869 1.3588961 1.3549477 1.4350036 1.3307953 1.2889287 1.3574947 1.1381826 1.3388755 1.4556896 1.3113195 2.2437971 
Teiidae           2.2388032 2.3674326 2.7566617 2.6017526 2.4261967 2.4435557 2.2757480 2.6522296 2.2751159 2.5680351 2.6466198 2.3661074 2.6351439 2.3541558 2.3142511 1.8306061 1.9098520 1.9431718 1.3362030 1.5593647 1.4703184 1.3975786 1.3880280 1.3303143 1.3771813 1.3284630 1.3628347 1.3745617 1.3633840 1.1625979 1.5122408 1.6267039 1.6314708 1.5064373 1.5570487 1.7186162 0.0000000 1.2195204 1.4202637 1.7466299 1.3070098 1.4489711 1.5947168 1.3678599 1.4309718 1.4489820 1.3961355 1.5349418 1.6514337 1.6028063 2.3554931 
Eublepharidae     1.6061470 2.0524545 1.9628814 1.9554987 1.8354751 1.8178421 1.6191717 1.9853535 1.8096214 2.2832491 1.4273381 1.7128247 1.8589406 1.8894876 1.8575667 1.4519609 1.7082286 1.9476164 1.0396423 1.1530263 1.0401346 1.1571507 1.0774897 1.0371552 1.0533990 1.0931956 1.0381062 1.0819109 1.0246437 0.9575630 1.0587114 1.2923400 1.2900053 1.1022562 1.1014938 1.1115466 1.2195204 0.0000000 1.2137000 1.6826199 1.2261986 1.3245808 1.3390024 1.2926651 1.2605967 1.3200286 1.2434742 1.5467642 1.4444000 1.4107028 2.7167662 
Dicamptodontidae  1.0779604 1.4256191 0.9597801 1.0403019 1.3130981 1.0757754 1.1337391 1.1711327 1.1648387 1.2048205 1.2855078 0.9950269 1.1486203 1.1186498 1.3602244 0.8433726 0.9788957 0.9400538 0.7207733 0.8482985 0.7187459 0.8039479 0.7513499 0.7372409 0.7578219 0.7770131 0.8065652 0.7783218 0.6600751 0.7639604 0.7822835 0.9429946 1.1738708 1.1869987 1.4016230 1.1733346 1.4202637 1.2137000 0.0000000 0.5731241 0.2940451 0.3289280 0.3358238 0.3268842 0.2991750 0.3420667 0.4807385 0.9139832 1.1236477 1.0318785 1.9168741 
Alytidae          1.3794826 2.0070440 1.2313294 1.3334823 1.4102825 1.3048544 1.2506311 1.3574238 1.3076247 1.4980327 1.5803779 1.3714326 1.4398059 1.3002865 1.5179396 1.2128063 1.2620519 1.3161670 0.9211424 1.1007046 1.0062865 1.0275808 1.0663212 0.9934323 1.0307316 1.0402383 1.1201393 1.0676729 0.8759067 1.0571662 1.0335843 1.2368197 1.7085058 2.0750446 2.0566095 1.6245869 1.7466299 1.6826199 0.5731241 0.0000000 0.5484468 0.5832616 0.5688490 0.6204567 0.5929469 0.5524230 0.8169765 1.0269372 1.4201330 1.3186989 2.0898523 
Heleophrynidae    1.0849493 1.4218903 1.0704777 1.1427087 1.3298833 1.3469382 1.1669193 1.0914455 1.1789720 1.2937807 1.3013204 1.1594834 1.1631507 1.1094179 1.2656831 0.9286891 1.0670715 1.0492131 0.8770557 0.9834757 0.8926827 0.9648708 0.8971305 0.8935746 0.8964900 0.9018773 0.9319513 0.9838071 0.8654911 0.8292553 0.8768205 1.1878423 1.5540229 1.3553680 1.5726590 1.3588961 1.3070098 1.2261986 0.2940451 0.5484468 0.0000000 0.1912107 0.2044480 0.1924700 0.1936883 0.2341548 0.4883033 0.9442046 1.1640486 1.0697442 1.9445952 
Leptodactylidae   1.2034943 1.4976292 1.0569168 1.1190288 1.4518205 1.3473652 1.2631887 1.1541058 1.1843476 1.2886952 1.3651326 1.2258144 1.2853166 1.1609177 1.3908860 1.0357336 1.1034914 1.0836791 0.8476569 0.9449506 0.8524575 0.9801858 0.8990580 0.8532798 0.8378669 0.9002562 0.9444017 0.9423121 0.8460969 0.8704337 0.9114123 1.2550095 1.6181651 1.4918836 1.6583689 1.3549477 1.4489711 1.3245808 0.3289280 0.5832616 0.1912107 0.0000000 0.0997918 0.1982963 0.1755369 0.2200361 0.5012310 0.8506446 1.0358956 1.0117672 1.8997058 
Strabomantidae    1.0908918 1.6034994 1.1045345 1.1459605 1.3736247 1.3314900 1.1946604 1.2250344 1.2474844 1.3993088 1.4198230 1.2251108 1.2870467 1.1719825 1.3899297 1.0744789 1.2208626 1.1570711 0.8659038 0.9517012 0.8708559 0.9584448 0.8971034 0.8498541 0.8339201 0.8766834 0.9211318 0.9420355 0.8431174 0.9337504 0.9467850 1.2941968 1.6332088 1.5782886 1.7271072 1.4350036 1.5947168 1.3390024 0.3358238 0.5688490 0.2044480 0.0997918 0.0000000 0.2020839 0.1934051 0.2504123 0.5291011 0.9307040 1.0688193 1.0296026 1.8681492 
Micrixalidae      1.2378360 1.6048657 1.1327018 1.1702952 1.4659736 1.3268352 1.2200494 1.3674869 1.4155386 1.4005905 1.5495075 1.2791665 1.3729780 1.2220522 1.4739737 0.9275786 1.0681026 1.0257330 0.9084345 0.9543956 0.8854228 1.0024276 0.8992358 0.8955282 0.8893164 0.9156703 0.9251492 1.0096752 0.9249402 0.9196395 0.9441054 1.2003460 1.5042371 1.4338538 1.6203182 1.3307953 1.3678599 1.2926651 0.3268842 0.6204567 0.1924700 0.1982963 0.2020839 0.0000000 0.1463612 0.1843032 0.5237506 0.8657992 1.1340863 1.0597718 1.8287062 
Hemisotidae       1.1348529 1.5984564 1.0882010 1.1009798 1.4889279 1.3482914 1.2885056 1.2283358 1.2292208 1.3363528 1.3956567 1.2087626 1.2089900 1.0830956 1.3879670 0.9945878 1.0425868 1.0124171 0.9234627 1.0075419 0.9158873 1.0363397 0.9310099 0.9021283 0.9166238 0.9313684 0.9990200 1.0077280 0.9284011 0.8672837 0.9882784 1.2048626 1.5391192 1.4002695 1.5124406 1.2889287 1.4309718 1.2605967 0.2991750 0.5929469 0.1936883 0.1755369 0.1934051 0.1463612 0.0000000 0.1760310 0.4891583 0.8876253 1.2340496 1.1487478 1.9482644 
Asterophryidae    1.1883963 1.6374392 1.0637025 1.1714026 1.5156255 1.2551889 1.2875591 1.3116905 1.3950817 1.4541582 1.5084847 1.4363928 1.3953529 1.2382353 1.3735600 1.1164970 1.2272361 1.1825192 0.9616223 1.1081202 1.0262035 1.1353238 0.9968370 1.0349062 1.0288746 1.0286323 1.0926643 1.1433816 0.9252543 0.9948773 1.0211957 1.2266772 1.6102585 1.3628151 1.5924523 1.3574947 1.4489820 1.3200286 0.3420667 0.5524230 0.2341548 0.2200361 0.2504123 0.1843032 0.1760310 0.0000000 0.5496537 0.9117776 1.1947184 1.1024385 1.9758636 
Caeciliidae2      1.0532694 1.3581349 1.0562211 1.0535998 1.3616105 1.2048264 1.1564590 1.1669765 1.2536671 1.3458246 1.2486307 1.1976067 1.1169272 1.1480863 1.3921499 0.9969861 1.0008346 0.9848898 0.8368384 0.8523285 0.8689872 0.9300171 0.8538682 0.8307448 0.8757540 0.8769307 0.8879003 0.9038378 0.8268070 0.8741078 0.8779653 1.1262179 1.4206715 1.4082331 1.6272855 1.1381826 1.3961355 1.2434742 0.4807385 0.8169765 0.4883033 0.5012310 0.5291011 0.5237506 0.4891583 0.5496537 0.0000000 0.9251340 1.0030670 0.9900495 1.9628252 
Polypteriformes   1.4823678 1.9395352 1.5104464 1.5155206 1.6191829 1.5898146 1.5639722 1.7575877 1.7688104 1.7123608 1.9230904 1.6227964 1.6713152 1.6593361 1.7826898 1.3109989 1.2970587 1.4749306 1.0062603 1.1761648 1.1478778 1.2258768 1.1656790 1.1354125 1.1372272 1.1055058 1.1132901 1.1554746 0.9498114 1.1269044 0.9963628 1.3179661 1.3869095 1.6148622 1.9359732 1.3388755 1.5349418 1.5467642 0.9139832 1.0269372 0.9442046 0.8506446 0.9307040 0.8657992 0.8876253 0.9117776 0.9251340 0.0000000 0.7286151 0.6666574 1.5869284 
Channichthyidae   1.4805610 1.5135469 1.4689019 1.4206488 1.5411594 1.4942045 1.5596628 1.7837550 1.6420165 2.0028449 2.1585325 1.8865642 1.6648453 1.6636907 1.6656341 1.5046439 1.4990359 1.5929436 1.3202166 1.4876180 1.3049148 1.5405208 1.4729224 1.3876817 1.4531340 1.3462816 1.4188859 1.4799096 1.2382555 1.1277887 1.3253746 1.5452138 1.5752177 1.6856453 1.8898821 1.4556896 1.6514337 1.4444000 1.1236477 1.4201330 1.1640486 1.0358956 1.0688193 1.1340863 1.2340496 1.1947184 1.0030670 0.7286151 0.0000000 0.1193963 1.4211861 
Pseudaphritidae   1.3743753 1.5901553 1.4927683 1.4917097 1.5898182 1.4584808 1.5451783 1.7469644 1.7311832 1.9406058 2.2507403 1.8863280 1.5911348 1.6133984 1.8120198 1.5267624 1.5541944 1.5413213 1.2865020 1.5297338 1.3389670 1.5024780 1.4850919 1.4203766 1.4531028 1.3824636 1.3888546 1.4487377 1.2516879 1.1656385 1.1894870 1.3148044 1.4894886 1.5542585 1.7543272 1.3113195 1.6028063 1.4107028 1.0318785 1.3186989 1.0697442 1.0117672 1.0296026 1.0597718 1.1487478 1.1024385 0.9900495 0.6666574 0.1193963 0.0000000 1.4449871 
Carcharhinidae    2.4612111 3.1423450 2.2627967 2.1961155 2.1465930 2.3426213 2.9597482 2.7815221 2.6640446 2.6966030 3.4255054 3.3233946 2.4724048 2.5016685 2.3629375 2.1292801 2.3733280 2.1620061 1.9989843 2.3882706 2.2560045 2.1852170 2.1298546 2.1672048 2.3342051 2.0234830 2.1647714 2.2614207 1.9252820 1.9218400 1.9423574 2.1873956 2.1372932 2.2139721 2.0133794 2.2437971 2.3554931 2.7167662 1.9168741 2.0898523 1.9445952 1.8997058 1.8681492 1.8287062 1.9482644 1.9758636 1.9628252 1.5869284 1.4211861 1.4449871 0.0000000 
