51
Pitheciidae       0.0000000 0.2408401 0.3994498 0.3334774 0.4192131 0.2941085 0.4430085 0.4068424 0.3966378 0.3142973 0.3181150 0.2883211 0.2962878 0.3190340 0.3262528 0.6572333 0.5737557 0.5590375 2.1883129 2.3613518 2.0530000 2.2187918 2.1551753 2.2212799 2.1145433 2.4940483 2.2934559 2.2911454 2.0829602 2.2033814 1.9979868 2.2902175 1.2101015 1.2260327 1.1048086 1.4042534 0.9587968 1.4380590 2.1264753 2.0328173 1.8058376 1.5952118 1.6674073 1.8110692 1.7512886 1.5271136 2.4830631 1.1215123 0.9209034 0.9139192 1.3754794 
Scandentia        0.2408401 0.0000000 0.4025649 0.3491358 0.3600700 0.3100453 0.4028528 0.3482476 0.3818112 0.2989362 0.2687527 0.2638495 0.2781884 0.2953069 0.3345540 0.5797862 0.5107571 0.5125370 2.1017598 2.3227998 1.9947694 2.1421915 2.1188826 2.1689601 2.0651412 2.3911291 2.2609257 2.2656060 1.9614447 2.1249007 2.0012031 2.2593883 1.0656867 1.1099243 1.0449745 1.3325137 0.9260412 1.3603921 2.0844719 2.0761260 1.7482770 1.5546968 1.5769252 1.7917997 1.6524653 1.5238516 2.4500365 1.0085840 0.9432447 0.9401441 1.3875160 
Erethizontidae    0.3994498 0.4025649 0.0000000 0.1690311 0.5138479 0.4621046 0.6063439 0.6028213 0.5505025 0.4938752 0.4592552 0.4160415 0.4037333 0.4577115 0.5169156 0.8303599 0.7170952 0.7067711 2.2658189 2.3982858 2.1226207 2.3017633 2.3280008 2.3041320 2.2674321 2.5260247 2.3721503 2.3797421 2.1452182 2.2467755 2.0752870 2.1893814 1.3580114 1.3057669 1.2217265 1.5066160 1.1327819 1.4930241 2.3167172 2.2046942 1.9665896 1.6823995 1.7076603 1.9674022 1.9378069 1.7793660 2.6868585 1.3143400 1.2142290 1.1958369 1.6707086 
Capromyidae       0.3334774 0.3491358 0.1690311 0.0000000 0.4608984 0.3752322 0.5037997 0.4964402 0.4920315 0.4497362 0.4274155 0.3778024 0.4026555 0.4053392 0.4590780 0.7767415 0.6985592 0.6394421 2.3242029 2.5242024 2.2448052 2.3868184 2.3697678 2.4217905 2.3733469 2.6658587 2.5523640 2.5332385 2.2792355 2.2620981 2.0874051 2.3324044 1.2786050 1.2990434 1.1995360 1.5020902 1.1236932 1.4905949 2.3970707 2.2538788 1.9386040 1.7415153 1.7677051 1.9772310 1.9543476 1.7182836 2.7266612 1.2753503 1.1695576 1.1505328 1.6698488 
Muridae           0.4192131 0.3600700 0.5138479 0.4608984 0.0000000 0.4190257 0.6382227 0.5772107 0.5928627 0.4704306 0.4400066 0.4168228 0.4352884 0.4900465 0.4883256 0.8317180 0.7184757 0.6669557 2.2730981 2.3855491 2.0994729 2.2391944 2.2368775 2.2352179 2.1888320 2.3716741 2.3823692 2.3712600 2.1357658 2.2609075 2.1771376 2.5021898 1.3255201 1.3236728 1.2029947 1.4046284 1.1628266 1.6011051 2.4067997 2.3366483 2.0416880 1.9120748 1.8657689 2.1047425 2.0037768 1.9112144 2.7778484 1.3614692 1.1735466 1.1888880 1.6060263 
Castoridae        0.2941085 0.3100453 0.4621046 0.3752322 0.4190257 0.0000000 0.5198663 0.4774534 0.4747013 0.4004364 0.3616955 0.3538152 0.3656832 0.4151676 0.4296165 0.7442463 0.6148369 0.6242492 2.1877341 2.3959933 2.0619689 2.2476867 2.2413104 2.2589154 2.1812452 2.3863623 2.3585470 2.2973715 2.0914245 2.1634044 1.8599019 2.1834644 1.1944613 1.1930523 1.0960311 1.3962156 1.0366641 1.5069003 2.2250196 2.1495716 1.8416690 1.7574388 1.7195665 1.9755029 1.8638095 1.7468119 2.4334916 1.1684422 0.9918805 0.9885750 1.4340034 
Suidae            0.4430085 0.4028528 0.6063439 0.5037997 0.6382227 0.5198663 0.0000000 0.4327651 0.4401590 0.4499881 0.4235186 0.4129151 0.4540039 0.5201155 0.4813171 0.8253820 0.7652214 0.7365699 2.4515697 2.5882632 2.3336852 2.3061616 2.4491686 2.4973124 2.4466418 2.7351546 2.5544345 2.6094761 2.3294385 2.2874036 2.1764609 2.5181337 1.2917328 1.3526011 1.2665770 1.5255916 1.1697178 1.4349377 2.3707144 2.3466925 2.1554574 2.0704811 2.0290919 2.1825414 2.0879295 1.9262120 2.8433432 1.3345834 1.0168406 1.0169004 1.6428358 
Hippopotamidae    0.4068424 0.3482476 0.6028213 0.4964402 0.5772107 0.4774534 0.4327651 0.0000000 0.3198904 0.4017561 0.3851252 0.3459670 0.4343816 0.4279754 0.4674663 0.8130349 0.7199697 0.6970105 2.3048440 2.4922570 2.2015864 2.4079259 2.4257118 2.4349641 2.4037440 2.6379202 2.5061104 2.5391821 2.2091868 2.3036085 2.0689776 2.4267260 1.2450843 1.2982934 1.2075516 1.4803680 1.1829833 1.5710563 2.4213493 2.3614317 2.0910343 1.9001270 1.8803278 2.0604519 2.0504087 1.8827323 2.4942477 1.3747954 1.1091379 1.0888821 1.6389739 
Hyperoodontidae   0.3966378 0.3818112 0.5505025 0.4920315 0.5928627 0.4747013 0.4401590 0.3198904 0.0000000 0.3907514 0.3717328 0.3538904 0.4166997 0.4507046 0.4562098 0.8186669 0.7140017 0.6875333 2.2030907 2.3614528 2.1559505 2.2666171 2.2946569 2.2845591 2.2774451 2.5740385 2.4535403 2.3827620 2.1133031 2.2184545 2.1219804 2.3686226 1.4568395 1.4483991 1.3675006 1.6360120 1.2461673 1.5765174 2.3653374 2.2853839 2.0385851 1.8637228 1.8308432 2.0936341 2.0124700 1.8178667 2.7197033 1.3065186 1.0709335 1.0624856 1.6806218 
Vespertilionidae  0.3142973 0.2989362 0.4938752 0.4497362 0.4704306 0.4004364 0.4499881 0.4017561 0.3907514 0.0000000 0.1967887 0.2169296 0.3452941 0.3540906 0.4059637 0.7021188 0.5821021 0.5857681 2.0926805 2.2660070 1.9849300 2.1310015 2.1280325 2.1510281 2.0823473 2.3473774 2.2757624 2.2998368 2.0142351 2.1189544 2.0306961 2.2341928 1.2777789 1.1823674 1.1115590 1.4026954 1.0539697 1.4190744 2.2360724 2.0319865 1.8916925 1.7136908 1.7330739 1.9452125 1.8102101 1.6665509 2.3922167 1.1881197 0.9946281 1.0106770 1.4675251 
Furipteridae      0.3181150 0.2687527 0.4592552 0.4274155 0.4400066 0.3616955 0.4235186 0.3851252 0.3717328 0.1967887 0.0000000 0.1861917 0.3231338 0.3036715 0.3580600 0.5753770 0.5261138 0.5074813 2.0632621 2.2007755 1.9312159 2.0880075 2.0626597 2.0892186 2.0057517 2.3048874 2.2009304 2.2098538 1.9213877 2.0870659 2.0034770 2.1962711 1.2127593 1.1727954 1.0491667 1.2967236 0.9826271 1.3836999 2.0778662 2.0638337 1.7706923 1.6780592 1.6843204 1.8558331 1.7918718 1.6201889 2.4083470 1.1522229 0.9655172 0.9545456 1.4724138 
Rhinolophidae     0.2883211 0.2638495 0.4160415 0.3778024 0.4168228 0.3538152 0.4129151 0.3459670 0.3538904 0.2169296 0.1861917 0.0000000 0.2985582 0.3043225 0.3473664 0.6547612 0.5473387 0.5202607 2.0348444 2.2399090 1.9331753 2.0544953 2.0446047 2.0746841 2.0182509 2.2395684 2.1777733 2.2059697 1.9042562 1.9981096 1.8985791 2.1864568 1.1527263 1.0834070 1.0206736 1.2915799 0.9761071 1.3663115 2.0764291 2.0076804 1.8156649 1.5761889 1.6350028 1.8103106 1.7624356 1.5773295 2.4134420 1.1155741 0.9172385 0.9175299 1.4623360 
Viverridae        0.2962878 0.2781884 0.4037333 0.4026555 0.4352884 0.3656832 0.4540039 0.4343816 0.4166997 0.3452941 0.3231338 0.2985582 0.0000000 0.2376399 0.4149173 0.7307652 0.6327492 0.6243005 2.0825807 2.2956638 2.0160484 2.1705883 2.1359583 2.2009108 1.9882495 2.3417539 2.2633055 2.1954328 1.9362341 2.1674650 2.1160726 2.2792872 1.3221834 1.2912277 1.1430438 1.4128909 1.0501020 1.3607771 2.2807510 2.1567195 1.8903438 1.6116952 1.6656753 1.9441501 1.8132654 1.6890301 2.5335050 1.1854349 1.0254010 1.0217655 1.5477255 
Procyonidae       0.3190340 0.2953069 0.4577115 0.4053392 0.4900465 0.4151676 0.5201155 0.4279754 0.4507046 0.3540906 0.3036715 0.3043225 0.2376399 0.0000000 0.4421748 0.7096608 0.5839951 0.6072863 2.1068120 2.3699497 1.9866328 2.1380640 2.0996459 2.2111991 2.0110865 2.4046435 2.2973571 2.2791285 2.0099471 2.0804578 2.0185769 2.3198258 1.2345947 1.1834436 1.0544224 1.3577305 1.0142685 1.3971041 2.1980147 2.2311994 1.9498933 1.6911103 1.7914105 1.9599665 1.8723840 1.7547469 2.5626546 1.1817349 0.9659047 0.9586020 1.5644821 
Myrmecophagidae   0.3262528 0.3345540 0.5169156 0.4590780 0.4883256 0.4296165 0.4813171 0.4674663 0.4562098 0.4059637 0.3580600 0.3473664 0.4149173 0.4421748 0.0000000 0.6654018 0.5902492 0.6227061 2.1898956 2.4411274 2.0847537 2.3140054 2.2550814 2.2860430 2.2304947 2.5523401 2.4335121 2.4269930 2.1177301 2.1525857 2.1356651 2.4695370 1.2856841 1.2239139 1.1288682 1.3550241 1.0716380 1.4910372 2.2424647 2.1623470 1.9382444 1.7797481 1.7463594 1.9663058 1.8055708 1.6495054 2.4188635 1.1806230 1.0039399 1.0311146 1.4606363 
Caluromyidae      0.6572333 0.5797862 0.8303599 0.7767415 0.8317180 0.7442463 0.8253820 0.8130349 0.8186669 0.7021188 0.5753770 0.6547612 0.7307652 0.7096608 0.6654018 0.0000000 0.2102241 0.2124113 2.1893584 2.3967897 2.1461555 2.1190560 2.2417520 2.2474710 2.1344494 2.4752165 2.2319051 2.2761247 2.1064468 2.1017903 2.1114338 2.1328899 1.1993726 1.0803761 1.0273801 1.3047214 1.0760406 1.3263583 2.2660435 2.1998211 1.7172913 1.8268706 1.7924451 1.9485211 1.8509487 1.6618029 2.5349727 1.1368000 0.9960186 0.9963210 1.4634505 
Thylacomyidae     0.5737557 0.5107571 0.7170952 0.6985592 0.7184757 0.6148369 0.7652214 0.7199697 0.7140017 0.5821021 0.5261138 0.5473387 0.6327492 0.5839951 0.5902492 0.2102241 0.0000000 0.1130717 1.9883229 2.1553368 1.9086116 1.9169165 1.9580964 1.9999965 1.8884978 2.2039376 2.0427396 2.0242427 1.8708800 1.9004862 2.0546818 2.1048990 1.1246038 1.0088137 0.9003872 1.0889520 0.9142774 1.1654661 2.0965292 2.0264317 1.6771698 1.7080488 1.6479716 1.8216299 1.6807263 1.5283860 2.3828603 1.0021137 0.8436852 0.8439364 1.2741594 
Phalangeridae     0.5590375 0.5125370 0.7067711 0.6394421 0.6669557 0.6242492 0.7365699 0.6970105 0.6875333 0.5857681 0.5074813 0.5202607 0.6243005 0.6072863 0.6227061 0.2124113 0.1130717 0.0000000 2.0097966 2.1698263 1.9040565 1.9744906 2.0007619 2.0395421 1.9309184 2.2863831 2.0864450 2.0658427 1.9323059 1.9648331 2.0543249 2.1361244 1.1215631 0.9672111 0.8479633 1.1329981 0.9315941 1.1406053 2.0958658 2.0552555 1.6771837 1.7447623 1.6854652 1.8321026 1.7647513 1.5061921 2.3941762 1.0616319 0.8098298 0.8100713 1.3338354 
Tityridae         2.1883129 2.1017598 2.2658189 2.3242029 2.2730981 2.1877341 2.4515697 2.3048440 2.2030907 2.0926805 2.0632621 2.0348444 2.0825807 2.1068120 2.1898956 2.1893584 1.9883229 2.0097966 0.0000000 0.8216546 0.7461830 0.8129517 0.7895223 0.7282361 0.7387465 0.8714419 0.7562286 0.7940426 0.8820013 1.9911685 2.1331494 2.2431862 1.8359324 1.5969966 1.5950523 1.9608592 1.7082683 2.0400786 2.8058382 2.9255597 2.3983922 2.3405894 2.3248818 2.5864036 2.3932456 2.1650700 2.8701621 1.8911712 1.7617820 1.7882825 2.2504498 
Ptilonorhynchidae 2.3613518 2.3227998 2.3982858 2.5242024 2.3855491 2.3959933 2.5882632 2.4922570 2.3614528 2.2660070 2.2007755 2.2399090 2.2956638 2.3699497 2.4411274 2.3967897 2.1553368 2.1698263 0.8216546 0.0000000 0.6172338 0.6215877 0.6310084 0.5588055 0.5889342 0.6847168 0.6558296 0.6081124 1.0138470 1.8376435 2.2011816 2.3830416 1.8675223 1.7003607 1.7515426 2.0468117 1.7760731 2.0566365 2.7065519 3.0190888 2.4668945 2.6107527 2.5073307 2.7420906 2.4295947 2.2435325 2.9956060 2.0138812 1.8502151 1.8657450 2.2638173 
Callaeatidae      2.0530000 1.9947694 2.1226207 2.2448052 2.0994729 2.0619689 2.3336852 2.2015864 2.1559505 1.9849300 1.9312159 1.9331753 2.0160484 1.9866328 2.0847537 2.1461555 1.9086116 1.9040565 0.7461830 0.6172338 0.0000000 0.4365807 0.4045165 0.3971833 0.3389412 0.4637508 0.4036885 0.4325863 0.8703243 1.8556334 2.0896428 2.1248876 1.6388703 1.5412787 1.5275550 1.7776369 1.4546147 1.7573324 2.6877095 2.7881075 2.2781951 2.3054081 2.1897869 2.4742792 2.2393859 2.0583702 2.7476902 1.6934182 1.5794938 1.6173158 2.0584603 
Monarchidae       2.2187918 2.1421915 2.3017633 2.3868184 2.2391944 2.2476867 2.3061616 2.4079259 2.2666171 2.1310015 2.0880075 2.0544953 2.1705883 2.1380640 2.3140054 2.1190560 1.9169165 1.9744906 0.8129517 0.6215877 0.4365807 0.0000000 0.3209536 0.4208944 0.3887238 0.4907745 0.4418054 0.4547175 0.8486944 1.8850616 2.2319550 2.3225450 1.7100333 1.5963421 1.6162339 1.8317833 1.6754890 1.8400576 2.7349901 2.8368044 2.1917238 2.3582008 2.2739518 2.5173159 2.1652021 1.9970909 2.7632336 1.8146044 1.6305990 1.6644792 2.1815358 
Malaconotidae     2.1551753 2.1188826 2.3280008 2.3697678 2.2368775 2.2413104 2.4491686 2.4257118 2.2946569 2.1280325 2.0626597 2.0446047 2.1359583 2.0996459 2.2550814 2.2417520 1.9580964 2.0007619 0.7895223 0.6310084 0.4045165 0.3209536 0.0000000 0.4137770 0.3840424 0.4719654 0.4541392 0.4740119 0.9445795 1.8913318 2.1641235 2.3927687 1.6741425 1.5587281 1.6468191 1.8752043 1.5884697 1.9413944 2.9079971 2.8633710 2.4021450 2.4162383 2.3452407 2.6212411 2.3534987 2.1461390 2.8390000 1.9316996 1.6942524 1.7291289 2.2001209 
Certhiidae        2.2212799 2.1689601 2.3041320 2.4217905 2.2352179 2.2589154 2.4973124 2.4349641 2.2845591 2.1510281 2.0892186 2.0746841 2.2009108 2.2111991 2.2860430 2.2474710 1.9999965 2.0395421 0.7282361 0.5588055 0.3971833 0.4208944 0.4137770 0.0000000 0.2725106 0.3916896 0.3289096 0.3517774 0.8288809 1.9290446 2.1808080 2.2437317 1.6935934 1.5497680 1.6092202 1.7663669 1.4599849 1.7382660 2.8801174 2.7856241 2.3803225 2.3756158 2.2932606 2.5352821 2.2247141 2.0852692 2.8728817 1.8074834 1.6920733 1.7202308 2.2127649 
Cinclidae         2.1145433 2.0651412 2.2674321 2.3733469 2.1888320 2.1812452 2.4466418 2.4037440 2.2774451 2.0823473 2.0057517 2.0182509 1.9882495 2.0110865 2.2304947 2.1344494 1.8884978 1.9309184 0.7387465 0.5889342 0.3389412 0.3887238 0.3840424 0.2725106 0.0000000 0.3817172 0.3547812 0.3374022 0.8602562 1.7805347 2.2589372 2.2549741 1.6343986 1.5347328 1.4993018 1.7263234 1.5304179 1.7235061 2.6697837 2.6809453 2.2785759 2.3016934 2.2840907 2.5800623 2.2656221 2.0749379 2.8581923 1.7379407 1.5714874 1.6143930 2.0342864 
Ploceidae         2.4940483 2.3911291 2.5260247 2.6658587 2.3716741 2.3863623 2.7351546 2.6379202 2.5740385 2.3473774 2.3048874 2.2395684 2.3417539 2.4046435 2.5523401 2.4752165 2.2039376 2.2863831 0.8714419 0.6847168 0.4637508 0.4907745 0.4719654 0.3916896 0.3817172 0.0000000 0.2938421 0.4073867 0.8717429 2.1781744 2.2496516 2.3374125 1.8843151 1.7414948 1.6975473 1.9519666 1.6714452 2.0015261 2.9423314 3.0517725 2.5041773 2.4861946 2.5072286 2.7603485 2.3124970 2.1847192 3.1976223 2.0867787 1.8827275 1.9148456 2.4182468 
Thraupidae        2.2934559 2.2609257 2.3721503 2.5523640 2.3823692 2.3585470 2.5544345 2.5061104 2.4535403 2.2757624 2.2009304 2.1777733 2.2633055 2.2973571 2.4335121 2.2319051 2.0427396 2.0864450 0.7562286 0.6558296 0.4036885 0.4418054 0.4541392 0.3289096 0.3547812 0.2938421 0.0000000 0.4110129 0.8937969 1.9696235 2.1667167 2.3645533 1.8257875 1.7282690 1.7660265 1.9668590 1.7344113 1.9644701 2.7648176 2.9199017 2.3419387 2.2734987 2.3105415 2.5921202 2.2522555 2.1209757 3.0471574 1.9489796 1.7908096 1.7860288 2.1995047 
Alaudidae         2.2911454 2.2656060 2.3797421 2.5332385 2.3712600 2.2973715 2.6094761 2.5391821 2.3827620 2.2998368 2.2098538 2.2059697 2.1954328 2.2791285 2.4269930 2.2761247 2.0242427 2.0658427 0.7940426 0.6081124 0.4325863 0.4547175 0.4740119 0.3517774 0.3374022 0.4073867 0.4110129 0.0000000 0.9482714 1.9862792 2.3427566 2.2190638 1.8178844 1.6992607 1.6837269 1.8558328 1.7213351 1.8954096 2.8488952 2.8635016 2.3419203 2.3189446 2.2740233 2.6932165 2.2531320 2.1616985 2.8858159 2.0190980 1.7780098 1.8233262 2.3245818 
Coraciiformes     2.0829602 1.9614447 2.1452182 2.2792355 2.1357658 2.0914245 2.3294385 2.2091868 2.1133031 2.0142351 1.9213877 1.9042562 1.9362341 2.0099471 2.1177301 2.1064468 1.8708800 1.9323059 0.8820013 1.0138470 0.8703243 0.8486944 0.9445795 0.8288809 0.8602562 0.8717429 0.8937969 0.9482714 0.0000000 1.8796553 2.0110442 2.2238303 1.6192123 1.5296059 1.5014262 1.8731146 1.5257739 1.7993944 2.6321008 2.7352877 2.4060804 2.4761075 2.3540574 2.5587363 2.3972182 2.1768751 2.8193466 1.8047785 1.6731811 1.7039535 2.2504561 
Crocodylidae      2.2033814 2.1249007 2.2467755 2.2620981 2.2609075 2.1634044 2.2874036 2.3036085 2.2184545 2.1189544 2.0870659 1.9981096 2.1674650 2.0804578 2.1525857 2.1017903 1.9004862 1.9648331 1.9911685 1.8376435 1.8556334 1.8850616 1.8913318 1.9290446 1.7805347 2.1781744 1.9696235 1.9862792 1.8796553 0.0000000 2.2402851 2.4770268 1.7344506 1.6731825 1.6104946 1.8875198 1.7012278 2.1909251 2.8827449 2.9532651 2.6177335 2.8091657 2.7270944 3.0134988 2.8190674 2.6335876 2.9820703 1.8631124 1.7837431 1.7585198 2.3444565 
Carettochelyidae  1.9979868 2.0012031 2.0752870 2.0874051 2.1771376 1.8599019 2.1764609 2.0689776 2.1219804 2.0306961 2.0034770 1.8985791 2.1160726 2.0185769 2.1356651 2.1114338 2.0546818 2.0543249 2.1331494 2.2011816 2.0896428 2.2319550 2.1641235 2.1808080 2.2589372 2.2496516 2.1667167 2.3427566 2.0110442 2.2402851 0.0000000 1.3388865 1.7649557 1.6096705 1.6052128 1.9162368 1.6729330 2.1299700 3.0025614 2.7521685 2.3953805 2.4150567 2.3187030 2.6367595 2.6119928 2.3954682 3.3186173 1.9158274 1.7904689 1.8101058 2.1240190 
Kinosternidae     2.2902175 2.2593883 2.1893814 2.3324044 2.5021898 2.1834644 2.5181337 2.4267260 2.3686226 2.2341928 2.1962711 2.1864568 2.2792872 2.3198258 2.4695370 2.1328899 2.1048990 2.1361244 2.2431862 2.3830416 2.1248876 2.3225450 2.3927687 2.2437317 2.2549741 2.3374125 2.3645533 2.2190638 2.2238303 2.4770268 1.3388865 0.0000000 2.0635493 2.0110576 1.8811185 2.1478797 1.8677218 2.1077442 3.5126098 3.3433482 2.6624988 2.8790571 2.7879941 3.0334180 2.8861061 2.7073495 3.3739956 2.1684404 2.0083876 2.0123161 2.3227947 
Anomalepididae    1.2101015 1.0656867 1.3580114 1.2786050 1.3255201 1.1944613 1.2917328 1.2450843 1.4568395 1.2777789 1.2127593 1.1527263 1.3221834 1.2345947 1.2856841 1.1993726 1.1246038 1.1215631 1.8359324 1.8675223 1.6388703 1.7100333 1.6741425 1.6935934 1.6343986 1.8843151 1.8257875 1.8178844 1.6192123 1.7344506 1.7649557 2.0635493 0.0000000 0.3907795 0.3589204 0.5459631 0.4123352 0.7978385 1.9814399 1.8958861 1.7121987 1.8601214 1.6068928 1.8313748 1.7714599 1.5892760 2.2552910 1.0508756 0.9015552 0.9132663 1.4524606 
Loxocemidae       1.2260327 1.1099243 1.3057669 1.2990434 1.3236728 1.1930523 1.3526011 1.2982934 1.4483991 1.1823674 1.1727954 1.0834070 1.2912277 1.1834436 1.2239139 1.0803761 1.0088137 0.9672111 1.5969966 1.7003607 1.5412787 1.5963421 1.5587281 1.5497680 1.5347328 1.7414948 1.7282690 1.6992607 1.5296059 1.6731825 1.6096705 2.0110576 0.3907795 0.0000000 0.1795356 0.4449047 0.3910542 0.7252543 2.0150391 1.7709528 1.7177569 1.7026014 1.5636217 1.7248614 1.7351459 1.5559919 2.3788461 1.0361912 0.8520653 0.8566538 1.3640470 
Natricidae        1.1048086 1.0449745 1.2217265 1.1995360 1.2029947 1.0960311 1.2665770 1.2075516 1.3675006 1.1115590 1.0491667 1.0206736 1.1430438 1.0544224 1.1288682 1.0273801 0.9003872 0.8479633 1.5950523 1.7515426 1.5275550 1.6162339 1.6468191 1.6092202 1.4993018 1.6975473 1.7660265 1.6837269 1.5014262 1.6104946 1.6052128 1.8811185 0.3589204 0.1795356 0.0000000 0.4110100 0.3569715 0.7138609 1.9364219 1.7727845 1.6580135 1.6690586 1.4809455 1.6259212 1.6467197 1.5094489 2.3753421 0.9857932 0.8505533 0.8550353 1.3745691 
Xenosauridae      1.4042534 1.3325137 1.5066160 1.5020902 1.4046284 1.3962156 1.5255916 1.4803680 1.6360120 1.4026954 1.2967236 1.2915799 1.4128909 1.3577305 1.3550241 1.3047214 1.0889520 1.1329981 1.9608592 2.0468117 1.7776369 1.8317833 1.8752043 1.7663669 1.7263234 1.9519666 1.9668590 1.8558328 1.8731146 1.8875198 1.9162368 2.1478797 0.5459631 0.4449047 0.4110100 0.0000000 0.4694715 0.8850987 2.1008183 2.0533754 1.8116172 1.8399201 1.7195659 1.7736256 1.7606287 1.6812056 2.4349162 1.2673479 1.0316242 1.0361180 1.5134399 
Teiidae           0.9587968 0.9260412 1.1327819 1.1236932 1.1628266 1.0366641 1.1697178 1.1829833 1.2461673 1.0539697 0.9826271 0.9761071 1.0501020 1.0142685 1.0716380 1.0760406 0.9142774 0.9315941 1.7082683 1.7760731 1.4546147 1.6754890 1.5884697 1.4599849 1.5304179 1.6714452 1.7344113 1.7213351 1.5257739 1.7012278 1.6729330 1.8677218 0.4123352 0.3910542 0.3569715 0.4694715 0.0000000 0.6360274 1.9235095 1.7705511 1.7354732 1.7469532 1.6108647 1.7299975 1.5908256 1.5571980 2.2944324 0.9126007 0.7881511 0.8160819 1.3349341 
Eublepharidae     1.4380590 1.3603921 1.4930241 1.4905949 1.6011051 1.5069003 1.4349377 1.5710563 1.5765174 1.4190744 1.3836999 1.3663115 1.3607771 1.3971041 1.4910372 1.3263583 1.1654661 1.1406053 2.0400786 2.0566365 1.7573324 1.8400576 1.9413944 1.7382660 1.7235061 2.0015261 1.9644701 1.8954096 1.7993944 2.1909251 2.1299700 2.1077442 0.7978385 0.7252543 0.7138609 0.8850987 0.6360274 0.0000000 2.4744557 2.1835894 1.9797587 2.0383168 1.9352785 1.9800409 1.8184808 1.7253983 2.5579026 1.2698834 1.0906887 1.1321705 1.7209358 
Dicamptodontidae  2.1264753 2.0844719 2.3167172 2.3970707 2.4067997 2.2250196 2.3707144 2.4213493 2.3653374 2.2360724 2.0778662 2.0764291 2.2807510 2.1980147 2.2424647 2.2660435 2.0965292 2.0958658 2.8058382 2.7065519 2.6877095 2.7349901 2.9079971 2.8801174 2.6697837 2.9423314 2.7648176 2.8488952 2.6321008 2.8827449 3.0025614 3.5126098 1.9814399 2.0150391 1.9364219 2.1008183 1.9235095 2.4744557 0.0000000 2.4917256 2.2281193 2.2458610 2.2270649 2.3743189 2.3330992 2.0724560 3.1992579 1.8901167 1.7019431 1.6844314 2.2141156 
Alytidae          2.0328173 2.0761260 2.2046942 2.2538788 2.3366483 2.1495716 2.3466925 2.3614317 2.2853839 2.0319865 2.0638337 2.0076804 2.1567195 2.2311994 2.1623470 2.1998211 2.0264317 2.0552555 2.9255597 3.0190888 2.7881075 2.8368044 2.8633710 2.7856241 2.6809453 3.0517725 2.9199017 2.8635016 2.7352877 2.9532651 2.7521685 3.3433482 1.8958861 1.7709528 1.7727845 2.0533754 1.7705511 2.1835894 2.4917256 0.0000000 1.8214315 1.5598781 1.5598539 1.7860788 1.6969093 1.4680846 2.9871496 1.8249278 1.6463740 1.6404181 2.0261020 
Heleophrynidae    1.8058376 1.7482770 1.9665896 1.9386040 2.0416880 1.8416690 2.1554574 2.0910343 2.0385851 1.8916925 1.7706923 1.8156649 1.8903438 1.9498933 1.9382444 1.7172913 1.6771698 1.6771837 2.3983922 2.4668945 2.2781951 2.1917238 2.4021450 2.3803225 2.2785759 2.5041773 2.3419387 2.3419203 2.4060804 2.6177335 2.3953805 2.6624988 1.7121987 1.7177569 1.6580135 1.8116172 1.7354732 1.9797587 2.2281193 1.8214315 0.0000000 0.8772512 0.8237309 0.9969713 0.9099018 0.7580907 2.3594667 1.5572212 1.3828115 1.3617778 1.8783344 
Leptodactylidae   1.5952118 1.5546968 1.6823995 1.7415153 1.9120748 1.7574388 2.0704811 1.9001270 1.8637228 1.7136908 1.6780592 1.5761889 1.6116952 1.6911103 1.7797481 1.8268706 1.7080488 1.7447623 2.3405894 2.6107527 2.3054081 2.3582008 2.4162383 2.3756158 2.3016934 2.4861946 2.2734987 2.3189446 2.4761075 2.8091657 2.4150567 2.8790571 1.8601214 1.7026014 1.6690586 1.8399201 1.7469532 2.0383168 2.2458610 1.5598781 0.8772512 0.0000000 0.2868807 0.9272489 0.7599109 0.6765674 2.2739361 1.5290468 1.3817083 1.3279050 1.9097571 
Strabomantidae    1.6674073 1.5769252 1.7076603 1.7677051 1.8657689 1.7195665 2.0290919 1.8803278 1.8308432 1.7330739 1.6843204 1.6350028 1.6656753 1.7914105 1.7463594 1.7924451 1.6479716 1.6854652 2.3248818 2.5073307 2.1897869 2.2739518 2.3452407 2.2932606 2.2840907 2.5072286 2.3105415 2.2740233 2.3540574 2.7270944 2.3187030 2.7879941 1.6068928 1.5636217 1.4809455 1.7195659 1.6108647 1.9352785 2.2270649 1.5598539 0.8237309 0.2868807 0.0000000 0.9018314 0.7751250 0.7518551 2.1117857 1.3629625 1.2536678 1.2344732 1.6609833 
Micrixalidae      1.8110692 1.7917997 1.9674022 1.9772310 2.1047425 1.9755029 2.1825414 2.0604519 2.0936341 1.9452125 1.8558331 1.8103106 1.9441501 1.9599665 1.9663058 1.9485211 1.8216299 1.8321026 2.5864036 2.7420906 2.4742792 2.5173159 2.6212411 2.5352821 2.5800623 2.7603485 2.5921202 2.6932165 2.5587363 3.0134988 2.6367595 3.0334180 1.8313748 1.7248614 1.6259212 1.7736256 1.7299975 1.9800409 2.3743189 1.7860788 0.9969713 0.9272489 0.9018314 0.0000000 0.7323321 0.5647943 2.3802899 1.6114700 1.3750845 1.3440389 1.9252758 
Hemisotidae       1.7512886 1.6524653 1.9378069 1.9543476 2.0037768 1.8638095 2.0879295 2.0504087 2.0124700 1.8102101 1.7918718 1.7624356 1.8132654 1.8723840 1.8055708 1.8509487 1.6807263 1.7647513 2.3932456 2.4295947 2.2393859 2.1652021 2.3534987 2.2247141 2.2656221 2.3124970 2.2522555 2.2531320 2.3972182 2.8190674 2.6119928 2.8861061 1.7714599 1.7351459 1.6467197 1.7606287 1.5908256 1.8184808 2.3330992 1.6969093 0.9099018 0.7599109 0.7751250 0.7323321 0.0000000 0.4986042 2.3155589 1.4773024 1.3188065 1.2915213 1.7906155 
Asterophryidae    1.5271136 1.5238516 1.7793660 1.7182836 1.9112144 1.7468119 1.9262120 1.8827323 1.8178667 1.6665509 1.6201889 1.5773295 1.6890301 1.7547469 1.6495054 1.6618029 1.5283860 1.5061921 2.1650700 2.2435325 2.0583702 1.9970909 2.1461390 2.0852692 2.0749379 2.1847192 2.1209757 2.1616985 2.1768751 2.6335876 2.3954682 2.7073495 1.5892760 1.5559919 1.5094489 1.6812056 1.5571980 1.7253983 2.0724560 1.4680846 0.7580907 0.6765674 0.7518551 0.5647943 0.4986042 0.0000000 2.2610339 1.3337472 1.2376402 1.2307205 1.7051132 
Caeciliidae2      2.4830631 2.4500365 2.6868585 2.7266612 2.7778484 2.4334916 2.8433432 2.4942477 2.7197033 2.3922167 2.4083470 2.4134420 2.5335050 2.5626546 2.4188635 2.5349727 2.3828603 2.3941762 2.8701621 2.9956060 2.7476902 2.7632336 2.8390000 2.8728817 2.8581923 3.1976223 3.0471574 2.8858159 2.8193466 2.9820703 3.3186173 3.3739956 2.2552910 2.3788461 2.3753421 2.4349162 2.2944324 2.5579026 3.1992579 2.9871496 2.3594667 2.2739361 2.1117857 2.3802899 2.3155589 2.2610339 0.0000000 1.9663375 1.9049818 1.9120881 2.5022213 
Polypteriformes   1.1215123 1.0085840 1.3143400 1.2753503 1.3614692 1.1684422 1.3345834 1.3747954 1.3065186 1.1881197 1.1522229 1.1155741 1.1854349 1.1817349 1.1806230 1.1368000 1.0021137 1.0616319 1.8911712 2.0138812 1.6934182 1.8146044 1.9316996 1.8074834 1.7379407 2.0867787 1.9489796 2.0190980 1.8047785 1.8631124 1.9158274 2.1684404 1.0508756 1.0361912 0.9857932 1.2673479 0.9126007 1.2698834 1.8901167 1.8249278 1.5572212 1.5290468 1.3629625 1.6114700 1.4773024 1.3337472 1.9663375 0.0000000 0.2976154 0.2922421 1.0181822 
Channichthyidae   0.9209034 0.9432447 1.2142290 1.1695576 1.1735466 0.9918805 1.0168406 1.1091379 1.0709335 0.9946281 0.9655172 0.9172385 1.0254010 0.9659047 1.0039399 0.9960186 0.8436852 0.8098298 1.7617820 1.8502151 1.5794938 1.6305990 1.6942524 1.6920733 1.5714874 1.8827275 1.7908096 1.7780098 1.6731811 1.7837431 1.7904689 2.0083876 0.9015552 0.8520653 0.8505533 1.0316242 0.7881511 1.0906887 1.7019431 1.6463740 1.3828115 1.3817083 1.2536678 1.3750845 1.3188065 1.2376402 1.9049818 0.2976154 0.0000000 0.0228766 0.8306435 
Pseudaphritidae   0.9139192 0.9401441 1.1958369 1.1505328 1.1888880 0.9885750 1.0169004 1.0888821 1.0624856 1.0106770 0.9545456 0.9175299 1.0217655 0.9586020 1.0311146 0.9963210 0.8439364 0.8100713 1.7882825 1.8657450 1.6173158 1.6644792 1.7291289 1.7202308 1.6143930 1.9148456 1.7860288 1.8233262 1.7039535 1.7585198 1.8101058 2.0123161 0.9132663 0.8566538 0.8550353 1.0361180 0.8160819 1.1321705 1.6844314 1.6404181 1.3617778 1.3279050 1.2344732 1.3440389 1.2915213 1.2307205 1.9120881 0.2922421 0.0228766 0.0000000 0.8373441 
Carcharhinidae    1.3754794 1.3875160 1.6707086 1.6698488 1.6060263 1.4340034 1.6428358 1.6389739 1.6806218 1.4675251 1.4724138 1.4623360 1.5477255 1.5644821 1.4606363 1.4634505 1.2741594 1.3338354 2.2504498 2.2638173 2.0584603 2.1815358 2.2001209 2.2127649 2.0342864 2.4182468 2.1995047 2.3245818 2.2504561 2.3444565 2.1240190 2.3227947 1.4524606 1.3640470 1.3745691 1.5134399 1.3349341 1.7209358 2.2141156 2.0261020 1.8783344 1.9097571 1.6609833 1.9252758 1.7906155 1.7051132 2.5022213 1.0181822 0.8306435 0.8373441 0.0000000 
