51
Pitheciidae       0.0000000 0.1457688 0.1021481 0.1042413 0.1216854 0.1591731 0.1105897 0.1102892 0.1340354 0.1219319 0.1318839 0.1221787 0.1416630 0.1225502 0.0877461 0.1571397 0.1563203 0.2089313 0.9583274 0.8452680 0.8032151 0.7731651 0.7215039 0.7775043 0.8179523 0.8368807 0.8261157 0.7948202 0.8760202 0.9179616 0.6529593 0.5840229 0.6048524 0.5741742 0.5446114 0.6958147 0.7535713 1.0245115 1.5889731 0.9886548 0.8403472 0.8666760 0.9190294 1.0156636 0.9108384 1.0360843 1.2024120 0.9714669 1.3026659 1.2844476 0.7709804 
Scandentia        0.1457688 0.0000000 0.1203063 0.1177759 0.1399561 0.1840445 0.1405824 0.1356654 0.1654142 0.1404761 0.1632165 0.1478543 0.1578328 0.1508875 0.1076712 0.1772083 0.1735653 0.2336332 0.9705486 0.8977066 0.8180848 0.8399047 0.8021644 0.8325782 0.8727890 0.8780170 0.8872931 0.8489997 0.9448039 0.9330883 0.6993558 0.6390129 0.6111710 0.5948967 0.5960378 0.6646447 0.7164580 1.0373988 1.6165368 1.0505996 0.8535466 0.8414713 0.9518843 1.0393778 0.9160653 1.0940728 1.2067532 0.9138163 1.1955497 1.1773604 0.7423837 
Erethizontidae    0.1021481 0.1203063 0.0000000 0.0349695 0.0899180 0.1182251 0.0907470 0.0927988 0.1205916 0.0973126 0.1138133 0.1041972 0.1162173 0.1207587 0.0665172 0.1432204 0.1351325 0.1994729 0.9845633 0.8219262 0.7796205 0.7889422 0.7307832 0.7685976 0.8303094 0.8144694 0.8174240 0.7946613 0.8950686 0.8786436 0.6383581 0.5457061 0.5840773 0.5628142 0.5420614 0.6707154 0.7192091 1.1117990 1.7085673 1.0447429 0.8057769 0.8264369 0.8935647 0.9859945 0.8865688 1.0684979 1.2341378 0.9172726 1.3126434 1.3149301 0.7800015 
Capromyidae       0.1042413 0.1177759 0.0349695 0.0000000 0.0832173 0.1203437 0.0883816 0.0904267 0.1180528 0.0949146 0.1159276 0.1017584 0.1183382 0.1182149 0.0600665 0.1356947 0.1325030 0.1939598 0.9566321 0.8147643 0.7769056 0.7891258 0.7348914 0.7686043 0.8233965 0.8101188 0.8266258 0.7875780 0.9009871 0.8841840 0.6375155 0.5607924 0.6057696 0.5707632 0.5444336 0.6825024 0.7317167 1.0899542 1.7138494 1.0067441 0.8234901 0.8377506 0.9257841 1.0199321 0.9179723 1.0892759 1.2300036 0.9074248 1.3575136 1.3511020 0.7561544 
Muridae           0.1216854 0.1399561 0.0899180 0.0832173 0.0000000 0.1356262 0.1121920 0.1142510 0.1450755 0.1143054 0.1266918 0.1259563 0.1383756 0.1452795 0.0916796 0.1539326 0.1577538 0.2076639 1.0342147 0.8686513 0.8417996 0.8444107 0.8139425 0.8396863 0.8521063 0.8820899 0.8869549 0.8446529 0.9649521 0.9078055 0.6885489 0.6069466 0.6303162 0.6232979 0.6019033 0.7113799 0.7133271 1.0681576 1.6391786 1.0284950 0.8269559 0.8322294 0.9265672 1.0200823 0.9457927 1.0917218 1.2701442 0.9316673 1.2651517 1.3081153 0.7109648 
Castoridae        0.1591731 0.1840445 0.1182251 0.1203437 0.1356262 0.0000000 0.1489107 0.1415924 0.1766713 0.1536856 0.1723631 0.1511623 0.1544136 0.1641729 0.1199478 0.1969613 0.1847335 0.2520134 0.9951395 0.8726163 0.8557462 0.8650143 0.8237909 0.8515585 0.9004283 0.8904950 0.9028844 0.8338860 0.9530106 0.9669846 0.6932823 0.6326364 0.6534571 0.6265751 0.6315961 0.7493340 0.8060536 1.1330837 1.6717140 0.9913565 0.8461676 0.9095174 0.9611647 0.9892663 0.9011329 1.0339138 1.2503226 0.9487091 1.3759078 1.3655042 0.8141297 
Suidae            0.1105897 0.1405824 0.0907470 0.0883816 0.1121920 0.1489107 0.0000000 0.0491359 0.0722924 0.0831533 0.1080600 0.0898012 0.0920550 0.1103001 0.0746511 0.1273492 0.1220504 0.1740694 0.9524998 0.8294857 0.7568561 0.7699153 0.7147404 0.7702744 0.7942983 0.8133787 0.8182189 0.7758141 0.9150776 0.8825638 0.6762514 0.6040503 0.5896128 0.5356925 0.5227250 0.6634971 0.6872322 1.0305580 1.6274088 0.9944221 0.8229052 0.8279012 0.9090784 0.9681481 0.8830183 1.0134856 1.2371806 0.8878057 1.3189900 1.3171996 0.7354876 
Hippopotamidae    0.1102892 0.1356654 0.0927988 0.0904267 0.1142510 0.1415924 0.0491359 0.0000000 0.0573139 0.0808386 0.1010954 0.0809891 0.0900501 0.0988266 0.0723792 0.1319251 0.1241334 0.1813232 0.9679168 0.8593107 0.7959679 0.8098784 0.7626401 0.7927801 0.8224264 0.8486987 0.8536000 0.7831259 0.9055894 0.8818017 0.6711788 0.6030262 0.5891628 0.5562810 0.5431017 0.6704691 0.6861137 1.0625646 1.6269990 1.0017483 0.8506143 0.8540585 0.9328188 1.0064357 0.9132185 1.0668236 1.1929493 0.8914949 1.3007848 1.2822721 0.7320319 
Hyperoodontidae   0.1340354 0.1654142 0.1205916 0.1180528 0.1450755 0.1766713 0.0722924 0.0573139 0.0000000 0.1099078 0.1266556 0.1101258 0.1038312 0.1267227 0.0966086 0.1541403 0.1484717 0.1949446 1.0295002 0.8865609 0.8481492 0.8358750 0.7821745 0.8057085 0.8392228 0.8627241 0.8603670 0.8125195 0.9508242 0.9235962 0.7007124 0.6212886 0.6053073 0.5941130 0.5710465 0.7253983 0.7253231 1.0500223 1.7193448 1.0065368 0.8986254 0.8683236 0.9655498 1.0324929 0.9329969 1.1056999 1.2158944 0.8993690 1.3476086 1.3411727 0.7246286 
Vespertilionidae  0.1219319 0.1404761 0.0973126 0.0949146 0.1143054 0.1536856 0.0831533 0.0808386 0.1099078 0.0000000 0.0635329 0.0614104 0.1079806 0.1078709 0.0766970 0.1319894 0.1383169 0.1889597 1.0145725 0.8891137 0.8168988 0.8266960 0.7781631 0.7945387 0.8273349 0.8536715 0.8746751 0.8199101 0.9607793 0.9151750 0.6527696 0.6243395 0.5948954 0.5713690 0.5526444 0.6839850 0.7193790 1.0280499 1.5666924 1.0175371 0.8383219 0.8308303 0.9017192 1.0096879 0.8825709 1.0746466 1.2376672 0.9195373 1.2113406 1.2068200 0.7475300 
Furipteridae      0.1318839 0.1632165 0.1138133 0.1159276 0.1266918 0.1723631 0.1080600 0.1010954 0.1266556 0.0635329 0.0000000 0.0808482 0.1294196 0.1268264 0.0901142 0.1568847 0.1511622 0.2139398 1.0569382 0.8895999 0.8384868 0.8612743 0.8214687 0.8217845 0.8780070 0.8562681 0.8973424 0.8338199 1.0078331 0.9193758 0.7233824 0.6576104 0.5953757 0.5617833 0.5584208 0.7335789 0.7361994 1.0356674 1.6188079 0.9955053 0.8583007 0.8368849 0.9007039 0.9882796 0.9176157 1.0702398 1.2616983 0.9794838 1.2763863 1.2832856 0.7589577 
Rhinolophidae     0.1221787 0.1478543 0.1041972 0.1017584 0.1259563 0.1511623 0.0898012 0.0809891 0.1101258 0.0614104 0.0808482 0.0000000 0.1103802 0.1008115 0.0789379 0.1441266 0.1456728 0.1921505 0.9782812 0.8741633 0.8139109 0.8191981 0.7864894 0.7785786 0.8244173 0.8509466 0.8603375 0.8051667 0.9790997 0.9039853 0.6594538 0.6155976 0.5899118 0.5627783 0.5376878 0.6890181 0.7263091 1.0557225 1.6908589 1.0238290 0.8583478 0.8414276 0.8930007 0.9663172 0.8980822 1.0492597 1.2295812 0.8757976 1.2765364 1.2671269 0.7245168 
Viverridae        0.1416630 0.1578328 0.1162173 0.1183382 0.1383756 0.1544136 0.0920550 0.0900501 0.1038312 0.1079806 0.1294196 0.1103802 0.0000000 0.0928159 0.0991459 0.1671475 0.1537343 0.2064652 0.9622189 0.8388173 0.7883152 0.7974900 0.7512445 0.7965453 0.7942641 0.8248984 0.8341004 0.7958606 0.9085604 0.8939185 0.6793582 0.6272965 0.5683485 0.5492583 0.5324948 0.6583088 0.6989699 1.0089654 1.6844080 1.0167954 0.8379643 0.8223227 0.8993318 1.0383999 0.9000087 1.0129198 1.2155154 0.9232172 1.3044181 1.2985595 0.7650583 
Procyonidae       0.1225502 0.1508875 0.1207587 0.1182149 0.1452795 0.1641729 0.1103001 0.0988266 0.1267227 0.1078709 0.1268264 0.1008115 0.0928159 0.0000000 0.0990457 0.1771037 0.1634416 0.2087154 0.9724387 0.8385501 0.7920577 0.7823421 0.7434059 0.8115288 0.7752163 0.8332639 0.8381653 0.7880829 0.9044024 0.9116591 0.6874100 0.6104660 0.5810542 0.5449813 0.5281963 0.6728925 0.7275904 0.9982538 1.6501048 0.9779482 0.8608075 0.8484668 0.8921592 1.0137173 0.9163221 1.0417631 1.1486192 0.8975957 1.2790637 1.2571297 0.7354424 
Myrmecophagidae   0.0877461 0.1076712 0.0665172 0.0600665 0.0916796 0.1199478 0.0746511 0.0723792 0.0966086 0.0766970 0.0901142 0.0789379 0.0991459 0.0990457 0.0000000 0.1111094 0.1127643 0.1631678 0.9075041 0.7968125 0.7527900 0.7542822 0.7004127 0.7511210 0.7898942 0.7977172 0.8025341 0.7603868 0.8767777 0.8689531 0.6406860 0.5711039 0.5656859 0.5241856 0.5130330 0.6247524 0.7026111 0.9866688 1.6347415 0.9684790 0.7617013 0.7571140 0.8343967 0.9066106 0.8176844 0.9680171 1.1691516 0.8867719 1.2547283 1.2453823 0.6966222 
Caluromyidae      0.1571397 0.1772083 0.1432204 0.1356947 0.1539326 0.1969613 0.1273492 0.1319251 0.1541403 0.1319894 0.1568847 0.1441266 0.1671475 0.1771037 0.1111094 0.0000000 0.0618933 0.1014931 0.8573126 0.7778598 0.7430756 0.7333533 0.7021801 0.7535542 0.7866576 0.7724410 0.7882509 0.7397070 0.8248533 0.8322765 0.6748172 0.5600459 0.6046314 0.5527764 0.5574827 0.6699904 0.7123891 0.9734791 1.6646949 0.9565081 0.7892424 0.8055682 0.8959748 0.9411451 0.8366403 1.0052525 1.1636694 0.8913476 1.2360585 1.2527076 0.7127663 
Thylacomyidae     0.1563203 0.1735653 0.1351325 0.1325030 0.1577538 0.1847335 0.1220504 0.1241334 0.1484717 0.1383169 0.1511622 0.1456728 0.1537343 0.1634416 0.1127643 0.0618933 0.0000000 0.0898468 0.9023462 0.8213519 0.7899036 0.7874798 0.7535008 0.7995802 0.8454884 0.8077488 0.8347993 0.7930130 0.8460908 0.8460620 0.6315518 0.5451877 0.5627220 0.5597345 0.5555739 0.6678659 0.7149554 1.0114959 1.7256779 0.9864830 0.8240417 0.8148862 0.8710483 0.9645154 0.8533503 1.0005919 1.1612763 0.8820036 1.2506284 1.2711905 0.7326098 
Phalangeridae     0.2089313 0.2336332 0.1994729 0.1939598 0.2076639 0.2520134 0.1740694 0.1813232 0.1949446 0.1889597 0.2139398 0.1921505 0.2064652 0.2087154 0.1631678 0.1014931 0.0898468 0.0000000 0.9713885 0.8731265 0.8434335 0.8312997 0.8086393 0.8401547 0.8695598 0.8149163 0.8652855 0.8158994 0.9018690 0.8155428 0.6651716 0.6181157 0.6020092 0.5622232 0.5401844 0.6680713 0.7512325 0.9713437 1.7441328 1.0477496 0.8855512 0.8745242 0.9399689 1.0355749 0.9136940 1.0549365 1.1246109 0.8803084 1.2716711 1.2916107 0.7572482 
Tityridae         0.9583274 0.9705486 0.9845633 0.9566321 1.0342147 0.9951395 0.9524998 0.9679168 1.0295002 1.0145725 1.0569382 0.9782812 0.9622189 0.9724387 0.9075041 0.8573126 0.9023462 0.9713885 0.0000000 0.2474607 0.2644664 0.2635432 0.2897953 0.2909201 0.2802387 0.2892936 0.2764321 0.2646459 0.3551550 0.8351553 0.7539763 0.7292440 0.8118412 0.8197774 0.7982324 0.8774895 0.9226864 1.1985390 2.0572576 1.4832234 1.2938690 1.2565627 1.2955696 1.5211647 1.2409963 1.4395112 1.6649431 1.3727329 1.8477787 1.7791417 1.2004009 
Ptilonorhynchidae 0.8452680 0.8977066 0.8219262 0.8147643 0.8686513 0.8726163 0.8294857 0.8593107 0.8865609 0.8891137 0.8895999 0.8741633 0.8388173 0.8385501 0.7968125 0.7778598 0.8213519 0.8731265 0.2474607 0.0000000 0.1267025 0.1170772 0.1297595 0.1404030 0.1353277 0.1258743 0.1180333 0.1119655 0.2606647 0.6980147 0.6557037 0.5947592 0.7075586 0.7384715 0.6939357 0.8148988 0.9054859 1.1176481 2.0038639 1.3295241 1.1554191 1.0998479 1.1910094 1.3213559 1.0617408 1.2500593 1.5142729 1.0939878 1.7432674 1.6935825 1.0429472 
Callaeatidae      0.8032151 0.8180848 0.7796205 0.7769056 0.8417996 0.8557462 0.7568561 0.7959679 0.8481492 0.8168988 0.8384868 0.8139109 0.7883152 0.7920577 0.7527900 0.7430756 0.7899036 0.8434335 0.2644664 0.1267025 0.0000000 0.1050395 0.1220675 0.1322250 0.1250685 0.1320413 0.1239209 0.1088556 0.2779211 0.6878355 0.6509852 0.6240903 0.7171050 0.6993343 0.6515907 0.8663664 0.8533185 1.1347780 1.9445547 1.3622885 1.1600207 1.1160928 1.1870633 1.3059386 1.1455020 1.2637788 1.5581816 1.2566059 1.7558973 1.7161025 1.1517081 
Monarchidae       0.7731651 0.8399047 0.7889422 0.7891258 0.8444107 0.8650143 0.7699153 0.8098784 0.8358750 0.8266960 0.8612743 0.8191981 0.7974900 0.7823421 0.7542822 0.7333533 0.7874798 0.8312997 0.2635432 0.1170772 0.1050395 0.0000000 0.0815117 0.1294225 0.1291154 0.1246360 0.1212120 0.1018050 0.2633561 0.7352612 0.6385029 0.6056874 0.7425343 0.7417526 0.7150163 0.8963979 0.9159686 1.1533065 1.9697029 1.2996265 1.2017718 1.1498985 1.2239263 1.3971596 1.1368618 1.3127941 1.5976570 1.2669956 1.7516541 1.6962285 1.1574124 
Malaconotidae     0.7215039 0.8021644 0.7307832 0.7348914 0.8139425 0.8237909 0.7147404 0.7626401 0.7821745 0.7781631 0.8214687 0.7864894 0.7512445 0.7434059 0.7004127 0.7021801 0.7535008 0.8086393 0.2897953 0.1297595 0.1220675 0.0815117 0.0000000 0.1470147 0.1491467 0.1421147 0.1293072 0.1211580 0.2821259 0.7125483 0.6750197 0.6128996 0.7289809 0.7334841 0.6817473 0.8662055 0.9127417 1.0763235 1.9487220 1.2819045 1.1921902 1.1909163 1.2728135 1.3994245 1.1571708 1.3317978 1.5378069 1.2394468 1.7653650 1.7251432 1.1371249 
Certhiidae        0.7775043 0.8325782 0.7685976 0.7686043 0.8396863 0.8515585 0.7702744 0.7927801 0.8057085 0.7945387 0.8217845 0.7785786 0.7965453 0.8115288 0.7511210 0.7535542 0.7995802 0.8401547 0.2909201 0.1404030 0.1322250 0.1294225 0.1470147 0.0000000 0.1176925 0.1154432 0.1077065 0.1017448 0.2734591 0.6983727 0.6579063 0.6088741 0.7499394 0.7603877 0.7228173 0.9359494 0.9323668 1.1056464 1.9291190 1.3478620 1.1897177 1.1433753 1.1960159 1.3319322 1.1325021 1.2540630 1.4172092 1.1718173 1.7632862 1.7185590 1.0778755 
Cinclidae         0.8179523 0.8727890 0.8303094 0.8233965 0.8521063 0.9004283 0.7942983 0.8224264 0.8392228 0.8273349 0.8780070 0.8244173 0.7942641 0.7752163 0.7898942 0.7866576 0.8454884 0.8695598 0.2802387 0.1353277 0.1250685 0.1291154 0.1491467 0.1176925 0.0000000 0.1108545 0.1120711 0.0993928 0.2767548 0.7239817 0.6544221 0.6411812 0.7395941 0.7357205 0.7045842 0.8950333 0.8769440 1.1034503 1.9900609 1.3357929 1.1239503 1.0891144 1.1619352 1.3018474 1.0939372 1.2490783 1.4845999 1.1901838 1.7271715 1.6678693 1.0814426 
Ploceidae         0.8368807 0.8780170 0.8144694 0.8101188 0.8820899 0.8904950 0.8133787 0.8486987 0.8627241 0.8536715 0.8562681 0.8509466 0.8248984 0.8332639 0.7977172 0.7724410 0.8077488 0.8149163 0.2892936 0.1258743 0.1320413 0.1246360 0.1421147 0.1154432 0.1108545 0.0000000 0.0729339 0.0928459 0.2744534 0.6884700 0.6515969 0.6100900 0.7214865 0.7325756 0.6951692 0.8710857 0.8806860 1.0677954 1.9882199 1.3414384 1.1817418 1.1254153 1.1880493 1.3078323 1.1552806 1.2427028 1.4664013 1.2048912 1.7697863 1.7109683 1.1686546 
Thraupidae        0.8261157 0.8872931 0.8174240 0.8266258 0.8869549 0.9028844 0.8182189 0.8536000 0.8603670 0.8746751 0.8973424 0.8603375 0.8341004 0.8381653 0.8025341 0.7882509 0.8347993 0.8652855 0.2764321 0.1180333 0.1239209 0.1212120 0.1293072 0.1077065 0.1120711 0.0729339 0.0000000 0.0855972 0.2599649 0.6679210 0.6449055 0.6003955 0.7402435 0.7547671 0.6994960 0.8576518 0.8827507 1.0585707 1.8885052 1.3361697 1.1410190 1.1281384 1.1894686 1.2883336 1.1249741 1.2467711 1.4447362 1.2154286 1.7423977 1.6763510 1.0909434 
Alaudidae         0.7948202 0.8489997 0.7946613 0.7875780 0.8446529 0.8338860 0.7758141 0.7831259 0.8125195 0.8199101 0.8338199 0.8051667 0.7958606 0.7880829 0.7603868 0.7397070 0.7930130 0.8158994 0.2646459 0.1119655 0.1088556 0.1018050 0.1211580 0.1017448 0.0993928 0.0928459 0.0855972 0.0000000 0.2591983 0.7196421 0.6226035 0.6035341 0.7098860 0.7606779 0.7190229 0.8967770 0.9201420 1.1488919 1.9958449 1.3665872 1.1574087 1.1171979 1.1939571 1.3426367 1.0940316 1.2928701 1.4638976 1.2162942 1.8157233 1.7577862 1.1407312 
Coraciiformes     0.8760202 0.9448039 0.8950686 0.9009871 0.9649521 0.9530106 0.9150776 0.9055894 0.9508242 0.9607793 1.0078331 0.9790997 0.9085604 0.9044024 0.8767777 0.8248533 0.8460908 0.9018690 0.3551550 0.2606647 0.2779211 0.2633561 0.2821259 0.2734591 0.2767548 0.2744534 0.2599649 0.2591983 0.0000000 0.7755021 0.7075581 0.6681324 0.7875533 0.7673297 0.7792433 0.9251931 0.9052872 1.2409561 2.0386187 1.3501196 1.2105774 1.2099542 1.2324558 1.3023001 1.2237373 1.3105781 1.5157467 1.3077685 1.7852708 1.7179700 1.0895446 
Crocodylidae      0.9179616 0.9330883 0.8786436 0.8841840 0.9078055 0.9669846 0.8825638 0.8818017 0.9235962 0.9151750 0.9193758 0.9039853 0.8939185 0.9116591 0.8689531 0.8322765 0.8460620 0.8155428 0.8351553 0.6980147 0.6878355 0.7352612 0.7125483 0.6983727 0.7239817 0.6884700 0.6679210 0.7196421 0.7755021 0.0000000 0.6708719 0.5941968 0.8038432 0.8244879 0.7663154 0.8995153 0.8900008 1.2431294 2.1744191 1.4074988 1.2928898 1.1718857 1.1802967 1.4070885 1.3005233 1.3644875 1.6971685 1.1934891 1.7442723 1.7272657 1.1310334 
Carettochelyidae  0.6529593 0.6993558 0.6383581 0.6375155 0.6885489 0.6932823 0.6762514 0.6711788 0.7007124 0.6527696 0.7233824 0.6594538 0.6793582 0.6874100 0.6406860 0.6748172 0.6315518 0.6651716 0.7539763 0.6557037 0.6509852 0.6385029 0.6750197 0.6579063 0.6544221 0.6515969 0.6449055 0.6226035 0.7075581 0.6708719 0.0000000 0.3134384 0.6533214 0.6390188 0.6130891 0.7445246 0.7573829 1.0130848 1.6170616 1.1620625 1.0091970 1.0301972 0.9926081 1.1617407 1.0739608 0.9910362 1.3537416 1.0383155 1.4944250 1.4866060 0.9330568 
Kinosternidae     0.5840229 0.6390129 0.5457061 0.5607924 0.6069466 0.6326364 0.6040503 0.6030262 0.6212886 0.6243395 0.6576104 0.6155976 0.6272965 0.6104660 0.5711039 0.5600459 0.5451877 0.6181157 0.7292440 0.5947592 0.6240903 0.6056874 0.6128996 0.6088741 0.6411812 0.6100900 0.6003955 0.6035341 0.6681324 0.5941968 0.3134384 0.0000000 0.5649717 0.5361263 0.5219318 0.6309821 0.6919931 0.9344081 1.6645699 1.0577701 1.0060921 0.9553441 0.9435164 1.0977235 1.0255321 1.0047710 1.3371474 0.9683867 1.4506142 1.4237497 0.8353337 
Anomalepididae    0.6048524 0.6111710 0.5840773 0.6057696 0.6303162 0.6534571 0.5896128 0.5891628 0.6053073 0.5948954 0.5953757 0.5899118 0.5683485 0.5810542 0.5656859 0.6046314 0.5627220 0.6020092 0.8118412 0.7075586 0.7171050 0.7425343 0.7289809 0.7499394 0.7395941 0.7214865 0.7402435 0.7098860 0.7875533 0.8038432 0.6533214 0.5649717 0.0000000 0.2232630 0.2113464 0.3299069 0.3784695 0.6838120 1.7901454 1.1777032 1.0946670 1.0952952 1.0747129 1.1477367 1.1118830 1.2166576 1.3644936 1.0016385 1.3490347 1.3345564 0.8344065 
Loxocemidae       0.5741742 0.5948967 0.5628142 0.5707632 0.6232979 0.6265751 0.5356925 0.5562810 0.5941130 0.5713690 0.5617833 0.5627783 0.5492583 0.5449813 0.5241856 0.5527764 0.5597345 0.5622232 0.8197774 0.7384715 0.6993343 0.7417526 0.7334841 0.7603877 0.7357205 0.7325756 0.7547671 0.7606779 0.7673297 0.8244879 0.6390188 0.5361263 0.2232630 0.0000000 0.0947559 0.2978090 0.3604378 0.6352983 1.7050038 1.0661669 0.9933046 1.0668545 1.0591064 1.0480102 1.0267714 1.0942961 1.3960770 1.0067617 1.3452058 1.3551882 0.8479595 
Natricidae        0.5446114 0.5960378 0.5420614 0.5444336 0.6019033 0.6315961 0.5227250 0.5431017 0.5710465 0.5526444 0.5584208 0.5376878 0.5324948 0.5281963 0.5130330 0.5574827 0.5555739 0.5401844 0.7982324 0.6939357 0.6515907 0.7150163 0.6817473 0.7228173 0.7045842 0.6951692 0.6994960 0.7190229 0.7792433 0.7663154 0.6130891 0.5219318 0.2113464 0.0947559 0.0000000 0.3026871 0.3281108 0.6246675 1.7404173 1.0591626 0.9783735 0.9980096 0.9993209 1.0329905 1.0322862 1.0612121 1.3765530 0.9690542 1.2346115 1.2338775 0.8519470 
Xenosauridae      0.6958147 0.6646447 0.6707154 0.6825024 0.7113799 0.7493340 0.6634971 0.6704691 0.7253983 0.6839850 0.7335789 0.6890181 0.6583088 0.6728925 0.6247524 0.6699904 0.6678659 0.6680713 0.8774895 0.8148988 0.8663664 0.8963979 0.8662055 0.9359494 0.8950333 0.8710857 0.8576518 0.8967770 0.9251931 0.8995153 0.7445246 0.6309821 0.3299069 0.2978090 0.3026871 0.0000000 0.4601339 0.7369334 1.9233740 1.3011877 1.1585256 1.1646475 1.1766241 1.2688797 1.2369133 1.2572044 1.4894972 1.0744124 1.4538841 1.4228936 0.9128341 
Teiidae           0.7535713 0.7164580 0.7192091 0.7317167 0.7133271 0.8060536 0.6872322 0.6861137 0.7253231 0.7193790 0.7361994 0.7263091 0.6989699 0.7275904 0.7026111 0.7123891 0.7149554 0.7512325 0.9226864 0.9054859 0.8533185 0.9159686 0.9127417 0.9323668 0.8769440 0.8806860 0.8827507 0.9201420 0.9052872 0.8900008 0.7573829 0.6919931 0.3784695 0.3604378 0.3281108 0.4601339 0.0000000 0.8181710 1.7928822 1.2128903 1.1409322 1.2389158 1.1922150 1.2899124 1.2042468 1.2062366 1.5553455 1.1874122 1.5056731 1.4581282 1.1061893 
Eublepharidae     1.0245115 1.0373988 1.1117990 1.0899542 1.0681576 1.1330837 1.0305580 1.0625646 1.0500223 1.0280499 1.0356674 1.0557225 1.0089654 0.9982538 0.9866688 0.9734791 1.0114959 0.9713437 1.1985390 1.1176481 1.1347780 1.1533065 1.0763235 1.1056464 1.1034503 1.0677954 1.0585707 1.1488919 1.2409561 1.2431294 1.0130848 0.9344081 0.6838120 0.6352983 0.6246675 0.7369334 0.8181710 0.0000000 2.0473047 1.5765485 1.5218163 1.5484883 1.4188192 1.6253585 1.5618238 1.6091430 1.9962679 1.4928499 1.6936979 1.6759598 1.2473533 
Dicamptodontidae  1.5889731 1.6165368 1.7085673 1.7138494 1.6391786 1.6717140 1.6274088 1.6269990 1.7193448 1.5666924 1.6188079 1.6908589 1.6844080 1.6501048 1.6347415 1.6646949 1.7256779 1.7441328 2.0572576 2.0038639 1.9445547 1.9697029 1.9487220 1.9291190 1.9900609 1.9882199 1.8885052 1.9958449 2.0386187 2.1744191 1.6170616 1.6645699 1.7901454 1.7050038 1.7404173 1.9233740 1.7928822 2.0473047 0.0000000 1.5338980 1.5205242 1.5979748 1.6921059 1.6657256 1.5031196 1.7463076 1.9607701 2.2248420 2.1692843 2.1831077 1.6510534 
Alytidae          0.9886548 1.0505996 1.0447429 1.0067441 1.0284950 0.9913565 0.9944221 1.0017483 1.0065368 1.0175371 0.9955053 1.0238290 1.0167954 0.9779482 0.9684790 0.9565081 0.9864830 1.0477496 1.4832234 1.3295241 1.3622885 1.2996265 1.2819045 1.3478620 1.3357929 1.3414384 1.3361697 1.3665872 1.3501196 1.4074988 1.1620625 1.0577701 1.1777032 1.0661669 1.0591626 1.3011877 1.2128903 1.5765485 1.5338980 0.0000000 0.7804165 0.7350538 0.7822266 0.6988051 0.7123118 0.7844136 1.1657656 1.3289043 1.7502737 1.7042138 1.1328595 
Heleophrynidae    0.8403472 0.8535466 0.8057769 0.8234901 0.8269559 0.8461676 0.8229052 0.8506143 0.8986254 0.8383219 0.8583007 0.8583478 0.8379643 0.8608075 0.7617013 0.7892424 0.8240417 0.8855512 1.2938690 1.1554191 1.1600207 1.2017718 1.1921902 1.1897177 1.1239503 1.1817418 1.1410190 1.1574087 1.2105774 1.2928898 1.0091970 1.0060921 1.0946670 0.9933046 0.9783735 1.1585256 1.1409322 1.5218163 1.5205242 0.7804165 0.0000000 0.4401996 0.4577133 0.5230876 0.4182284 0.5340448 1.1663230 1.2949005 1.5634744 1.4999924 0.9239980 
Leptodactylidae   0.8666760 0.8414713 0.8264369 0.8377506 0.8322294 0.9095174 0.8279012 0.8540585 0.8683236 0.8308303 0.8368849 0.8414276 0.8223227 0.8484668 0.7571140 0.8055682 0.8148862 0.8745242 1.2565627 1.0998479 1.1160928 1.1498985 1.1909163 1.1433753 1.0891144 1.1254153 1.1281384 1.1171979 1.2099542 1.1718857 1.0301972 0.9553441 1.0952952 1.0668545 0.9980096 1.1646475 1.2389158 1.5484883 1.5979748 0.7350538 0.4401996 0.0000000 0.1286900 0.4438833 0.3644247 0.4602734 1.2119687 1.2329019 1.6685798 1.6566013 0.9483025 
Strabomantidae    0.9190294 0.9518843 0.8935647 0.9257841 0.9265672 0.9611647 0.9090784 0.9328188 0.9655498 0.9017192 0.9007039 0.8930007 0.8993318 0.8921592 0.8343967 0.8959748 0.8710483 0.9399689 1.2955696 1.1910094 1.1870633 1.2239263 1.2728135 1.1960159 1.1619352 1.1880493 1.1894686 1.1939571 1.2324558 1.1802967 0.9926081 0.9435164 1.0747129 1.0591064 0.9993209 1.1766241 1.1922150 1.4188192 1.6921059 0.7822266 0.4577133 0.1286900 0.0000000 0.4062846 0.3538335 0.4372384 1.2972870 1.2176611 1.6154307 1.5891714 1.0543119 
Micrixalidae      1.0156636 1.0393778 0.9859945 1.0199321 1.0200823 0.9892663 0.9681481 1.0064357 1.0324929 1.0096879 0.9882796 0.9663172 1.0383999 1.0137173 0.9066106 0.9411451 0.9645154 1.0355749 1.5211647 1.3213559 1.3059386 1.3971596 1.3994245 1.3319322 1.3018474 1.3078323 1.2883336 1.3426367 1.3023001 1.4070885 1.1617407 1.0977235 1.1477367 1.0480102 1.0329905 1.2688797 1.2899124 1.6253585 1.6657256 0.6988051 0.5230876 0.4438833 0.4062846 0.0000000 0.3345743 0.4160729 1.2235797 1.2780948 1.7222394 1.7171155 1.0156273 
Hemisotidae       0.9108384 0.9160653 0.8865688 0.9179723 0.9457927 0.9011329 0.8830183 0.9132185 0.9329969 0.8825709 0.9176157 0.8980822 0.9000087 0.9163221 0.8176844 0.8366403 0.8533503 0.9136940 1.2409963 1.0617408 1.1455020 1.1368618 1.1571708 1.1325021 1.0939372 1.1552806 1.1249741 1.0940316 1.2237373 1.3005233 1.0739608 1.0255321 1.1118830 1.0267714 1.0322862 1.2369133 1.2042468 1.5618238 1.5031196 0.7123118 0.4182284 0.3644247 0.3538335 0.3345743 0.0000000 0.3274582 1.1635810 1.1741475 1.5338857 1.5284834 0.9795959 
Asterophryidae    1.0360843 1.0940728 1.0684979 1.0892759 1.0917218 1.0339138 1.0134856 1.0668236 1.1056999 1.0746466 1.0702398 1.0492597 1.0129198 1.0417631 0.9680171 1.0052525 1.0005919 1.0549365 1.4395112 1.2500593 1.2637788 1.3127941 1.3317978 1.2540630 1.2490783 1.2427028 1.2467711 1.2928701 1.3105781 1.3644875 0.9910362 1.0047710 1.2166576 1.0942961 1.0612121 1.2572044 1.2062366 1.6091430 1.7463076 0.7844136 0.5340448 0.4602734 0.4372384 0.4160729 0.3274582 0.0000000 1.3561997 1.3361728 1.7408627 1.7419430 1.0948551 
Caeciliidae2      1.2024120 1.2067532 1.2341378 1.2300036 1.2701442 1.2503226 1.2371806 1.1929493 1.2158944 1.2376672 1.2616983 1.2295812 1.2155154 1.1486192 1.1691516 1.1636694 1.1612763 1.1246109 1.6649431 1.5142729 1.5581816 1.5976570 1.5378069 1.4172092 1.4845999 1.4664013 1.4447362 1.4638976 1.5157467 1.6971685 1.3537416 1.3371474 1.3644936 1.3960770 1.3765530 1.4894972 1.5553455 1.9962679 1.9607701 1.1657656 1.1663230 1.2119687 1.2972870 1.2235797 1.1635810 1.3561997 0.0000000 1.6399355 1.9537242 1.9982058 1.2460423 
Polypteriformes   0.9714669 0.9138163 0.9172726 0.9074248 0.9316673 0.9487091 0.8878057 0.8914949 0.8993690 0.9195373 0.9794838 0.8757976 0.9232172 0.8975957 0.8867719 0.8913476 0.8820036 0.8803084 1.3727329 1.0939878 1.2566059 1.2669956 1.2394468 1.1718173 1.1901838 1.2048912 1.2154286 1.2162942 1.3077685 1.1934891 1.0383155 0.9683867 1.0016385 1.0067617 0.9690542 1.0744124 1.1874122 1.4928499 2.2248420 1.3289043 1.2949005 1.2329019 1.2176611 1.2780948 1.1741475 1.3361728 1.6399355 0.0000000 1.2966290 1.2910482 0.8418384 
Channichthyidae   1.3026659 1.1955497 1.3126434 1.3575136 1.2651517 1.3759078 1.3189900 1.3007848 1.3476086 1.2113406 1.2763863 1.2765364 1.3044181 1.2790637 1.2547283 1.2360585 1.2506284 1.2716711 1.8477787 1.7432674 1.7558973 1.7516541 1.7653650 1.7632862 1.7271715 1.7697863 1.7423977 1.8157233 1.7852708 1.7442723 1.4944250 1.4506142 1.3490347 1.3452058 1.2346115 1.4538841 1.5056731 1.6936979 2.1692843 1.7502737 1.5634744 1.6685798 1.6154307 1.7222394 1.5338857 1.7408627 1.9537242 1.2966290 0.0000000 0.0840855 1.2077267 
Pseudaphritidae   1.2844476 1.1773604 1.3149301 1.3511020 1.3081153 1.3655042 1.3171996 1.2822721 1.3411727 1.2068200 1.2832856 1.2671269 1.2985595 1.2571297 1.2453823 1.2527076 1.2711905 1.2916107 1.7791417 1.6935825 1.7161025 1.6962285 1.7251432 1.7185590 1.6678693 1.7109683 1.6763510 1.7577862 1.7179700 1.7272657 1.4866060 1.4237497 1.3345564 1.3551882 1.2338775 1.4228936 1.4581282 1.6759598 2.1831077 1.7042138 1.4999924 1.6566013 1.5891714 1.7171155 1.5284834 1.7419430 1.9982058 1.2910482 0.0840855 0.0000000 1.1818922 
Carcharhinidae    0.7709804 0.7423837 0.7800015 0.7561544 0.7109648 0.8141297 0.7354876 0.7320319 0.7246286 0.7475300 0.7589577 0.7245168 0.7650583 0.7354424 0.6966222 0.7127663 0.7326098 0.7572482 1.2004009 1.0429472 1.1517081 1.1574124 1.1371249 1.0778755 1.0814426 1.1686546 1.0909434 1.1407312 1.0895446 1.1310334 0.9330568 0.8353337 0.8344065 0.8479595 0.8519470 0.9128341 1.1061893 1.2473533 1.6510534 1.1328595 0.9239980 0.9483025 1.0543119 1.0156273 0.9795959 1.0948551 1.2460423 0.8418384 1.2077267 1.1818922 0.0000000 
