51
Pitheciidae       0.0000000 0.4484322 0.5065109 0.4916441 0.4924457 0.5222708 0.4954581 0.5327094 0.4638037 0.5606496 0.5402971 0.4617348 0.5076331 0.5362411 0.5779990 0.6161800 0.6685599 0.6502761 1.0804274 1.1143524 1.1084302 1.0624628 1.0784501 1.0934986 1.0675805 1.0574777 1.0995036 1.0753370 1.0970020 1.0604744 1.0180009 1.1149800 1.2683946 1.1096947 1.1115163 1.1325835 1.1423612 1.0440111 0.9905218 1.1552839 0.9519897 1.0212086 0.9796074 0.9787028 1.0581332 1.0025909 1.0317717 0.9783772 1.0732788 1.0779972 1.7322338 
Scandentia        0.4484322 0.0000000 0.3102021 0.2754102 0.2829238 0.2697864 0.3217808 0.3296335 0.2752618 0.3806969 0.4067147 0.3361768 0.3191948 0.3714013 0.4022900 0.4104658 0.4605203 0.4527747 0.9481031 0.9157777 0.9211543 0.8979726 0.8980070 0.9119687 0.8941015 0.9030419 0.9169135 0.8900820 0.8892919 0.9404961 0.8562025 0.8829205 1.0796738 0.9737199 1.0336353 0.9262155 0.9734570 0.8993124 0.8398762 0.9195431 0.8743157 0.9349246 0.8980514 0.8038274 0.8843241 0.8496460 0.8144781 0.8369462 1.0305840 1.0344125 1.3844647 
Erethizontidae    0.5065109 0.3102021 0.0000000 0.0963759 0.2199178 0.2207502 0.3573785 0.3623620 0.3119381 0.4098211 0.4438831 0.3276099 0.3413101 0.4093351 0.4494982 0.4536783 0.4793302 0.4639155 1.0052013 0.9756797 0.9899063 0.9377246 0.9468000 0.9517474 0.9286097 0.9472247 0.9560586 0.9428570 0.9640290 0.9587664 0.8681900 0.9635537 1.1569701 1.0344778 1.0813003 0.9475817 1.0127303 1.0455147 0.7712233 0.8891118 0.8501576 0.8918987 0.8858788 0.8426542 0.8517685 0.8299008 0.7446437 0.8537649 0.8906923 0.8653012 1.3023104 
Capromyidae       0.4916441 0.2754102 0.0963759 0.0000000 0.2254080 0.1971771 0.3397897 0.3070218 0.2776123 0.3956031 0.4255873 0.3060729 0.3257541 0.3802808 0.4181999 0.3992912 0.4258855 0.4281807 0.9473228 0.9335737 0.9471457 0.8943364 0.9070162 0.9121721 0.8991906 0.9078680 0.9252419 0.9036098 0.9322433 0.9627450 0.8321394 0.9167303 1.0844996 0.9452499 1.0079302 0.8895567 0.9766534 0.9948001 0.7676899 0.8457541 0.8433596 0.8675142 0.8396564 0.8107947 0.8118336 0.8124496 0.7648337 0.8212093 0.8953609 0.8991504 1.3067572 
Muridae           0.4924457 0.2829238 0.2199178 0.2254080 0.0000000 0.2018864 0.3182807 0.3149304 0.2766666 0.3726450 0.3898590 0.2973914 0.3116853 0.3733509 0.4374406 0.4284159 0.4358311 0.4500805 1.0014597 1.0056921 0.9906588 0.9711510 0.9669923 0.9851847 0.9519835 0.9759129 0.9769411 0.9628616 0.9803729 0.9894071 0.8428373 0.9181777 1.1637838 0.9854273 0.9822027 0.8897306 0.9607644 1.0040566 0.7994908 0.8561671 0.8615429 0.8520732 0.8808881 0.8002682 0.8493374 0.8412711 0.7780158 0.7814237 0.9769138 0.9459805 1.4574270 
Castoridae        0.5222708 0.2697864 0.2207502 0.1971771 0.2018864 0.0000000 0.3117095 0.3285284 0.2579316 0.3578201 0.4050617 0.3164052 0.2976568 0.3608846 0.4099976 0.3705882 0.4099928 0.3996306 0.8951608 0.8867746 0.8873989 0.8609617 0.8607148 0.8706376 0.8664217 0.8620887 0.8711318 0.8576841 0.8649688 0.8576842 0.8082062 0.8849086 1.0921348 0.9570278 1.0188616 0.9184073 0.9504646 0.9060975 0.7508380 0.8136339 0.8242217 0.8437295 0.8503871 0.7775029 0.8053740 0.7816507 0.7297624 0.7756409 0.9626873 0.9614940 1.3974431 
Suidae            0.4954581 0.3217808 0.3573785 0.3397897 0.3182807 0.3117095 0.0000000 0.2336930 0.1525839 0.3228120 0.3549632 0.2829813 0.2869737 0.3288737 0.4604587 0.4157184 0.4374404 0.4396247 0.9316661 0.9402342 0.9445995 0.9306790 0.9492218 0.9444798 0.9391536 0.9487800 0.9676781 0.9222494 0.9207499 0.9149986 0.8452512 0.8916241 1.1686896 0.9953422 1.0287320 0.9312675 0.9213015 0.9976319 0.7363622 0.9105331 0.8076169 0.8861511 0.8936267 0.8585485 0.8892051 0.8667012 0.8256021 0.8182730 0.9392313 0.9480143 1.5246819 
Hippopotamidae    0.5327094 0.3296335 0.3623620 0.3070218 0.3149304 0.3285284 0.2336930 0.0000000 0.1300771 0.3423622 0.3725517 0.3015274 0.2799113 0.3418578 0.4187114 0.4179931 0.4530150 0.4725373 1.0082004 0.9733167 0.9636874 0.9449577 0.9726602 0.9404537 0.9449602 0.9767125 0.9775048 0.9502793 0.9307711 0.9918941 0.8440103 0.9014891 1.1525908 0.9809330 0.9897769 0.9081161 0.9918047 0.9707411 0.7253555 0.8516016 0.8081750 0.8667512 0.8384282 0.7945045 0.8434961 0.7829265 0.7873268 0.7284587 0.8974145 0.8960689 1.5166278 
Hyperoodontidae   0.4638037 0.2752618 0.3119381 0.2776123 0.2766666 0.2579316 0.1525839 0.1300771 0.0000000 0.2909935 0.3225589 0.2389346 0.2232492 0.2682655 0.4055174 0.3605196 0.4018753 0.4157850 0.9456045 0.9176135 0.8902523 0.8902870 0.9034484 0.9043771 0.8864785 0.9216174 0.9311354 0.8954216 0.9072230 0.9150976 0.8309085 0.8738161 1.1388170 0.9704293 0.9602693 0.9130945 0.9644603 0.9654018 0.7097516 0.8399684 0.7788012 0.8177647 0.7936819 0.7579638 0.8065984 0.7712141 0.7593924 0.7407992 0.8323249 0.8220102 1.4169360 
Vespertilionidae  0.5606496 0.3806969 0.4098211 0.3956031 0.3726450 0.3578201 0.3228120 0.3423622 0.2909935 0.0000000 0.2422763 0.2325660 0.3077273 0.3525297 0.5029450 0.4537692 0.4685074 0.4623087 0.9599617 0.9452917 0.9034790 0.9355423 0.9212797 0.9264621 0.9211613 0.9030751 0.9126593 0.9172955 0.8835725 0.9801993 0.8589518 0.9565308 1.1518332 1.0415935 1.0482662 0.9611989 0.9815786 0.9080455 0.8032483 0.9304870 0.8418306 0.9458829 0.9029276 0.8534593 0.9162580 0.8610527 0.7805134 0.8530636 0.9832868 0.9614936 1.4911933 
Furipteridae      0.5402971 0.4067147 0.4438831 0.4255873 0.3898590 0.4050617 0.3549632 0.3725517 0.3225589 0.2422763 0.0000000 0.2605438 0.3593920 0.3690144 0.5668353 0.4823579 0.5116448 0.4988734 1.0071998 1.0149620 0.9953916 1.0102370 0.9995561 1.0091074 0.9981561 1.0139415 1.0441009 1.0001899 0.9489755 1.0625595 0.9057107 1.0727778 1.3103787 1.1190451 1.1303674 1.0676116 1.0846070 1.0944216 0.9011462 1.0289598 0.9011589 0.9915737 0.9748428 0.9263151 0.9553626 0.9340435 0.8866602 0.9739081 1.0056969 0.9936910 1.6483945 
Rhinolophidae     0.4617348 0.3361768 0.3276099 0.3060729 0.2973914 0.3164052 0.2829813 0.3015274 0.2389346 0.2325660 0.2605438 0.0000000 0.2783076 0.3287257 0.4340342 0.4191450 0.4408972 0.4259611 0.8950499 0.9039464 0.8827694 0.8864453 0.8731089 0.8825622 0.8824218 0.8782988 0.9051781 0.8700908 0.8938835 0.9495853 0.8485887 0.9467036 1.1199809 0.9404010 0.9008826 0.9458737 0.9368099 0.9244072 0.7315522 0.8556649 0.7769299 0.8237738 0.8240610 0.7691841 0.8431299 0.8095237 0.6977265 0.7850787 0.8486218 0.8346475 1.4532958 
Viverridae        0.5076331 0.3191948 0.3413101 0.3257541 0.3116853 0.2976568 0.2869737 0.2799113 0.2232492 0.3077273 0.3593920 0.2783076 0.0000000 0.1492297 0.4676184 0.3849170 0.4384512 0.4477196 1.0364371 0.9684637 0.9305830 0.9436661 0.9301895 0.9578988 0.9434572 0.9535965 0.9486919 0.9356158 0.9249626 0.9378885 0.8202875 0.9691831 1.1293738 0.9269820 0.9767873 0.9259941 0.9504664 0.9222524 0.7611678 0.8819060 0.7742308 0.8633059 0.7935125 0.7948922 0.8153174 0.7908902 0.7504841 0.8546603 0.9531765 0.9232154 1.3387829 
Procyonidae       0.5362411 0.3714013 0.4093351 0.3802808 0.3733509 0.3608846 0.3288737 0.3418578 0.2682655 0.3525297 0.3690144 0.3287257 0.1492297 0.0000000 0.5380812 0.4379236 0.4830819 0.4920240 1.0618797 1.0098861 0.9643820 0.9876999 0.9738808 1.0024767 0.9780874 0.9931110 1.0080202 0.9793470 0.9827004 1.0188509 0.8853178 1.0582365 1.1861713 1.0402113 1.0615969 0.9821408 1.0112263 1.0165102 0.8120114 0.9656283 0.8341966 0.9020262 0.8590815 0.8508236 0.8728425 0.8279011 0.8309889 0.8618454 0.9856835 0.9691744 1.5418077 
Myrmecophagidae   0.5779990 0.4022900 0.4494982 0.4181999 0.4374406 0.4099976 0.4604587 0.4187114 0.4055174 0.5029450 0.5668353 0.4340342 0.4676184 0.5380812 0.0000000 0.4893556 0.5230006 0.5269592 0.8910315 0.9219669 0.9181862 0.8953931 0.8907103 0.9093407 0.8703980 0.8911234 0.9000504 0.8958226 0.9304335 0.9748082 0.8663376 0.9601626 1.1833565 0.9618883 0.9687162 0.9898843 0.9968437 0.8998072 0.7934934 0.8979427 0.8727236 0.9099908 0.9798193 0.7902979 0.8399644 0.8606370 0.8140116 0.8594108 1.0206088 0.9947050 1.5021526 
Caluromyidae      0.6161800 0.4104658 0.4536783 0.3992912 0.4284159 0.3705882 0.4157184 0.4179931 0.3605196 0.4537692 0.4823579 0.4191450 0.3849170 0.4379236 0.4893556 0.0000000 0.0948739 0.0917913 0.7313463 0.6735407 0.6659041 0.6631305 0.6550852 0.6646715 0.6619768 0.6567488 0.6831765 0.6395860 0.6455205 0.6366705 0.6106604 0.7095421 0.8617567 0.6965904 0.7122908 0.6859352 0.6793014 0.6657267 0.5381884 0.5802325 0.5434786 0.6029771 0.6230383 0.5398018 0.5830432 0.5533389 0.4697228 0.6169200 0.7491252 0.7533261 1.1369563 
Thylacomyidae     0.6685599 0.4605203 0.4793302 0.4258855 0.4358311 0.4099928 0.4374404 0.4530150 0.4018753 0.4685074 0.5116448 0.4408972 0.4384512 0.4830819 0.5230006 0.0948739 0.0000000 0.1054756 0.8036660 0.7480114 0.7388672 0.7355030 0.7271382 0.7368060 0.7335875 0.7213623 0.7565923 0.7211411 0.7071058 0.6813563 0.6391317 0.7397841 0.9034506 0.7344015 0.7509154 0.7131198 0.7187486 0.7326081 0.5595535 0.6243826 0.5730494 0.6265970 0.6728488 0.5887888 0.6355570 0.6075499 0.4854632 0.6617488 0.7790350 0.7754519 1.1992539 
Phalangeridae     0.6502761 0.4527747 0.4639155 0.4281807 0.4500805 0.3996306 0.4396247 0.4725373 0.4157850 0.4623087 0.4988734 0.4259611 0.4477196 0.4920240 0.5269592 0.0917913 0.1054756 0.0000000 0.7447381 0.7079761 0.7038807 0.6829573 0.6748250 0.6980676 0.6951397 0.6899757 0.7213309 0.6829376 0.6996955 0.6914735 0.6273208 0.7413211 0.8564838 0.7220211 0.6995819 0.6379917 0.6884288 0.6861670 0.5652294 0.6218688 0.5434628 0.5827996 0.6345635 0.5492268 0.5831893 0.5610328 0.4802848 0.6758902 0.7143133 0.7141426 1.1389124 
Tityridae         1.0804274 0.9481031 1.0052013 0.9473228 1.0014597 0.8951608 0.9316661 1.0082004 0.9456045 0.9599617 1.0071998 0.8950499 1.0364371 1.0618797 0.8910315 0.7313463 0.8036660 0.7447381 0.0000000 0.1043644 0.1087760 0.0953285 0.0930124 0.0953324 0.1053501 0.0876579 0.0974173 0.0926266 0.1731595 0.4980714 0.4638627 0.5066502 0.7981978 0.7465942 0.6756289 0.6305156 0.6014084 0.6042514 0.6392321 0.7122679 0.5933378 0.6420312 0.6907937 0.5891493 0.6135264 0.5952431 0.6613812 0.7332561 0.8112198 0.7514446 1.2000853 
Ptilonorhynchidae 1.1143524 0.9157777 0.9756797 0.9335737 1.0056921 0.8867746 0.9402342 0.9733167 0.9176135 0.9452917 1.0149620 0.9039464 0.9684637 1.0098861 0.9219669 0.6735407 0.7480114 0.7079761 0.1043644 0.0000000 0.0524860 0.0352905 0.0329761 0.0327916 0.0446297 0.0401220 0.0495809 0.0376607 0.1304810 0.4399884 0.4073264 0.4665181 0.7523113 0.6461489 0.6194254 0.5918764 0.5426282 0.5482126 0.6224950 0.6837391 0.5713928 0.6395910 0.6619831 0.5851690 0.5771900 0.5596406 0.6174865 0.7089934 0.8098493 0.7620031 1.2083776 
Callaeatidae      1.1084302 0.9211543 0.9899063 0.9471457 0.9906588 0.8873989 0.9445995 0.9636874 0.8902523 0.9034790 0.9953916 0.8827694 0.9305830 0.9643820 0.9181862 0.6659041 0.7388672 0.7038807 0.1087760 0.0524860 0.0000000 0.0446304 0.0423317 0.0446323 0.0541494 0.0446313 0.0540456 0.0421695 0.1375048 0.4574927 0.4047388 0.4808114 0.7436542 0.6693441 0.6252791 0.6055985 0.5278516 0.5406633 0.6118013 0.6715758 0.5559519 0.6429471 0.6437678 0.5909530 0.5909117 0.5673413 0.6209122 0.6857027 0.7510308 0.7057592 1.1753115 
Monarchidae       1.0624628 0.8979726 0.9377246 0.8943364 0.9711510 0.8609617 0.9306790 0.9449577 0.8902870 0.9355423 1.0102370 0.8864453 0.9436661 0.9876999 0.8953931 0.6631305 0.7355030 0.6829573 0.0953285 0.0352905 0.0446304 0.0000000 0.0207742 0.0278071 0.0395033 0.0325399 0.0418523 0.0301364 0.1207169 0.4573222 0.4023075 0.4720210 0.7228166 0.6518173 0.6087476 0.5875931 0.5332832 0.5656443 0.6154922 0.6824895 0.5596678 0.6299856 0.6517758 0.5827167 0.5826912 0.5653486 0.6145545 0.7045237 0.7992603 0.7523295 1.1563443 
Malaconotidae     1.0784501 0.8980070 0.9468000 0.9070162 0.9669923 0.8607148 0.9492218 0.9726602 0.9034484 0.9212797 0.9995561 0.8731089 0.9301895 0.9738808 0.8907103 0.6550852 0.7271382 0.6748250 0.0930124 0.0329761 0.0423317 0.0207742 0.0000000 0.0302520 0.0420052 0.0302507 0.0395736 0.0278505 0.1183729 0.4455295 0.3909932 0.4650036 0.7036234 0.6307611 0.5887598 0.5717711 0.5296299 0.5560229 0.6015788 0.6564090 0.5406855 0.6055788 0.6267361 0.5654335 0.5615926 0.5483657 0.6129561 0.6938417 0.7704937 0.7244897 1.1147491 
Certhiidae        1.0934986 0.9119687 0.9517474 0.9121721 0.9851847 0.8706376 0.9444798 0.9404537 0.9043771 0.9264621 1.0091074 0.8825622 0.9578988 1.0024767 0.9093407 0.6646715 0.7368060 0.6980676 0.0953324 0.0327916 0.0446323 0.0278071 0.0302520 0.0000000 0.0299684 0.0278070 0.0370902 0.0254233 0.1261796 0.4510960 0.3966060 0.4706335 0.7197799 0.6493304 0.6165216 0.5775141 0.5205498 0.5521391 0.6072709 0.6662084 0.5577019 0.6237278 0.6453148 0.5806380 0.5730109 0.5596501 0.6146542 0.6765441 0.7718942 0.7260969 1.1513628 
Cinclidae         1.0675805 0.8941015 0.9286097 0.8991906 0.9519835 0.8664217 0.9391536 0.9449602 0.8864785 0.9211613 0.9981561 0.8824218 0.9434572 0.9780874 0.8703980 0.6619768 0.7335875 0.6951397 0.1053501 0.0446297 0.0541494 0.0395033 0.0420052 0.0299684 0.0000000 0.0395038 0.0488141 0.0370826 0.1336884 0.4447133 0.3975033 0.4761091 0.7250256 0.6507660 0.6081057 0.5792079 0.5079039 0.5558517 0.5929057 0.6331794 0.5594511 0.6151367 0.6363813 0.5689784 0.5651615 0.5519964 0.5903508 0.6830136 0.7812200 0.7427961 1.1432193 
Ploceidae         1.0574777 0.9030419 0.9472247 0.9078680 0.9759129 0.8620887 0.9487800 0.9767125 0.9216174 0.9030751 1.0139415 0.8782988 0.9535965 0.9931110 0.8911234 0.6567488 0.7213623 0.6899757 0.0876579 0.0401220 0.0446313 0.0325399 0.0302507 0.0278070 0.0395038 0.0000000 0.0276473 0.0254221 0.1261917 0.4610295 0.4012542 0.4671283 0.7349965 0.6519297 0.6088466 0.5894975 0.5169962 0.5580208 0.6134272 0.6512765 0.5539740 0.6198237 0.6348404 0.5692548 0.5595799 0.5407844 0.6108193 0.6872024 0.7840880 0.7378605 1.1888485 
Thraupidae        1.0995036 0.9169135 0.9560586 0.9252419 0.9769411 0.8711318 0.9676781 0.9775048 0.9311354 0.9126593 1.0441009 0.9051781 0.9486919 1.0080202 0.9000504 0.6831765 0.7565923 0.7213309 0.0974173 0.0495809 0.0540456 0.0418523 0.0395736 0.0370902 0.0488141 0.0276473 0.0000000 0.0346802 0.1276725 0.4564352 0.4113099 0.4862982 0.7449280 0.6679449 0.6243151 0.6125515 0.5406716 0.5826479 0.6287944 0.6851465 0.5822046 0.6352501 0.6570425 0.5940847 0.5902389 0.5802663 0.6259700 0.6777192 0.8010805 0.7545882 1.1589000 
Alaudidae         1.0753370 0.8900820 0.9428570 0.9036098 0.9628616 0.8576841 0.9222494 0.9502793 0.8954216 0.9172955 1.0001899 0.8700908 0.9356158 0.9793470 0.8958226 0.6395860 0.7211411 0.6829376 0.0926266 0.0376607 0.0421695 0.0301364 0.0278505 0.0254233 0.0370826 0.0254221 0.0346802 0.0000000 0.1232947 0.4558695 0.3885822 0.4619240 0.7019952 0.6276695 0.5863075 0.5715516 0.4954773 0.5539045 0.5970835 0.6553357 0.5480158 0.6094164 0.6347324 0.5728601 0.5555886 0.5462838 0.6006314 0.6657671 0.7643349 0.7187984 1.1199289 
Coraciiformes     1.0970020 0.8892919 0.9640290 0.9322433 0.9803729 0.8649688 0.9207499 0.9307711 0.9072230 0.8835725 0.9489755 0.8938835 0.9249626 0.9827004 0.9304335 0.6455205 0.7071058 0.6996955 0.1731595 0.1304810 0.1375048 0.1207169 0.1183729 0.1261796 0.1336884 0.1261917 0.1276725 0.1232947 0.0000000 0.4587047 0.4074410 0.4798707 0.7725881 0.6738597 0.6392708 0.5798908 0.5070561 0.5776106 0.6145539 0.6558249 0.5637002 0.6121508 0.6588351 0.5816036 0.6101458 0.5873044 0.6195658 0.7019240 0.7870390 0.7404892 1.1545351 
Crocodylidae      1.0604744 0.9404961 0.9587664 0.9627450 0.9894071 0.8576842 0.9149986 0.9918941 0.9150976 0.9801993 1.0625595 0.9495853 0.9378885 1.0188509 0.9748082 0.6366705 0.6813563 0.6914735 0.4980714 0.4399884 0.4574927 0.4573222 0.4455295 0.4510960 0.4447133 0.4610295 0.4564352 0.4558695 0.4587047 0.0000000 0.4953743 0.5448990 0.7892500 0.7595380 0.7912389 0.7374834 0.7443703 0.6508977 0.6479739 0.6479478 0.5894138 0.6087353 0.6583173 0.6491502 0.6837056 0.6307345 0.5998063 0.7400750 0.7955171 0.7734145 1.1482147 
Carettochelyidae  1.0180009 0.8562025 0.8681900 0.8321394 0.8428373 0.8082062 0.8452512 0.8440103 0.8309085 0.8589518 0.9057107 0.8485887 0.8202875 0.8853178 0.8663376 0.6106604 0.6391317 0.6273208 0.4638627 0.4073264 0.4047388 0.4023075 0.3909932 0.3966060 0.3975033 0.4012542 0.4113099 0.3885822 0.4074410 0.4953743 0.0000000 0.2941189 0.7021258 0.7245636 0.7000314 0.6131033 0.6399390 0.6259082 0.6161534 0.6936317 0.5963297 0.6580589 0.7021962 0.6310159 0.6742462 0.6183726 0.6372202 0.6937599 0.7748966 0.7758166 1.3808514 
Kinosternidae     1.1149800 0.8829205 0.9635537 0.9167303 0.9181777 0.8849086 0.8916241 0.9014891 0.8738161 0.9565308 1.0727778 0.9467036 0.9691831 1.0582365 0.9601626 0.7095421 0.7397841 0.7413211 0.5066502 0.4665181 0.4808114 0.4720210 0.4650036 0.4706335 0.4761091 0.4671283 0.4862982 0.4619240 0.4798707 0.5448990 0.2941189 0.0000000 0.7730441 0.6915310 0.6953566 0.6123683 0.6475491 0.6507633 0.5849913 0.6637411 0.5681489 0.6349168 0.6440918 0.5858424 0.6485855 0.5720660 0.6146379 0.6743175 0.7500972 0.7557437 1.3087711 
Anomalepididae    1.2683946 1.0796738 1.1569701 1.0844996 1.1637838 1.0921348 1.1686896 1.1525908 1.1388170 1.1518332 1.3103787 1.1199809 1.1293738 1.1861713 1.1833565 0.8617567 0.9034506 0.8564838 0.7981978 0.7523113 0.7436542 0.7228166 0.7036234 0.7197799 0.7250256 0.7349965 0.7449280 0.7019952 0.7725881 0.7892500 0.7021258 0.7730441 0.0000000 0.3773608 0.3436229 0.3670932 0.4000269 0.5521142 0.8538374 0.9267806 0.8618926 0.9084269 0.9615900 0.9097654 0.8375042 0.8812540 0.8299799 0.9596684 1.0087140 1.0279717 1.4290934 
Loxocemidae       1.1096947 0.9737199 1.0344778 0.9452499 0.9854273 0.9570278 0.9953422 0.9809330 0.9704293 1.0415935 1.1190451 0.9404010 0.9269820 1.0402113 0.9618883 0.6965904 0.7344015 0.7220211 0.7465942 0.6461489 0.6693441 0.6518173 0.6307611 0.6493304 0.6507660 0.6519297 0.6679449 0.6276695 0.6738597 0.7595380 0.7245636 0.6915310 0.3773608 0.0000000 0.1353821 0.3202601 0.3474951 0.4450837 0.7149252 0.7572959 0.7088031 0.7342314 0.7791706 0.7495147 0.7220575 0.7119325 0.7488220 0.8518644 0.9149939 0.8743784 1.3603617 
Natricidae        1.1115163 1.0336353 1.0813003 1.0079302 0.9822027 1.0188616 1.0287320 0.9897769 0.9602693 1.0482662 1.1303674 0.9008826 0.9767873 1.0615969 0.9687162 0.7122908 0.7509154 0.6995819 0.6756289 0.6194254 0.6252791 0.6087476 0.5887598 0.6165216 0.6081057 0.6088466 0.6243151 0.5863075 0.6392708 0.7912389 0.7000314 0.6953566 0.3436229 0.1353821 0.0000000 0.3188455 0.3202283 0.4323183 0.7118535 0.7515942 0.6987886 0.7237359 0.7715882 0.6793789 0.7018685 0.6700125 0.7404410 0.8489038 0.8987077 0.8680446 1.4409467 
Xenosauridae      1.1325835 0.9262155 0.9475817 0.8895567 0.8897306 0.9184073 0.9312675 0.9081161 0.9130945 0.9611989 1.0676116 0.9458737 0.9259941 0.9821408 0.9898843 0.6859352 0.7131198 0.6379917 0.6305156 0.5918764 0.6055985 0.5875931 0.5717711 0.5775141 0.5792079 0.5894975 0.6125515 0.5715516 0.5798908 0.7374834 0.6131033 0.6123683 0.3670932 0.3202601 0.3188455 0.0000000 0.3111714 0.4115648 0.6483973 0.7163656 0.6964490 0.7043643 0.7565135 0.7007584 0.7464186 0.6660474 0.6589848 0.7804469 0.8702707 0.8528865 1.2967205 
Teiidae           1.1423612 0.9734570 1.0127303 0.9766534 0.9607644 0.9504646 0.9213015 0.9918047 0.9644603 0.9815786 1.0846070 0.9368099 0.9504664 1.0112263 0.9968437 0.6793014 0.7187486 0.6884288 0.6014084 0.5426282 0.5278516 0.5332832 0.5296299 0.5205498 0.5079039 0.5169962 0.5406716 0.4954773 0.5070561 0.7443703 0.6399390 0.6475491 0.4000269 0.3474951 0.3202283 0.3111714 0.0000000 0.3916351 0.5995900 0.6457199 0.6156824 0.6641644 0.6921981 0.6348550 0.6694026 0.6346521 0.5769220 0.7130123 0.7940760 0.7692634 1.1865587 
Eublepharidae     1.0440111 0.8993124 1.0455147 0.9948001 1.0040566 0.9060975 0.9976319 0.9707411 0.9654018 0.9080455 1.0944216 0.9244072 0.9222524 1.0165102 0.8998072 0.6657267 0.7326081 0.6861670 0.6042514 0.5482126 0.5406633 0.5656443 0.5560229 0.5521391 0.5558517 0.5580208 0.5826479 0.5539045 0.5776106 0.6508977 0.6259082 0.6507633 0.5521142 0.4450837 0.4323183 0.4115648 0.3916351 0.0000000 0.6882995 0.6981392 0.6546246 0.6981628 0.6965255 0.6896035 0.7296719 0.6338251 0.6831403 0.7648246 0.8288607 0.7818126 1.2820870 
Dicamptodontidae  0.9905218 0.8398762 0.7712233 0.7676899 0.7994908 0.7508380 0.7363622 0.7253555 0.7097516 0.8032483 0.9011462 0.7315522 0.7611678 0.8120114 0.7934934 0.5381884 0.5595535 0.5652294 0.6392321 0.6224950 0.6118013 0.6154922 0.6015788 0.6072709 0.5929057 0.6134272 0.6287944 0.5970835 0.6145539 0.6479739 0.6161534 0.5849913 0.8538374 0.7149252 0.7118535 0.6483973 0.5995900 0.6882995 0.0000000 0.2804666 0.2489540 0.2984115 0.3298248 0.2762277 0.2961415 0.2667872 0.2843964 0.5256801 0.5847657 0.5605356 0.9620062 
Alytidae          1.1552839 0.9195431 0.8891118 0.8457541 0.8561671 0.8136339 0.9105331 0.8516016 0.8399684 0.9304870 1.0289598 0.8556649 0.8819060 0.9656283 0.8979427 0.5802325 0.6243826 0.6218688 0.7122679 0.6837391 0.6715758 0.6824895 0.6564090 0.6662084 0.6331794 0.6512765 0.6851465 0.6553357 0.6558249 0.6479478 0.6936317 0.6637411 0.9267806 0.7572959 0.7515942 0.7163656 0.6457199 0.6981392 0.2804666 0.0000000 0.2125644 0.2271618 0.2310757 0.2149450 0.2290207 0.2255197 0.3063486 0.5581832 0.6693849 0.6205057 1.0029986 
Heleophrynidae    0.9519897 0.8743157 0.8501576 0.8433596 0.8615429 0.8242217 0.8076169 0.8081750 0.7788012 0.8418306 0.9011589 0.7769299 0.7742308 0.8341966 0.8727236 0.5434786 0.5730494 0.5434628 0.5933378 0.5713928 0.5559519 0.5596678 0.5406855 0.5577019 0.5594511 0.5539740 0.5822046 0.5480158 0.5637002 0.5894138 0.5963297 0.5681489 0.8618926 0.7088031 0.6987886 0.6964490 0.6156824 0.6546246 0.2489540 0.2125644 0.0000000 0.1606036 0.1832579 0.1376454 0.1586590 0.1390739 0.2860302 0.5012588 0.5886709 0.5641145 0.9563728 
Leptodactylidae   1.0212086 0.9349246 0.8918987 0.8675142 0.8520732 0.8437295 0.8861511 0.8667512 0.8177647 0.9458829 0.9915737 0.8237738 0.8633059 0.9020262 0.9099908 0.6029771 0.6265970 0.5827996 0.6420312 0.6395910 0.6429471 0.6299856 0.6055788 0.6237278 0.6151367 0.6198237 0.6352501 0.6094164 0.6121508 0.6087353 0.6580589 0.6349168 0.9084269 0.7342314 0.7237359 0.7043643 0.6641644 0.6981628 0.2984115 0.2271618 0.1606036 0.0000000 0.1097962 0.1656252 0.1816400 0.1551853 0.3289272 0.5445467 0.6375277 0.6179833 0.8704895 
Strabomantidae    0.9796074 0.8980514 0.8858788 0.8396564 0.8808881 0.8503871 0.8936267 0.8384282 0.7936819 0.9029276 0.9748428 0.8240610 0.7935125 0.8590815 0.9798193 0.6230383 0.6728488 0.6345635 0.6907937 0.6619831 0.6437678 0.6517758 0.6267361 0.6453148 0.6363813 0.6348404 0.6570425 0.6347324 0.6588351 0.6583173 0.7021962 0.6440918 0.9615900 0.7791706 0.7715882 0.7565135 0.6921981 0.6965255 0.3298248 0.2310757 0.1832579 0.1097962 0.0000000 0.1828082 0.1995520 0.1776411 0.3426104 0.5656672 0.6568417 0.6407145 0.9872866 
Micrixalidae      0.9787028 0.8038274 0.8426542 0.8107947 0.8002682 0.7775029 0.8585485 0.7945045 0.7579638 0.8534593 0.9263151 0.7691841 0.7948922 0.8508236 0.7902979 0.5398018 0.5887888 0.5492268 0.5891493 0.5851690 0.5909530 0.5827167 0.5654335 0.5806380 0.5689784 0.5692548 0.5940847 0.5728601 0.5816036 0.6491502 0.6310159 0.5858424 0.9097654 0.7495147 0.6793789 0.7007584 0.6348550 0.6896035 0.2762277 0.2149450 0.1376454 0.1656252 0.1828082 0.0000000 0.1185298 0.1114266 0.2974853 0.4678730 0.5963072 0.5622386 0.9421326 
Hemisotidae       1.0581332 0.8843241 0.8517685 0.8118336 0.8493374 0.8053740 0.8892051 0.8434961 0.8065984 0.9162580 0.9553626 0.8431299 0.8153174 0.8728425 0.8399644 0.5830432 0.6355570 0.5831893 0.6135264 0.5771900 0.5909117 0.5826912 0.5615926 0.5730109 0.5651615 0.5595799 0.5902389 0.5555886 0.6101458 0.6837056 0.6742462 0.6485855 0.8375042 0.7220575 0.7018685 0.7464186 0.6694026 0.7296719 0.2961415 0.2290207 0.1586590 0.1816400 0.1995520 0.1185298 0.0000000 0.1255282 0.3321255 0.5372776 0.6457699 0.6157015 0.9321276 
Asterophryidae    1.0025909 0.8496460 0.8299008 0.8124496 0.8412711 0.7816507 0.8667012 0.7829265 0.7712141 0.8610527 0.9340435 0.8095237 0.7908902 0.8279011 0.8606370 0.5533389 0.6075499 0.5610328 0.5952431 0.5596406 0.5673413 0.5653486 0.5483657 0.5596501 0.5519964 0.5407844 0.5802663 0.5462838 0.5873044 0.6307345 0.6183726 0.5720660 0.8812540 0.7119325 0.6700125 0.6660474 0.6346521 0.6338251 0.2667872 0.2255197 0.1390739 0.1551853 0.1776411 0.1114266 0.1255282 0.0000000 0.3020036 0.4864542 0.6025998 0.5764825 0.9162215 
Caeciliidae2      1.0317717 0.8144781 0.7446437 0.7648337 0.7780158 0.7297624 0.8256021 0.7873268 0.7593924 0.7805134 0.8866602 0.6977265 0.7504841 0.8309889 0.8140116 0.4697228 0.4854632 0.4802848 0.6613812 0.6174865 0.6209122 0.6145545 0.6129561 0.6146542 0.5903508 0.6108193 0.6259700 0.6006314 0.6195658 0.5998063 0.6372202 0.6146379 0.8299799 0.7488220 0.7404410 0.6589848 0.5769220 0.6831403 0.2843964 0.3063486 0.2860302 0.3289272 0.3426104 0.2974853 0.3321255 0.3020036 0.0000000 0.4917965 0.5799808 0.5719978 0.8835127 
Polypteriformes   0.9783772 0.8369462 0.8537649 0.8212093 0.7814237 0.7756409 0.8182730 0.7284587 0.7407992 0.8530636 0.9739081 0.7850787 0.8546603 0.8618454 0.8594108 0.6169200 0.6617488 0.6758902 0.7332561 0.7089934 0.6857027 0.7045237 0.6938417 0.6765441 0.6830136 0.6872024 0.6777192 0.6657671 0.7019240 0.7400750 0.6937599 0.6743175 0.9596684 0.8518644 0.8489038 0.7804469 0.7130123 0.7648246 0.5256801 0.5581832 0.5012588 0.5445467 0.5656672 0.4678730 0.5372776 0.4864542 0.4917965 0.0000000 0.4275027 0.4084449 0.7840994 
Channichthyidae   1.0732788 1.0305840 0.8906923 0.8953609 0.9769138 0.9626873 0.9392313 0.8974145 0.8323249 0.9832868 1.0056969 0.8486218 0.9531765 0.9856835 1.0206088 0.7491252 0.7790350 0.7143133 0.8112198 0.8098493 0.7510308 0.7992603 0.7704937 0.7718942 0.7812200 0.7840880 0.8010805 0.7643349 0.7870390 0.7955171 0.7748966 0.7500972 1.0087140 0.9149939 0.8987077 0.8702707 0.7940760 0.8288607 0.5847657 0.6693849 0.5886709 0.6375277 0.6568417 0.5963072 0.6457699 0.6025998 0.5799808 0.4275027 0.0000000 0.0610034 0.9504820 
Pseudaphritidae   1.0779972 1.0344125 0.8653012 0.8991504 0.9459805 0.9614940 0.9480143 0.8960689 0.8220102 0.9614936 0.9936910 0.8346475 0.9232154 0.9691744 0.9947050 0.7533261 0.7754519 0.7141426 0.7514446 0.7620031 0.7057592 0.7523295 0.7244897 0.7260969 0.7427961 0.7378605 0.7545882 0.7187984 0.7404892 0.7734145 0.7758166 0.7557437 1.0279717 0.8743784 0.8680446 0.8528865 0.7692634 0.7818126 0.5605356 0.6205057 0.5641145 0.6179833 0.6407145 0.5622386 0.6157015 0.5764825 0.5719978 0.4084449 0.0610034 0.0000000 0.9598140 
Carcharhinidae    1.7322338 1.3844647 1.3023104 1.3067572 1.4574270 1.3974431 1.5246819 1.5166278 1.4169360 1.4911933 1.6483945 1.4532958 1.3387829 1.5418077 1.5021526 1.1369563 1.1992539 1.1389124 1.2000853 1.2083776 1.1753115 1.1563443 1.1147491 1.1513628 1.1432193 1.1888485 1.1589000 1.1199289 1.1545351 1.1482147 1.3808514 1.3087711 1.4290934 1.3603617 1.4409467 1.2967205 1.1865587 1.2820870 0.9620062 1.0029986 0.9563728 0.8704895 0.9872866 0.9421326 0.9321276 0.9162215 0.8835127 0.7840994 0.9504820 0.9598140 0.0000000 
