51
Pitheciidae       0.0000000 0.3688478 0.3656931 0.4076815 0.4203674 0.3746649 0.5108374 0.5637961 0.5995144 0.5474544 0.5915561 0.5575834 0.7122400 0.7652759 0.7587251 1.0212829 0.9352013 0.9919363 1.3019310 1.2713217 1.3133531 1.2577474 1.2236955 1.2481643 1.2966731 1.2903418 1.2617068 1.2844459 1.2179533 1.4297799 2.0975158 1.4269257 1.2585422 1.2423518 1.2065504 1.1631762 1.3148267 1.4418205 1.9608553 1.8145647 2.1485489 1.9337452 1.9361259 1.9155236 1.9363207 2.0120119 2.1317432 2.0127685 1.6231666 1.6148270 2.2837440 
Scandentia        0.3688478 0.0000000 0.4157003 0.4318428 0.4327725 0.4383352 0.5682632 0.5831035 0.6591461 0.5945628 0.6778257 0.5894258 0.7513681 0.8082266 0.7693411 1.0428471 1.0331679 1.0904892 1.4101587 1.3100930 1.3800856 1.3280012 1.2787679 1.3266792 1.3627412 1.3210501 1.3210730 1.3396746 1.2815503 1.4525270 2.0572618 1.4344657 1.2915104 1.2840715 1.2580798 1.2475093 1.3478234 1.4935635 2.0319387 1.8763043 2.2487273 1.9929257 1.9978305 2.0407800 2.0499122 2.0737440 2.1845039 2.0101626 1.6881515 1.6940813 2.2744690 
Erethizontidae    0.3656931 0.4157003 0.0000000 0.1414039 0.4159535 0.3703322 0.5419589 0.6358520 0.6294765 0.5910991 0.5884153 0.5595173 0.7486675 0.8333636 0.7838168 1.0061975 1.0054186 1.0440617 1.3769226 1.3613439 1.3932227 1.3284471 1.2878178 1.3379522 1.3947878 1.3641707 1.3496602 1.3351880 1.2992227 1.4586497 2.0619480 1.4884935 1.2864068 1.3283021 1.2559033 1.2146060 1.3812868 1.5131840 2.1095146 1.8808436 2.2913655 2.0532659 2.0535837 2.0587376 2.0725988 2.1245702 2.2384639 1.9222757 1.6303859 1.6691247 2.3025032 
Capromyidae       0.4076815 0.4318428 0.1414039 0.0000000 0.4299001 0.3972497 0.5601996 0.6251531 0.6497186 0.6145145 0.6173165 0.5781098 0.7682798 0.8249350 0.7940925 1.0095975 1.0221386 1.0347681 1.3429094 1.3053272 1.3869403 1.3234139 1.2830324 1.3524689 1.3569688 1.3614568 1.3488922 1.3024540 1.2744478 1.3984185 2.0934330 1.4191224 1.2294155 1.2743123 1.2110430 1.1712526 1.3550137 1.4436742 2.1218788 1.9174600 2.2770712 2.0171800 2.0278498 2.0355506 2.0379302 2.1412359 2.2026725 1.9008185 1.6103686 1.6478415 2.2602171 
Muridae           0.4203674 0.4327725 0.4159535 0.4299001 0.0000000 0.4040969 0.5471216 0.6144087 0.7095164 0.6337944 0.6725701 0.6598953 0.7879942 0.9533838 0.7703935 0.9752704 1.0618858 1.0280828 1.2652034 1.1988590 1.2648753 1.2129891 1.1808072 1.2200923 1.2712846 1.2650257 1.2411881 1.2354996 1.1981396 1.3169901 2.0080684 1.3697735 1.2566787 1.2319683 1.2128838 1.1545690 1.3438533 1.5114268 1.9670538 1.7856579 2.2096023 1.9337255 1.9719170 1.9717448 1.9279795 2.0637587 2.1596607 2.0154917 1.5216852 1.5581766 2.2595806 
Castoridae        0.3746649 0.4383352 0.3703322 0.3972497 0.4040969 0.0000000 0.5497497 0.6282877 0.6417284 0.5868039 0.6261516 0.5999120 0.8203207 0.8524045 0.7861679 0.9867511 0.9756670 1.0013662 1.3777582 1.3706313 1.4002831 1.3555771 1.3082410 1.3454197 1.4022170 1.3995743 1.3760999 1.3474760 1.2945414 1.4557490 2.0786494 1.4997991 1.3449975 1.3627222 1.2885677 1.2806952 1.4489192 1.5380551 2.1068976 1.9873550 2.2740590 2.0613968 2.1184222 2.0790431 2.1316557 2.1828459 2.2635410 2.0213808 1.6557043 1.6707030 2.1892520 
Suidae            0.5108374 0.5682632 0.5419589 0.5601996 0.5471216 0.5497497 0.0000000 0.4389490 0.5017437 0.5708344 0.6353122 0.5710175 0.7236071 0.7858502 0.8272609 1.0317421 1.0542291 1.1319050 1.3615811 1.3774438 1.3905668 1.3661607 1.2977735 1.3580455 1.3822219 1.4032899 1.3824217 1.3391390 1.2836372 1.5746749 2.1344681 1.5110937 1.4098528 1.4019550 1.3377596 1.3507267 1.4853324 1.6293008 2.1568264 1.9416429 2.3431464 2.1368066 2.1649708 2.1134431 2.1213364 2.2589615 2.2025838 1.9932781 1.7846106 1.7852777 2.4488027 
Hippopotamidae    0.5637961 0.5831035 0.6358520 0.6251531 0.6144087 0.6282877 0.4389490 0.0000000 0.4136134 0.6057595 0.6888949 0.6221668 0.7692057 0.8693404 0.9056033 1.1361713 1.1418577 1.2017128 1.5107120 1.4826062 1.4903180 1.4696137 1.4420319 1.4487259 1.5232716 1.5463535 1.5027563 1.4512770 1.4176119 1.6759955 2.1334398 1.5716208 1.4201823 1.4417197 1.4069673 1.3701419 1.5289636 1.6273077 2.0503542 1.9660838 2.3636465 2.1811056 2.1502025 2.1147595 2.1489179 2.2332479 2.3129469 2.0762039 1.8660131 1.8524211 2.5333005 
Hyperoodontidae   0.5995144 0.6591461 0.6294765 0.6497186 0.7095164 0.6417284 0.5017437 0.4136134 0.0000000 0.6413333 0.7308281 0.6143432 0.7659913 0.8677674 0.9127543 1.1109735 1.1656562 1.1315467 1.5076885 1.5002629 1.5436573 1.4825961 1.4579386 1.4798773 1.5384371 1.5663527 1.5228257 1.4821485 1.4631389 1.6480301 2.1809449 1.6385030 1.4670877 1.4585621 1.4466997 1.3899999 1.5712184 1.5916022 2.1612950 1.9549057 2.3155446 2.0885979 2.1419394 2.0372557 2.1157514 2.2064552 2.3227591 2.0779619 1.8152429 1.8095893 2.4827209 
Vespertilionidae  0.5474544 0.5945628 0.5910991 0.6145145 0.6337944 0.5868039 0.5708344 0.6057595 0.6413333 0.0000000 0.3495165 0.3522268 0.7206029 0.8321213 0.8583991 1.1376602 1.1107565 1.1852454 1.4469393 1.4445509 1.5142244 1.4646598 1.4245954 1.4679023 1.4724323 1.4999863 1.4753871 1.4595158 1.3962783 1.6013002 2.1701192 1.5972669 1.3912739 1.3981762 1.3425307 1.3093725 1.4712254 1.5810480 2.1420222 1.8841774 2.3790209 2.0680585 2.1342373 2.0435639 2.0837442 2.1089454 2.3692432 1.9665204 1.7810643 1.7914321 2.4886149 
Furipteridae      0.5915561 0.6778257 0.5884153 0.6173165 0.6725701 0.6261516 0.6353122 0.6888949 0.7308281 0.3495165 0.0000000 0.4029833 0.7552632 0.9211743 0.9563465 1.2081534 1.1519854 1.2802382 1.4871854 1.5132057 1.5623905 1.4901323 1.4669104 1.4976144 1.5113222 1.5008113 1.4806580 1.4696004 1.4208595 1.6444637 2.2179566 1.6033936 1.4135821 1.4015057 1.3244409 1.3639169 1.5431225 1.6942346 2.1494674 2.0483408 2.5357694 2.2795838 2.2863904 2.3033269 2.3080768 2.3411969 2.3833057 1.9409500 1.9019227 1.9259929 2.5184034 
Rhinolophidae     0.5575834 0.5894258 0.5595173 0.5781098 0.6598953 0.5999120 0.5710175 0.6221668 0.6143432 0.3522268 0.4029833 0.0000000 0.7306927 0.8299463 0.8791794 1.1752388 1.1254474 1.1505341 1.4060711 1.4018508 1.4319741 1.3989480 1.3899761 1.3673845 1.4247407 1.4147458 1.3918248 1.4012014 1.3355737 1.6006073 2.1212468 1.5227364 1.3646388 1.3156995 1.3435598 1.3131036 1.5545000 1.6539836 2.0760994 2.0459888 2.3805488 2.2176716 2.2586995 2.1735953 2.1938069 2.2543577 2.2867346 1.9950168 1.8761162 1.8836188 2.5599616 
Viverridae        0.7122400 0.7513681 0.7486675 0.7682798 0.7879942 0.8203207 0.7236071 0.7692057 0.7659913 0.7206029 0.7552632 0.7306927 0.0000000 0.6736145 1.0567687 1.3266809 1.3817905 1.2928236 1.7758381 1.8038286 1.8216035 1.8086342 1.7684798 1.7720581 1.8098880 1.8052631 1.8025967 1.7813085 1.7046895 1.8295542 2.4868459 1.9746611 1.6965863 1.6563276 1.6421713 1.6072422 1.8154346 1.8887732 2.2983862 2.2289735 2.5715768 2.3938190 2.4301400 2.3434307 2.3651391 2.5442517 2.6125623 2.1473758 1.9686252 2.0048497 2.5944952 
Procyonidae       0.7652759 0.8082266 0.8333636 0.8249350 0.9533838 0.8524045 0.7858502 0.8693404 0.8677674 0.8321213 0.9211743 0.8299463 0.6736145 0.0000000 1.1382043 1.4343403 1.4550084 1.3585310 1.7557792 1.7963131 1.8149035 1.7586700 1.6896670 1.7576776 1.7947055 1.7374587 1.6959311 1.7483779 1.7026076 1.8980392 2.4381469 1.8495277 1.7518929 1.6870367 1.7010788 1.6524595 1.8042779 1.9122761 2.3798456 2.2399913 2.7323568 2.4949637 2.5257795 2.3877595 2.4455379 2.5469981 2.5969417 2.2925136 1.9990701 2.0149817 2.6323680 
Myrmecophagidae   0.7587251 0.7693411 0.7838168 0.7940925 0.7703935 0.7861679 0.8272609 0.9056033 0.9127543 0.8583991 0.9563465 0.8791794 1.0567687 1.1382043 0.0000000 1.1978604 1.2550116 1.2048989 1.6168611 1.5699203 1.6160550 1.6007171 1.5622817 1.5950098 1.6634461 1.6315409 1.6075548 1.5898020 1.5461185 1.7400873 2.4448316 1.7570260 1.6114087 1.5986844 1.6027643 1.5546162 1.6747945 1.7530358 2.2515690 2.1302858 2.5682213 2.3172608 2.3509194 2.3226828 2.2859326 2.4035677 2.2505865 2.2945170 1.9884139 1.9773141 2.6931642 
Caluromyidae      1.0212829 1.0428471 1.0061975 1.0095975 0.9752704 0.9867511 1.0317421 1.1361713 1.1109735 1.1376602 1.2081534 1.1752388 1.3266809 1.4343403 1.1978604 0.0000000 0.5343474 0.5110331 1.3959819 1.3395248 1.4548519 1.3644585 1.3423455 1.3733522 1.4190662 1.4251192 1.4069116 1.3564491 1.3792778 1.4986515 2.1395442 1.5064412 1.4054073 1.3770405 1.2840788 1.3448159 1.5024864 1.5398316 1.9833626 1.8533618 2.1724943 2.0603860 2.0628841 1.9528630 1.9907153 2.0624948 2.0833667 1.9889441 1.6702621 1.6310222 2.1291449 
Thylacomyidae     0.9352013 1.0331679 1.0054186 1.0221386 1.0618858 0.9756670 1.0542291 1.1418577 1.1656562 1.1107565 1.1519854 1.1254474 1.3817905 1.4550084 1.2550116 0.5343474 0.0000000 0.4244425 1.4606618 1.4422303 1.4783497 1.4069260 1.3774773 1.4037232 1.4406166 1.4695305 1.4199924 1.4156119 1.3921850 1.6026136 2.2575605 1.5803120 1.4587351 1.4870627 1.4239389 1.4295791 1.6003860 1.6478949 2.0454240 1.9475357 2.3205832 2.0496665 2.0806392 2.1331499 2.1676356 2.1533534 2.1198228 1.9840939 1.7657931 1.7690809 2.3872027 
Phalangeridae     0.9919363 1.0904892 1.0440617 1.0347681 1.0280828 1.0013662 1.1319050 1.2017128 1.1315467 1.1852454 1.2802382 1.1505341 1.2928236 1.3585310 1.2048989 0.5110331 0.4244425 0.0000000 1.4190695 1.4420856 1.4662912 1.3990869 1.3578898 1.4186025 1.3988550 1.4526726 1.4236456 1.4083305 1.3504090 1.5803599 2.2605364 1.5802593 1.4575239 1.4214905 1.3821901 1.4128138 1.5986474 1.6081015 1.9936583 1.9298374 2.1570037 1.9675269 2.0017272 2.0019162 2.0233071 2.1119292 2.1917967 1.8989825 1.7333726 1.7624900 2.2480593 
Tityridae         1.3019310 1.4101587 1.3769226 1.3429094 1.2652034 1.3777582 1.3615811 1.5107120 1.5076885 1.4469393 1.4871854 1.4060711 1.7758381 1.7557792 1.6168611 1.3959819 1.4606618 1.4190695 0.0000000 0.1834119 0.1732945 0.1632534 0.1723829 0.1809487 0.1788123 0.1939782 0.1777395 0.1728934 0.1939004 0.7616449 1.3613277 0.8628580 0.8050177 0.7578969 0.7712215 0.7796305 0.8541242 0.9913673 1.7925675 1.6158246 1.9632185 1.7454240 1.7325851 1.7480428 1.7668179 1.9125974 1.9792373 1.7984366 1.5321535 1.5362542 1.9226425 
Ptilonorhynchidae 1.2713217 1.3100930 1.3613439 1.3053272 1.1988590 1.3706313 1.3774438 1.4826062 1.5002629 1.4445509 1.5132057 1.4018508 1.8038286 1.7963131 1.5699203 1.3395248 1.4422303 1.4420856 0.1834119 0.0000000 0.1221431 0.1187873 0.1295289 0.1385938 0.1198886 0.1523607 0.1351950 0.1274782 0.1702078 0.7560465 1.3847694 0.8329475 0.7979270 0.7601977 0.7577091 0.7235808 0.8441582 0.9456161 1.6603903 1.5295303 1.8724121 1.6544197 1.6446702 1.6647201 1.6482493 1.8409500 1.8270140 1.7758004 1.3770243 1.3842576 1.7899781 
Callaeatidae      1.3133531 1.3800856 1.3932227 1.3869403 1.2648753 1.4002831 1.3905668 1.4903180 1.5436573 1.5142244 1.5623905 1.4319741 1.8216035 1.8149035 1.6160550 1.4548519 1.4783497 1.4662912 0.1732945 0.1221431 0.0000000 0.0729734 0.0911470 0.1070408 0.0928259 0.1154314 0.1013806 0.0871618 0.1765349 0.7854686 1.3632444 0.8421426 0.8296523 0.7802077 0.7997449 0.7486499 0.8491284 0.9378052 1.7497897 1.5532416 1.9094690 1.7576599 1.7416476 1.7485859 1.7475927 1.8929334 1.9298482 1.7613941 1.4793576 1.4892911 1.8313701 
Monarchidae       1.2577474 1.3280012 1.3284471 1.3234139 1.2129891 1.3555771 1.3661607 1.4696137 1.4825961 1.4646598 1.4901323 1.3989480 1.8086342 1.7586700 1.6007171 1.3644585 1.4069260 1.3990869 0.1632534 0.1187873 0.0729734 0.0000000 0.0559716 0.0916722 0.0917939 0.1089566 0.0911987 0.0822404 0.1654566 0.7326782 1.3055336 0.8508684 0.8029377 0.7312451 0.7455662 0.7261284 0.8126987 0.9387862 1.6930212 1.5411638 1.9038362 1.6925625 1.6941370 1.7007964 1.7117430 1.8626505 1.8933510 1.7326891 1.4338993 1.4501513 1.8380448 
Malaconotidae     1.2236955 1.2787679 1.2878178 1.2830324 1.1808072 1.3082410 1.2977735 1.4420319 1.4579386 1.4245954 1.4669104 1.3899761 1.7684798 1.6896670 1.5622817 1.3423455 1.3774773 1.3578898 0.1723829 0.1295289 0.0911470 0.0559716 0.0000000 0.1090838 0.1022210 0.1228383 0.1075934 0.0963282 0.1846596 0.7455168 1.3107251 0.8421490 0.7893946 0.7393584 0.7555286 0.7397108 0.8194370 0.9529461 1.7279243 1.5296489 1.9141321 1.7051241 1.6997012 1.7153442 1.7022370 1.8892315 1.9139429 1.7582049 1.4384802 1.4477813 1.8235411 
Certhiidae        1.2481643 1.3266792 1.3379522 1.3524689 1.2200923 1.3454197 1.3580455 1.4487259 1.4798773 1.4679023 1.4976144 1.3673845 1.7720581 1.7576776 1.5950098 1.3733522 1.4037232 1.4186025 0.1809487 0.1385938 0.1070408 0.0916722 0.1090838 0.0000000 0.0963834 0.1124728 0.0948116 0.0916928 0.1856335 0.7497058 1.3042210 0.8335934 0.8255339 0.7947581 0.7873833 0.7409519 0.8569904 0.9842825 1.6626646 1.4996975 1.8540794 1.6292607 1.6283501 1.6383661 1.6416615 1.7846116 1.8600667 1.7826236 1.4200341 1.4422078 1.8000810 
Cinclidae         1.2966731 1.3627412 1.3947878 1.3569688 1.2712846 1.4022170 1.3822219 1.5232716 1.5384371 1.4724323 1.5113222 1.4247407 1.8098880 1.7947055 1.6634461 1.4190662 1.4406166 1.3988550 0.1788123 0.1198886 0.0928259 0.0917939 0.1022210 0.0963834 0.0000000 0.1023111 0.0905972 0.0828343 0.1805802 0.7903274 1.3672165 0.8314213 0.8474290 0.8096681 0.8012482 0.7617787 0.8790171 0.9724650 1.7762154 1.5750649 1.9255284 1.7407610 1.7279571 1.7569680 1.7486706 1.9044358 1.9653222 1.8357618 1.4961163 1.5163299 1.8511912 
Ploceidae         1.2903418 1.3210501 1.3641707 1.3614568 1.2650257 1.3995743 1.4032899 1.5463535 1.5663527 1.4999863 1.5008113 1.4147458 1.8052631 1.7374587 1.6315409 1.4251192 1.4695305 1.4526726 0.1939782 0.1523607 0.1154314 0.1089566 0.1228383 0.1124728 0.1023111 0.0000000 0.0655487 0.1027699 0.1898545 0.7751693 1.3422256 0.8455484 0.8489369 0.7903175 0.7829622 0.7440517 0.8596940 1.0091563 1.7579908 1.5472935 1.8625475 1.6933942 1.7082490 1.7048650 1.7189914 1.8809037 1.9344808 1.7982173 1.4933930 1.5104216 1.8037169 
Thraupidae        1.2617068 1.3210730 1.3496602 1.3488922 1.2411881 1.3760999 1.3824217 1.5027563 1.5228257 1.4753871 1.4806580 1.3918248 1.8025967 1.6959311 1.6075548 1.4069116 1.4199924 1.4236456 0.1777395 0.1351950 0.1013806 0.0911987 0.1075934 0.0948116 0.0905972 0.0655487 0.0000000 0.0932308 0.1809464 0.7598872 1.3406529 0.8259575 0.7958119 0.7451265 0.7743618 0.7170302 0.8284496 0.9530585 1.7630886 1.5651749 1.8791171 1.6920554 1.6675880 1.6837286 1.7153649 1.8481933 1.9351870 1.7837254 1.4548793 1.4651591 1.8256177 
Alaudidae         1.2844459 1.3396746 1.3351880 1.3024540 1.2354996 1.3474760 1.3391390 1.4512770 1.4821485 1.4595158 1.4696004 1.4012014 1.7813085 1.7483779 1.5898020 1.3564491 1.4156119 1.4083305 0.1728934 0.1274782 0.0871618 0.0822404 0.0963282 0.0916928 0.0828343 0.1027699 0.0932308 0.0000000 0.1818898 0.7440027 1.3041115 0.7771422 0.8123698 0.7508007 0.7689108 0.7042094 0.8456099 0.9334139 1.7034402 1.5111925 1.8966422 1.6813795 1.6850246 1.6783032 1.6767802 1.8393370 1.8982684 1.7454500 1.3937086 1.4178498 1.7850896 
Coraciiformes     1.2179533 1.2815503 1.2992227 1.2744478 1.1981396 1.2945414 1.2836372 1.4176119 1.4631389 1.3962783 1.4208595 1.3355737 1.7046895 1.7026076 1.5461185 1.3792778 1.3921850 1.3504090 0.1939004 0.1702078 0.1765349 0.1654566 0.1846596 0.1856335 0.1805802 0.1898545 0.1809464 0.1818898 0.0000000 0.7181187 1.2963782 0.8384207 0.7873085 0.7631631 0.7470696 0.7165723 0.8257385 0.9598329 1.6993044 1.5721960 1.9104906 1.6557735 1.6766572 1.6525694 1.7018166 1.8365830 1.8724376 1.7785549 1.4612778 1.4724602 1.7895698 
Crocodylidae      1.4297799 1.4525270 1.4586497 1.3984185 1.3169901 1.4557490 1.5746749 1.6759955 1.6480301 1.6013002 1.6444637 1.6006073 1.8295542 1.8980392 1.7400873 1.4986515 1.6026136 1.5803599 0.7616449 0.7560465 0.7854686 0.7326782 0.7455168 0.7497058 0.7903274 0.7751693 0.7598872 0.7440027 0.7181187 0.0000000 1.4619753 0.9210879 0.9583685 0.9253419 0.8570355 0.8522052 0.9646657 1.1009198 1.7116451 1.6992218 2.0177336 1.6811756 1.7518407 1.8097625 1.8052344 1.9123351 1.7882780 1.9156884 1.5136270 1.5355455 1.9256162 
Carettochelyidae  2.0975158 2.0572618 2.0619480 2.0934330 2.0080684 2.0786494 2.1344681 2.1334398 2.1809449 2.1701192 2.2179566 2.1212468 2.4868459 2.4381469 2.4448316 2.1395442 2.2575605 2.2605364 1.3613277 1.3847694 1.3632444 1.3055336 1.3107251 1.3042210 1.3672165 1.3422256 1.3406529 1.3041115 1.2963782 1.4619753 0.0000000 1.2438725 1.6128849 1.6110828 1.5480715 1.4976327 1.6372037 1.7636518 2.4278759 2.5181704 2.7859097 2.5693451 2.6115569 2.5110796 2.3717405 2.7433833 2.7827034 2.4258626 2.2235460 2.2508956 2.7139122 
Kinosternidae     1.4269257 1.4344657 1.4884935 1.4191224 1.3697735 1.4997991 1.5110937 1.5716208 1.6385030 1.5972669 1.6033936 1.5227364 1.9746611 1.8495277 1.7570260 1.5064412 1.5803120 1.5802593 0.8628580 0.8329475 0.8421426 0.8508684 0.8421490 0.8335934 0.8314213 0.8455484 0.8259575 0.7771422 0.8384207 0.9210879 1.2438725 0.0000000 0.9677275 0.9405229 0.9147344 0.8786240 1.0270566 1.1177951 1.8517504 1.8026494 2.0056183 1.8079465 1.8653435 1.8172288 1.7259232 1.9305395 1.9089204 1.7987577 1.6095877 1.5708194 2.0460467 
Anomalepididae    1.2585422 1.2915104 1.2864068 1.2294155 1.2566787 1.3449975 1.4098528 1.4201823 1.4670877 1.3912739 1.4135821 1.3646388 1.6965863 1.7518929 1.6114087 1.4054073 1.4587351 1.4575239 0.8050177 0.7979270 0.8296523 0.8029377 0.7893946 0.8255339 0.8474290 0.8489369 0.7958119 0.8123698 0.7873085 0.9583685 1.6128849 0.9677275 0.0000000 0.2582584 0.2542121 0.2908520 0.4089369 0.6926533 1.6929321 1.5505711 1.8653292 1.6066737 1.5984907 1.6195074 1.5543411 1.7718326 1.7975196 1.7775510 1.4327685 1.4276086 1.9706668 
Loxocemidae       1.2423518 1.2840715 1.3283021 1.2743123 1.2319683 1.3627222 1.4019550 1.4417197 1.4585621 1.3981762 1.4015057 1.3156995 1.6563276 1.6870367 1.5986844 1.3770405 1.4870627 1.4214905 0.7578969 0.7601977 0.7802077 0.7312451 0.7393584 0.7947581 0.8096681 0.7903175 0.7451265 0.7508007 0.7631631 0.9253419 1.6110828 0.9405229 0.2582584 0.0000000 0.1557449 0.2613630 0.4222703 0.5976500 1.6975110 1.6464256 1.8768158 1.6122438 1.6360639 1.5964016 1.5677166 1.7273813 1.8041028 1.7053318 1.4173126 1.4412833 2.0345969 
Natricidae        1.2065504 1.2580798 1.2559033 1.2110430 1.2128838 1.2885677 1.3377596 1.4069673 1.4466997 1.3425307 1.3244409 1.3435598 1.6421713 1.7010788 1.6027643 1.2840788 1.4239389 1.3821901 0.7712215 0.7577091 0.7997449 0.7455662 0.7555286 0.7873833 0.8012482 0.7829622 0.7743618 0.7689108 0.7470696 0.8570355 1.5480715 0.9147344 0.2542121 0.1557449 0.0000000 0.2675025 0.3874270 0.6203369 1.6394240 1.5285161 1.7953535 1.5262422 1.5667637 1.5594085 1.5008297 1.6890805 1.7128355 1.6690572 1.3438432 1.3511662 1.9442565 
Xenosauridae      1.1631762 1.2475093 1.2146060 1.1712526 1.1545690 1.2806952 1.3507267 1.3701419 1.3899999 1.3093725 1.3639169 1.3131036 1.6072422 1.6524595 1.5546162 1.3448159 1.4295791 1.4128138 0.7796305 0.7235808 0.7486499 0.7261284 0.7397108 0.7409519 0.7617787 0.7440517 0.7170302 0.7042094 0.7165723 0.8522052 1.4976327 0.8786240 0.2908520 0.2613630 0.2675025 0.0000000 0.3813267 0.6341518 1.6672289 1.4772445 1.7901669 1.5043003 1.5150465 1.5362719 1.5284349 1.6762270 1.6768841 1.6922927 1.2811060 1.2695769 1.9125243 
Teiidae           1.3148267 1.3478234 1.3812868 1.3550137 1.3438533 1.4489192 1.4853324 1.5289636 1.5712184 1.4712254 1.5431225 1.5545000 1.8154346 1.8042779 1.6747945 1.5024864 1.6003860 1.5986474 0.8541242 0.8441582 0.8491284 0.8126987 0.8194370 0.8569904 0.8790171 0.8596940 0.8284496 0.8456099 0.8257385 0.9646657 1.6372037 1.0270566 0.4089369 0.4222703 0.3874270 0.3813267 0.0000000 0.7605945 1.7880010 1.5518077 1.8665655 1.6304007 1.5922350 1.6318043 1.6296097 1.8057374 1.8247805 1.8633585 1.4666251 1.4539718 2.0643565 
Eublepharidae     1.4418205 1.4935635 1.5131840 1.4436742 1.5114268 1.5380551 1.6293008 1.6273077 1.5916022 1.5810480 1.6942346 1.6539836 1.8887732 1.9122761 1.7530358 1.5398316 1.6478949 1.6081015 0.9913673 0.9456161 0.9378052 0.9387862 0.9529461 0.9842825 0.9724650 1.0091563 0.9530585 0.9334139 0.9598329 1.1009198 1.7636518 1.1177951 0.6926533 0.5976500 0.6203369 0.6341518 0.7605945 0.0000000 1.9263174 1.6729501 2.0319963 1.7945003 1.8193996 1.7599130 1.7995768 1.9265038 1.9613464 1.9800410 1.5523157 1.5614163 2.0840890 
Dicamptodontidae  1.9608553 2.0319387 2.1095146 2.1218788 1.9670538 2.1068976 2.1568264 2.0503542 2.1612950 2.1420222 2.1494674 2.0760994 2.2983862 2.3798456 2.2515690 1.9833626 2.0454240 1.9936583 1.7925675 1.6603903 1.7497897 1.6930212 1.7279243 1.6626646 1.7762154 1.7579908 1.7630886 1.7034402 1.6993044 1.7116451 2.4278759 1.8517504 1.6929321 1.6975110 1.6394240 1.6672289 1.7880010 1.9263174 0.0000000 1.3945689 1.6748989 1.4258255 1.5293008 1.4699117 1.5307892 1.5953219 1.8160409 2.2120985 1.8234723 1.8115926 2.3755087 
Alytidae          1.8145647 1.8763043 1.8808436 1.9174600 1.7856579 1.9873550 1.9416429 1.9660838 1.9549057 1.8841774 2.0483408 2.0459888 2.2289735 2.2399913 2.1302858 1.8533618 1.9475357 1.9298374 1.6158246 1.5295303 1.5532416 1.5411638 1.5296489 1.4996975 1.5750649 1.5472935 1.5651749 1.5111925 1.5721960 1.6992218 2.5181704 1.8026494 1.5505711 1.6464256 1.5285161 1.4772445 1.5518077 1.6729501 1.3945689 0.0000000 1.2647151 1.0650189 1.1373810 0.9865696 1.0736913 1.1527166 1.8655480 2.0393209 1.6476122 1.6548276 2.3178727 
Heleophrynidae    2.1485489 2.2487273 2.2913655 2.2770712 2.2096023 2.2740590 2.3431464 2.3636465 2.3155446 2.3790209 2.5357694 2.3805488 2.5715768 2.7323568 2.5682213 2.1724943 2.3205832 2.1570037 1.9632185 1.8724121 1.9094690 1.9038362 1.9141321 1.8540794 1.9255284 1.8625475 1.8791171 1.8966422 1.9104906 2.0177336 2.7859097 2.0056183 1.8653292 1.8768158 1.7953535 1.7901669 1.8665655 2.0319963 1.6748989 1.2647151 0.0000000 0.8628094 0.8874266 0.8699948 0.8812429 1.0153862 1.9032308 2.2457177 1.9356882 1.9390100 2.5838512 
Leptodactylidae   1.9337452 1.9929257 2.0532659 2.0171800 1.9337255 2.0613968 2.1368066 2.1811056 2.0885979 2.0680585 2.2795838 2.2176716 2.3938190 2.4949637 2.3172608 2.0603860 2.0496665 1.9675269 1.7454240 1.6544197 1.7576599 1.6925625 1.7051241 1.6292607 1.7407610 1.6933942 1.6920554 1.6813795 1.6557735 1.6811756 2.5693451 1.8079465 1.6066737 1.6122438 1.5262422 1.5043003 1.6304007 1.7945003 1.4258255 1.0650189 0.8628094 0.0000000 0.1919265 0.5331287 0.6290987 0.7305010 1.6953201 1.9874328 1.7114553 1.7290506 2.1692577 
Strabomantidae    1.9361259 1.9978305 2.0535837 2.0278498 1.9719170 2.1184222 2.1649708 2.1502025 2.1419394 2.1342373 2.2863904 2.2586995 2.4301400 2.5257795 2.3509194 2.0628841 2.0806392 2.0017272 1.7325851 1.6446702 1.7416476 1.6941370 1.6997012 1.6283501 1.7279571 1.7082490 1.6675880 1.6850246 1.6766572 1.7518407 2.6115569 1.8653435 1.5984907 1.6360639 1.5667637 1.5150465 1.5922350 1.8193996 1.5293008 1.1373810 0.8874266 0.1919265 0.0000000 0.5805644 0.6517288 0.7550591 1.7774536 2.0279025 1.7622626 1.7972810 2.2499967 
Micrixalidae      1.9155236 2.0407800 2.0587376 2.0355506 1.9717448 2.0790431 2.1134431 2.1147595 2.0372557 2.0435639 2.3033269 2.1735953 2.3434307 2.3877595 2.3226828 1.9528630 2.1331499 2.0019162 1.7480428 1.6647201 1.7485859 1.7007964 1.7153442 1.6383661 1.7569680 1.7048650 1.6837286 1.6783032 1.6525694 1.8097625 2.5110796 1.8172288 1.6195074 1.5964016 1.5594085 1.5362719 1.6318043 1.7599130 1.4699117 0.9865696 0.8699948 0.5331287 0.5805644 0.0000000 0.4330948 0.5499954 1.7829290 2.0609685 1.7860283 1.7633638 2.2499308 
Hemisotidae       1.9363207 2.0499122 2.0725988 2.0379302 1.9279795 2.1316557 2.1213364 2.1489179 2.1157514 2.0837442 2.3080768 2.1938069 2.3651391 2.4455379 2.2859326 1.9907153 2.1676356 2.0233071 1.7668179 1.6482493 1.7475927 1.7117430 1.7022370 1.6416615 1.7486706 1.7189914 1.7153649 1.6767802 1.7018166 1.8052344 2.3717405 1.7259232 1.5543411 1.5677166 1.5008297 1.5284349 1.6296097 1.7995768 1.5307892 1.0736913 0.8812429 0.6290987 0.6517288 0.4330948 0.0000000 0.6497589 1.8454376 2.0918428 1.7625938 1.7592632 2.3245645 
Asterophryidae    2.0120119 2.0737440 2.1245702 2.1412359 2.0637587 2.1828459 2.2589615 2.2332479 2.2064552 2.1089454 2.3411969 2.2543577 2.5442517 2.5469981 2.4035677 2.0624948 2.1533534 2.1119292 1.9125974 1.8409500 1.8929334 1.8626505 1.8892315 1.7846116 1.9044358 1.8809037 1.8481933 1.8393370 1.8365830 1.9123351 2.7433833 1.9305395 1.7718326 1.7273813 1.6890805 1.6762270 1.8057374 1.9265038 1.5953219 1.1527166 1.0153862 0.7305010 0.7550591 0.5499954 0.6497589 0.0000000 2.0093658 2.2410730 1.9312645 1.9254573 2.4515660 
Caeciliidae2      2.1317432 2.1845039 2.2384639 2.2026725 2.1596607 2.2635410 2.2025838 2.3129469 2.3227591 2.3692432 2.3833057 2.2867346 2.6125623 2.5969417 2.2505865 2.0833667 2.1198228 2.1917967 1.9792373 1.8270140 1.9298482 1.8933510 1.9139429 1.8600667 1.9653222 1.9344808 1.9351870 1.8982684 1.8724376 1.7882780 2.7827034 1.9089204 1.7975196 1.8041028 1.7128355 1.6768841 1.8247805 1.9613464 1.8160409 1.8655480 1.9032308 1.6953201 1.7774536 1.7829290 1.8454376 2.0093658 0.0000000 2.2842820 2.0064208 1.9806959 2.5956377 
Polypteriformes   2.0127685 2.0101626 1.9222757 1.9008185 2.0154917 2.0213808 1.9932781 2.0762039 2.0779619 1.9665204 1.9409500 1.9950168 2.1473758 2.2925136 2.2945170 1.9889441 1.9840939 1.8989825 1.7984366 1.7758004 1.7613941 1.7326891 1.7582049 1.7826236 1.8357618 1.7982173 1.7837254 1.7454500 1.7785549 1.9156884 2.4258626 1.7987577 1.7775510 1.7053318 1.6690572 1.6922927 1.8633585 1.9800410 2.2120985 2.0393209 2.2457177 1.9874328 2.0279025 2.0609685 2.0918428 2.2410730 2.2842820 0.0000000 1.3658458 1.3531902 2.0699711 
Channichthyidae   1.6231666 1.6881515 1.6303859 1.6103686 1.5216852 1.6557043 1.7846106 1.8660131 1.8152429 1.7810643 1.9019227 1.8761162 1.9686252 1.9990701 1.9884139 1.6702621 1.7657931 1.7333726 1.5321535 1.3770243 1.4793576 1.4338993 1.4384802 1.4200341 1.4961163 1.4933930 1.4548793 1.3937086 1.4612778 1.5136270 2.2235460 1.6095877 1.4327685 1.4173126 1.3438432 1.2811060 1.4666251 1.5523157 1.8234723 1.6476122 1.9356882 1.7114553 1.7622626 1.7860283 1.7625938 1.9312645 2.0064208 1.3658458 0.0000000 0.0553538 1.5642650 
Pseudaphritidae   1.6148270 1.6940813 1.6691247 1.6478415 1.5581766 1.6707030 1.7852777 1.8524211 1.8095893 1.7914321 1.9259929 1.8836188 2.0048497 2.0149817 1.9773141 1.6310222 1.7690809 1.7624900 1.5362542 1.3842576 1.4892911 1.4501513 1.4477813 1.4422078 1.5163299 1.5104216 1.4651591 1.4178498 1.4724602 1.5355455 2.2508956 1.5708194 1.4276086 1.4412833 1.3511662 1.2695769 1.4539718 1.5614163 1.8115926 1.6548276 1.9390100 1.7290506 1.7972810 1.7633638 1.7592632 1.9254573 1.9806959 1.3531902 0.0553538 0.0000000 1.5693246 
Carcharhinidae    2.2837440 2.2744690 2.3025032 2.2602171 2.2595806 2.1892520 2.4488027 2.5333005 2.4827209 2.4886149 2.5184034 2.5599616 2.5944952 2.6323680 2.6931642 2.1291449 2.3872027 2.2480593 1.9226425 1.7899781 1.8313701 1.8380448 1.8235411 1.8000810 1.8511912 1.8037169 1.8256177 1.7850896 1.7895698 1.9256162 2.7139122 2.0460467 1.9706668 2.0345969 1.9442565 1.9125243 2.0643565 2.0840890 2.3755087 2.3178727 2.5838512 2.1692577 2.2499967 2.2499308 2.3245645 2.4515660 2.5956377 2.0699711 1.5642650 1.5693246 0.0000000 
