51
Pitheciidae       0.0000000 0.6994253 0.5803636 0.6868216 0.6733600 0.6567318 0.5937494 0.5639286 0.5253944 0.6430962 0.7039240 0.6108653 0.9684646 0.9421258 0.8279492 1.2087954 0.9787438 1.1024594 1.1706536 1.1872489 1.1852403 1.1421305 1.1276157 1.1632750 1.1132830 1.1316316 1.1875339 1.1812782 1.1893760 1.5778184 1.4567114 1.2354367 1.2758803 1.2243325 1.2759476 1.2619925 1.4212677 1.2674185 1.8290044 1.5268169 1.6708743 1.5437519 1.6298402 1.6256794 1.6144158 1.4524081 2.9999034 2.5956238 3.5048749 3.6040859 2.2167978 
Scandentia        0.6994253 0.0000000 0.7927931 0.8609986 0.9240108 0.9003731 0.8469515 0.8458690 0.7448450 0.8929279 1.0068825 0.8326067 1.2553382 1.0748625 1.0374191 1.5270016 1.2316814 1.4198372 1.6134973 1.5414405 1.5500761 1.5309332 1.4906564 1.5100883 1.4511591 1.4696178 1.4632690 1.5132031 1.5355966 1.8242621 1.6751070 1.4845928 1.5335784 1.5296140 1.5158384 1.5596714 1.6371892 1.4768799 2.0796276 1.8204421 1.9885897 1.5406964 1.6658798 1.7763313 1.8455942 1.6819951 3.1998230 3.0362002 3.9937372 4.2839774 2.6634209 
Erethizontidae    0.5803636 0.7927931 0.0000000 0.2581782 0.6656563 0.7024827 0.7380124 0.7035992 0.6809332 0.7494413 0.8274728 0.6796270 1.0644514 0.9409727 0.8581245 1.3180963 1.0795653 1.2218899 1.3128005 1.3175922 1.3368347 1.3109584 1.2858858 1.2986575 1.2678943 1.3026269 1.2820106 1.3218765 1.3548038 1.6197864 1.4687754 1.3402478 1.2901977 1.2546057 1.3291444 1.2643512 1.4292168 1.2778740 2.0242486 1.5295947 1.6825974 1.5854203 1.7049485 1.5301109 1.5196578 1.4487975 3.1646283 2.7492122 3.5503711 3.6593505 2.2642337 
Capromyidae       0.6868216 0.8609986 0.2581782 0.0000000 0.7906771 0.8541833 0.7860197 0.8423788 0.7987778 0.8192544 0.9576380 0.8018224 1.2086305 1.0537496 1.0054519 1.3566914 1.1026399 1.2141397 1.4941272 1.4342579 1.4862085 1.4265035 1.4137775 1.4052448 1.3788699 1.4547204 1.4493298 1.4693934 1.4518942 1.6209892 1.6298041 1.4144684 1.4615231 1.2701536 1.3814271 1.4213372 1.5577979 1.4524218 2.0131697 1.6459626 1.7652944 1.6323714 1.7010220 1.6002859 1.6257065 1.5308408 3.2084333 2.9271199 3.7148708 3.8272901 2.2442731 
Muridae           0.6733600 0.9240108 0.6656563 0.7906771 0.0000000 0.7522500 0.7703466 0.7339687 0.7197425 0.7960905 0.9635715 0.7734144 1.2420354 1.0462606 0.9878050 1.5702165 1.2019674 1.3296454 1.6029321 1.5688020 1.5691930 1.5497942 1.5258634 1.5345500 1.4905562 1.5499566 1.5597378 1.5605610 1.5983350 1.8423788 1.6259961 1.4864858 1.5288034 1.5796640 1.5713660 1.5769417 1.7434777 1.4833919 2.1181718 1.6874098 1.8366198 1.7782059 1.7857282 1.7109930 1.8003153 1.7465761 3.1081190 2.9706122 3.9696744 4.2524060 2.7261486 
Castoridae        0.6567318 0.9003731 0.7024827 0.8541833 0.7522500 0.0000000 0.7500708 0.7184221 0.7404651 0.7710751 0.8131724 0.7012459 1.1846306 1.0342733 0.9864387 1.3966104 1.1288536 1.2445766 1.5429184 1.5025952 1.4958978 1.4906151 1.4439342 1.4762432 1.4471131 1.4990195 1.5258797 1.4954864 1.5401659 1.6764869 1.5697144 1.3695045 1.3321718 1.3352211 1.4798510 1.4578271 1.4902974 1.3216126 1.9622875 1.5648077 1.7525783 1.6002716 1.6465171 1.6292288 1.6618586 1.6056687 3.0557224 2.8593789 3.9302848 4.3075569 2.4548591 
Suidae            0.5937494 0.8469515 0.7380124 0.7860197 0.7703466 0.7500708 0.0000000 0.4650193 0.4288590 0.6576912 0.7948205 0.5663532 0.9280103 0.9028998 0.8751663 1.2422568 1.0446528 1.2307095 1.2591612 1.2324457 1.2438906 1.2192737 1.2038008 1.2156519 1.1690921 1.2034274 1.1959675 1.2526426 1.2963242 1.5806777 1.3859813 1.2605580 1.2648636 1.2712614 1.3592755 1.2839309 1.3929656 1.2979473 1.8550947 1.4734006 1.6284211 1.4731478 1.5413039 1.5701571 1.5881861 1.4570934 2.9225109 2.8413154 4.3014348 4.8500664 2.2362262 
Hippopotamidae    0.5639286 0.8458690 0.7035992 0.8423788 0.7339687 0.7184221 0.4650193 0.0000000 0.3240838 0.5550095 0.7131459 0.5405973 0.8783314 0.8839811 0.8213009 1.2112229 0.9845935 1.1108108 1.1326939 1.1074413 1.1325869 1.0976218 1.0983301 1.0943534 1.0797865 1.0788801 1.0860781 1.1372922 1.1790800 1.4199760 1.2832800 1.1722940 1.1545950 1.1689978 1.2246082 1.2103024 1.2933998 1.1132671 1.7458612 1.3002705 1.5615518 1.3897959 1.4569907 1.4817897 1.5287317 1.3070130 2.8352992 2.4119951 3.4009668 3.6765906 2.3787223 
Hyperoodontidae   0.5253944 0.7448450 0.6809332 0.7987778 0.7197425 0.7404651 0.4288590 0.3240838 0.0000000 0.5671921 0.7042196 0.5255105 0.8530481 0.8985713 0.8080155 1.2190839 1.0501301 1.1924013 1.2178873 1.2143475 1.2137364 1.1998816 1.1747611 1.1906772 1.1594620 1.1559016 1.1717681 1.2173915 1.2483861 1.5081941 1.4966400 1.2135984 1.2558907 1.1889215 1.2883168 1.2640218 1.3154212 1.1769586 1.6895563 1.4081362 1.5961855 1.4423448 1.4819843 1.4963520 1.5205907 1.3137124 2.9161829 2.5064732 3.8952275 4.2529737 2.5035684 
Vespertilionidae  0.6430962 0.8929279 0.7494413 0.8192544 0.7960905 0.7710751 0.6576912 0.5550095 0.5671921 0.0000000 0.5226701 0.3427871 1.0526739 0.9365686 0.8299449 1.3104019 1.0805144 1.1735428 1.2702997 1.2321155 1.2191910 1.2274790 1.1677213 1.2147852 1.1720178 1.1860098 1.2062124 1.2103665 1.3138271 1.4373485 1.4150048 1.1728001 1.2647603 1.2520116 1.3577760 1.3174673 1.3306308 1.2690050 1.8928298 1.5714576 1.6741265 1.5693833 1.6498000 1.6680591 1.6301715 1.5279748 3.0174460 2.7660955 4.1380361 4.3496105 2.6805985 
Furipteridae      0.7039240 1.0068825 0.8274728 0.9576380 0.9635715 0.8131724 0.7948205 0.7131459 0.7042196 0.5226701 0.0000000 0.5117956 1.0801821 1.0067143 0.9434627 1.4505617 1.2047482 1.3459668 1.3623902 1.3351466 1.3478709 1.3694767 1.3143313 1.3414936 1.3091159 1.2991908 1.3188897 1.3374737 1.3902507 1.6815949 1.5429012 1.4854878 1.4017262 1.3170426 1.4186663 1.3745209 1.4216493 1.3983204 2.0362980 1.6761008 1.8076007 1.6828184 1.7012859 1.7038290 1.7286320 1.5773611 3.1120430 3.0387298 3.9504724 3.9866385 2.6995519 
Rhinolophidae     0.6108653 0.8326067 0.6796270 0.8018224 0.7734144 0.7012459 0.5663532 0.5405973 0.5255105 0.3427871 0.5117956 0.0000000 0.9276503 0.8150974 0.8284778 1.3226617 1.0552272 1.1941229 1.2916104 1.2575210 1.2656626 1.2761578 1.2213229 1.2654394 1.2107971 1.2874543 1.2769922 1.2668807 1.3310061 1.5436737 1.4555727 1.2560698 1.3253243 1.2918850 1.4105931 1.3575288 1.3619553 1.2726990 1.9094510 1.6213793 1.6799609 1.5113845 1.6067441 1.6004407 1.5738536 1.4584495 2.8735594 2.5294122 3.8266390 4.0262133 2.4978040 
Viverridae        0.9684646 1.2553382 1.0644514 1.2086305 1.2420354 1.1846306 0.9280103 0.8783314 0.8530481 1.0526739 1.0801821 0.9276503 0.0000000 0.7724406 1.3830597 1.5705377 1.3590268 1.5110595 1.6549510 1.6441885 1.6762864 1.6127978 1.6270551 1.6607659 1.6345905 1.6221914 1.6483879 1.7006040 1.7070365 1.9773160 1.8689784 1.7633451 1.8805221 1.7556948 1.7679023 1.7369659 1.7743830 1.8262559 2.4007291 1.9176209 2.0983628 1.8813880 1.9351565 2.1687616 1.9831259 1.8762150 3.4308639 3.2461048 4.4333547 4.3889985 3.1453983 
Procyonidae       0.9421258 1.0748625 0.9409727 1.0537496 1.0462606 1.0342733 0.9028998 0.8839811 0.8985713 0.9365686 1.0067143 0.8150974 0.7724406 0.0000000 1.2540676 1.4596354 1.2038104 1.3669625 1.6433379 1.6118754 1.6093064 1.4954698 1.5238381 1.5840723 1.5484394 1.5658049 1.5407810 1.6181515 1.6651887 1.8556332 1.9130062 1.8436020 1.7029468 1.6711535 1.6830405 1.7258542 1.8818169 1.7201900 2.3692256 1.8848975 1.9554139 1.8025936 1.7444647 1.8551527 1.8238373 1.8804884 3.3557974 3.2245152 4.9548873 4.8916092 2.9922959 
Myrmecophagidae   0.8279492 1.0374191 0.8581245 1.0054519 0.9878050 0.9864387 0.8751663 0.8213009 0.8080155 0.8299449 0.9434627 0.8284778 1.3830597 1.2540676 0.0000000 1.3134183 1.1519489 1.2889247 1.6063209 1.4951580 1.5477332 1.5316326 1.4770175 1.4996029 1.5439750 1.4984025 1.5047214 1.5275678 1.6219407 1.8947922 1.6677070 1.6566002 1.4468171 1.4726450 1.5638984 1.4545401 1.6343076 1.5279383 2.1936051 1.6430807 1.8590150 1.6212990 1.6179410 1.6993270 1.6892618 1.5878639 3.3486910 2.6945200 3.9616821 4.0698580 2.6653407 
Caluromyidae      1.2087954 1.5270016 1.3180963 1.3566914 1.5702165 1.3966104 1.2422568 1.2112229 1.2190839 1.3104019 1.4505617 1.3226617 1.5705377 1.4596354 1.3134183 0.0000000 0.5099069 0.5306176 1.1439651 1.1269751 1.1065591 1.1064038 1.1070530 1.1194580 1.1300814 1.1049395 1.0950702 1.1435389 1.1729874 1.3697824 1.3725144 1.2083773 1.1437299 0.9722199 1.0813773 1.1340331 1.2541740 1.0681627 1.6315119 1.3273082 1.5363786 1.3965265 1.4352489 1.3149611 1.3246988 1.3511581 2.6968122 2.5900024 4.4205208 4.4787602 2.2512731 
Thylacomyidae     0.9787438 1.2316814 1.0795653 1.1026399 1.2019674 1.1288536 1.0446528 0.9845935 1.0501301 1.0805144 1.2047482 1.0552272 1.3590268 1.2038104 1.1519489 0.5099069 0.0000000 0.3491947 0.9819790 0.9388862 0.9467651 0.9552984 0.9499099 0.9729619 0.9866730 0.9885560 0.9884316 0.9879660 1.0401956 1.2549204 1.2685437 0.9593166 1.0044566 0.8846184 0.9438622 0.9835002 1.1327305 0.9075421 1.5192368 1.2369487 1.2722401 1.1514666 1.2180576 1.1829211 1.2033351 1.1633486 2.5146396 2.4649060 3.6470298 3.8296927 2.0181612 
Phalangeridae     1.1024594 1.4198372 1.2218899 1.2141397 1.3296454 1.2445766 1.2307095 1.1108108 1.1924013 1.1735428 1.3459668 1.1941229 1.5110595 1.3669625 1.2889247 0.5306176 0.3491947 0.0000000 1.0663873 1.0378562 1.0319178 1.0094550 1.0305592 1.0417858 1.0284699 1.0478559 1.0526171 1.0762677 1.1200774 1.4049985 1.3013014 1.1927189 1.1585296 1.0649105 1.1568341 1.1665441 1.2589201 1.0794340 1.6893075 1.4053609 1.4702959 1.4145220 1.3786536 1.3551726 1.3456176 1.3307019 2.5733169 2.5569339 4.0387269 4.2501640 2.1005061 
Tityridae         1.1706536 1.6134973 1.3128005 1.4941272 1.6029321 1.5429184 1.2591612 1.1326939 1.2178873 1.2702997 1.3623902 1.2916104 1.6549510 1.6433379 1.6063209 1.1439651 0.9819790 1.0663873 0.0000000 0.0953346 0.0870872 0.1018888 0.0952162 0.0946406 0.0964642 0.1148308 0.1181917 0.1032163 0.1466796 0.7515706 0.7570853 0.5629773 0.6510559 0.6854265 0.6993490 0.7111627 0.7519440 0.6658260 1.3855481 1.0557708 1.2123604 1.1260867 1.1923919 1.0342589 1.1160753 1.0219338 2.1129433 2.2349592 3.2310996 3.1587920 1.9315528 
Ptilonorhynchidae 1.1872489 1.5414405 1.3175922 1.4342579 1.5688020 1.5025952 1.2324457 1.1074413 1.2143475 1.2321155 1.3351466 1.2575210 1.6441885 1.6118754 1.4951580 1.1269751 0.9388862 1.0378562 0.0953346 0.0000000 0.0662785 0.0805258 0.0788029 0.0752121 0.0786879 0.0898916 0.0995164 0.0817025 0.1568153 0.7454434 0.7571037 0.5750236 0.6462365 0.6665577 0.6842810 0.7052446 0.7556146 0.6666177 1.4049703 1.0523985 1.2574869 1.1087601 1.1628801 1.0156644 1.1294574 1.0032587 2.1989658 2.2481284 3.2471510 3.1716756 1.9247950 
Callaeatidae      1.1852403 1.5500761 1.3368347 1.4862085 1.5691930 1.4958978 1.2438906 1.1325869 1.2137364 1.2191910 1.3478709 1.2656626 1.6762864 1.6093064 1.5477332 1.1065591 0.9467651 1.0319178 0.0870872 0.0662785 0.0000000 0.0602084 0.0585714 0.0552010 0.0584884 0.0708916 0.0786833 0.0646245 0.1425417 0.7303164 0.7464673 0.5686035 0.6261797 0.6532645 0.6770466 0.6945012 0.7311540 0.6569136 1.3764291 1.0955926 1.2310626 1.1450588 1.2076856 1.0476874 1.1780144 1.0711576 2.1731638 2.2453129 3.1679980 3.1056389 1.9513615 
Monarchidae       1.1421305 1.5309332 1.3109584 1.4265035 1.5497942 1.4906151 1.2192737 1.0976218 1.1998816 1.2274790 1.3694767 1.2761578 1.6127978 1.4954698 1.5316326 1.1064038 0.9552984 1.0094550 0.1018888 0.0805258 0.0602084 0.0000000 0.0435628 0.0629869 0.0725328 0.0836472 0.0932036 0.0756888 0.1565718 0.7345382 0.7466870 0.5695167 0.6465266 0.6800419 0.6786067 0.6826131 0.7319113 0.6575600 1.3627054 1.0634871 1.2282270 1.0994941 1.1694433 1.0530386 1.1622082 1.0413062 2.1092240 2.2972465 3.1136427 3.0515723 1.9532005 
Malaconotidae     1.1276157 1.4906564 1.2858858 1.4137775 1.5258634 1.4439342 1.2038008 1.0983301 1.1747611 1.1677213 1.3143313 1.2213229 1.6270551 1.5238381 1.4770175 1.1070530 0.9499099 1.0305592 0.0952162 0.0788029 0.0585714 0.0435628 0.0000000 0.0613456 0.0708464 0.0850562 0.0946113 0.0739883 0.1531267 0.7287436 0.7411468 0.5655693 0.6192969 0.6527806 0.6668452 0.6803877 0.7422388 0.6527280 1.3533522 1.0503412 1.2074359 1.1249028 1.1684560 1.0516911 1.1348967 1.0105720 2.1420088 2.2318063 3.1029196 3.0395301 1.8855207 
Certhiidae        1.1632750 1.5100883 1.2986575 1.4052448 1.5345500 1.4762432 1.2156519 1.0943534 1.1906772 1.2147852 1.3414936 1.2654394 1.6607659 1.5840723 1.4996029 1.1194580 0.9729619 1.0417858 0.0946406 0.0752121 0.0552010 0.0629869 0.0613456 0.0000000 0.0537195 0.0644464 0.0736936 0.0597900 0.1435757 0.7510145 0.7424319 0.5818140 0.6398774 0.6669444 0.6783045 0.6758809 0.7275313 0.6516431 1.3623336 1.0669545 1.2157618 1.1247743 1.1726062 1.0439739 1.1808262 1.0291235 2.1070624 2.2219606 3.1657530 3.1013547 1.8959712 
Cinclidae         1.1132830 1.4511591 1.2678943 1.3788699 1.4905562 1.4471131 1.1690921 1.0797865 1.1594620 1.1720178 1.3091159 1.2107971 1.6345905 1.5484394 1.5439750 1.1300814 0.9866730 1.0284699 0.0964642 0.0786879 0.0584884 0.0725328 0.0708464 0.0537195 0.0000000 0.0691948 0.0769521 0.0599144 0.1477645 0.7172266 0.7467647 0.5732402 0.6399030 0.6447028 0.6751430 0.6987494 0.7383487 0.6361294 1.3245341 1.0260244 1.2243328 1.1263469 1.1879875 1.0068466 1.1464131 1.0193664 2.1395527 2.2500075 3.0872363 3.0310585 1.9356742 
Ploceidae         1.1316316 1.4696178 1.3026269 1.4547204 1.5499566 1.4990195 1.2034274 1.0788801 1.1559016 1.1860098 1.2991908 1.2874543 1.6221914 1.5658049 1.4984025 1.1049395 0.9885560 1.0478559 0.1148308 0.0898916 0.0708916 0.0836472 0.0850562 0.0644464 0.0691948 0.0000000 0.0492200 0.0723245 0.1638418 0.7624559 0.7667634 0.5988221 0.6647541 0.7019121 0.7065157 0.7047561 0.7687316 0.6759533 1.4088766 1.0661703 1.2697909 1.0995836 1.1524304 1.0233641 1.1270764 1.0192545 2.1312219 2.2571079 3.0811246 3.0269413 1.9155390 
Thraupidae        1.1875339 1.4632690 1.2820106 1.4493298 1.5597378 1.5258797 1.1959675 1.0860781 1.1717681 1.2062124 1.3188897 1.2769922 1.6483879 1.5407810 1.5047214 1.0950702 0.9884316 1.0526171 0.1181917 0.0995164 0.0786833 0.0932036 0.0946113 0.0736936 0.0769521 0.0492200 0.0000000 0.0848284 0.1745821 0.7624940 0.7851681 0.5974264 0.6788572 0.7067876 0.7113003 0.7161526 0.7605375 0.6583873 1.3965375 1.0683498 1.2599301 1.1020889 1.1550621 1.0208327 1.1723453 1.0439807 2.1175523 2.2552316 3.1070197 3.0468845 1.9030117 
Alaudidae         1.1812782 1.5132031 1.3218765 1.4693934 1.5605610 1.4954864 1.2526426 1.1372922 1.2173915 1.2103665 1.3374737 1.2668807 1.7006040 1.6181515 1.5275678 1.1435389 0.9879660 1.0762677 0.1032163 0.0817025 0.0646245 0.0756888 0.0739883 0.0597900 0.0599144 0.0723245 0.0848284 0.0000000 0.1530931 0.7416340 0.7331877 0.5702198 0.6721435 0.6834862 0.7010599 0.7022665 0.7424694 0.6805759 1.3671115 1.0473653 1.2522495 1.1310915 1.2012196 1.0440021 1.1718450 1.0284370 2.1360287 2.2227004 3.1858272 3.1239675 1.9393224 
Coraciiformes     1.1893760 1.5355966 1.3548038 1.4518942 1.5983350 1.5401659 1.2963242 1.1790800 1.2483861 1.3138271 1.3902507 1.3310061 1.7070365 1.6651887 1.6219407 1.1729874 1.0401956 1.1200774 0.1466796 0.1568153 0.1425417 0.1565718 0.1531267 0.1435757 0.1477645 0.1638418 0.1745821 0.1530931 0.0000000 0.7851920 0.8116786 0.6336306 0.6938686 0.6920293 0.7457174 0.7366548 0.7828338 0.6794209 1.4689359 1.0742545 1.2381184 1.1470948 1.2206032 1.0265246 1.1588923 1.0257924 2.2336674 2.3086434 3.1796865 3.1063341 1.9812541 
Crocodylidae      1.5778184 1.8242621 1.6197864 1.6209892 1.8423788 1.6764869 1.5806777 1.4199760 1.5081941 1.4373485 1.6815949 1.5436737 1.9773160 1.8556332 1.8947922 1.3697824 1.2549204 1.4049985 0.7515706 0.7454434 0.7303164 0.7345382 0.7287436 0.7510145 0.7172266 0.7624559 0.7624940 0.7416340 0.7851920 0.0000000 0.9512805 0.8943750 0.8531309 0.8494985 0.8985057 0.8932036 0.8659877 0.9170727 1.6643382 1.3935091 1.6012973 1.4386688 1.5493723 1.3692313 1.4571460 1.4071336 2.6312181 2.6232382 3.8620337 3.8218307 2.0869742 
Carettochelyidae  1.4567114 1.6751070 1.4687754 1.6298041 1.6259961 1.5697144 1.3859813 1.2832800 1.4966400 1.4150048 1.5429012 1.4555727 1.8689784 1.9130062 1.6677070 1.3725144 1.2685437 1.3013014 0.7570853 0.7571037 0.7464673 0.7466870 0.7411468 0.7424319 0.7467647 0.7667634 0.7851681 0.7331877 0.8116786 0.9512805 0.0000000 0.5675499 0.8883683 0.8922936 0.9438280 0.9525684 0.9315997 0.8513628 1.3846643 1.2154316 1.4444289 1.3608923 1.4467933 1.3226751 1.3362797 1.3045151 2.6589355 2.1575726 3.4545210 3.3750330 2.3279376 
Kinosternidae     1.2354367 1.4845928 1.3402478 1.4144684 1.4864858 1.3695045 1.2605580 1.1722940 1.2135984 1.1728001 1.4854878 1.2560698 1.7633451 1.8436020 1.6566002 1.2083773 0.9593166 1.1927189 0.5629773 0.5750236 0.5686035 0.5695167 0.5655693 0.5818140 0.5732402 0.5988221 0.5974264 0.5702198 0.6336306 0.8943750 0.5675499 0.0000000 0.7126931 0.6853984 0.7626337 0.8250274 0.7807158 0.6714972 1.4226448 1.0639774 1.2421611 1.2045177 1.3203029 1.1424921 1.1361152 1.1248547 2.4604604 2.3527252 3.4244132 3.3931213 1.9443345 
Anomalepididae    1.2758803 1.5335784 1.2901977 1.4615231 1.5288034 1.3321718 1.2648636 1.1545950 1.2558907 1.2647603 1.4017262 1.3253243 1.8805221 1.7029468 1.4468171 1.1437299 1.0044566 1.1585296 0.6510559 0.6462365 0.6261797 0.6465266 0.6192969 0.6398774 0.6399030 0.6647541 0.6788572 0.6721435 0.6938686 0.8531309 0.8883683 0.7126931 0.0000000 0.3114713 0.3708786 0.4558151 0.4205943 0.4523405 1.3742648 1.0021032 1.2323992 1.1590367 1.1372220 1.0765851 1.1267519 1.0724958 2.3491377 2.1059092 3.2163756 3.3154208 1.8907978 
Loxocemidae       1.2243325 1.5296140 1.2546057 1.2701536 1.5796640 1.3352211 1.2712614 1.1689978 1.1889215 1.2520116 1.3170426 1.2918850 1.7556948 1.6711535 1.4726450 0.9722199 0.8846184 1.0649105 0.6854265 0.6665577 0.6532645 0.6800419 0.6527806 0.6669444 0.6447028 0.7019121 0.7067876 0.6834862 0.6920293 0.8494985 0.8922936 0.6853984 0.3114713 0.0000000 0.2733274 0.4412625 0.4291043 0.4479577 1.3920189 1.0141691 1.1442782 1.0710493 1.1209929 1.0138925 1.0630647 1.0342722 2.4657766 2.2130214 3.2813954 3.2574990 1.9011814 
Natricidae        1.2759476 1.5158384 1.3291444 1.3814271 1.5713660 1.4798510 1.3592755 1.2246082 1.2883168 1.3577760 1.4186663 1.4105931 1.7679023 1.6830405 1.5638984 1.0813773 0.9438622 1.1568341 0.6993490 0.6842810 0.6770466 0.6786067 0.6668452 0.6783045 0.6751430 0.7065157 0.7113003 0.7010599 0.7457174 0.8985057 0.9438280 0.7626337 0.3708786 0.2733274 0.0000000 0.4838954 0.4769733 0.5020447 1.3439118 1.0479083 1.1920489 1.0743323 1.0536721 0.9675988 1.0685910 1.0326848 2.4468086 2.2674860 3.1877370 3.2181984 1.8950781 
Xenosauridae      1.2619925 1.5596714 1.2643512 1.4213372 1.5769417 1.4578271 1.2839309 1.2103024 1.2640218 1.3174673 1.3745209 1.3575288 1.7369659 1.7258542 1.4545401 1.1340331 0.9835002 1.1665441 0.7111627 0.7052446 0.6945012 0.6826131 0.6803877 0.6758809 0.6987494 0.7047561 0.7161526 0.7022665 0.7366548 0.8932036 0.9525684 0.8250274 0.4558151 0.4412625 0.4838954 0.0000000 0.4786760 0.5310343 1.5759317 1.0885111 1.2603621 1.1856615 1.1642294 1.1363815 1.2046118 1.1541579 2.4585855 2.2651601 3.2360899 3.3237087 1.9814765 
Teiidae           1.4212677 1.6371892 1.4292168 1.5577979 1.7434777 1.4902974 1.3929656 1.2933998 1.3154212 1.3306308 1.4216493 1.3619553 1.7743830 1.8818169 1.6343076 1.2541740 1.1327305 1.2589201 0.7519440 0.7556146 0.7311540 0.7319113 0.7422388 0.7275313 0.7383487 0.7687316 0.7605375 0.7424694 0.7828338 0.8659877 0.9315997 0.7807158 0.4205943 0.4291043 0.4769733 0.4786760 0.0000000 0.5458946 1.4869382 1.0317980 1.3146865 1.2898872 1.2547816 1.1377237 1.2495362 1.2070058 2.4489177 2.4701391 3.3566314 3.4065053 2.0809399 
Eublepharidae     1.2674185 1.4768799 1.2778740 1.4524218 1.4833919 1.3216126 1.2979473 1.1132671 1.1769586 1.2690050 1.3983204 1.2726990 1.8262559 1.7201900 1.5279383 1.0681627 0.9075421 1.0794340 0.6658260 0.6666177 0.6569136 0.6575600 0.6527280 0.6516431 0.6361294 0.6759533 0.6583873 0.6805759 0.6794209 0.9170727 0.8513628 0.6714972 0.4523405 0.4479577 0.5020447 0.5310343 0.5458946 0.0000000 1.2898404 0.9961682 1.2253069 1.1493080 1.1561035 1.0248073 1.1008802 1.0429424 2.3441632 2.2959639 3.4254406 3.4455359 1.9689952 
Dicamptodontidae  1.8290044 2.0796276 2.0242486 2.0131697 2.1181718 1.9622875 1.8550947 1.7458612 1.6895563 1.8928298 2.0362980 1.9094510 2.4007291 2.3692256 2.1936051 1.6315119 1.5192368 1.6893075 1.3855481 1.4049703 1.3764291 1.3627054 1.3533522 1.3623336 1.3245341 1.4088766 1.3965375 1.3671115 1.4689359 1.6643382 1.3846643 1.4226448 1.3742648 1.3920189 1.3439118 1.5759317 1.4869382 1.2898404 0.0000000 0.8702543 1.0564628 0.9478875 0.9690247 0.9510710 0.9248557 0.8880108 2.0794744 2.5592346 3.6173160 3.5732050 2.3403150 
Alytidae          1.5268169 1.8204421 1.5295947 1.6459626 1.6874098 1.5648077 1.4734006 1.3002705 1.4081362 1.5714576 1.6761008 1.6213793 1.9176209 1.8848975 1.6430807 1.3273082 1.2369487 1.4053609 1.0557708 1.0523985 1.0955926 1.0634871 1.0503412 1.0669545 1.0260244 1.0661703 1.0683498 1.0473653 1.0742545 1.3935091 1.2154316 1.0639774 1.0021032 1.0141691 1.0479083 1.0885111 1.0317980 0.9961682 0.8702543 0.0000000 0.5856658 0.6197461 0.6430200 0.5037632 0.5246193 0.4618155 1.8933250 2.4268456 3.2554337 3.3523157 1.9734852 
Heleophrynidae    1.6708743 1.9885897 1.6825974 1.7652944 1.8366198 1.7525783 1.6284211 1.5615518 1.5961855 1.6741265 1.8076007 1.6799609 2.0983628 1.9554139 1.8590150 1.5363786 1.2722401 1.4702959 1.2123604 1.2574869 1.2310626 1.2282270 1.2074359 1.2157618 1.2243328 1.2697909 1.2599301 1.2522495 1.2381184 1.6012973 1.4444289 1.2421611 1.2323992 1.1442782 1.1920489 1.2603621 1.3146865 1.2253069 1.0564628 0.5856658 0.0000000 0.5391299 0.5939956 0.4928849 0.5072565 0.4538428 2.1980147 2.4905193 3.1204940 3.1216832 2.2373229 
Leptodactylidae   1.5437519 1.5406964 1.5854203 1.6323714 1.7782059 1.6002716 1.4731478 1.3897959 1.4423448 1.5693833 1.6828184 1.5113845 1.8813880 1.8025936 1.6212990 1.3965265 1.1514666 1.4145220 1.1260867 1.1087601 1.1450588 1.0994941 1.1249028 1.1247743 1.1263469 1.0995836 1.1020889 1.1310915 1.1470948 1.4386688 1.3608923 1.2045177 1.1590367 1.0710493 1.0743323 1.1856615 1.2898872 1.1493080 0.9478875 0.6197461 0.5391299 0.0000000 0.1685805 0.4857624 0.4924514 0.4224834 2.0513872 2.5514608 2.9161486 2.8881413 2.0836735 
Strabomantidae    1.6298402 1.6658798 1.7049485 1.7010220 1.7857282 1.6465171 1.5413039 1.4569907 1.4819843 1.6498000 1.7012859 1.6067441 1.9351565 1.7444647 1.6179410 1.4352489 1.2180576 1.3786536 1.1923919 1.1628801 1.2076856 1.1694433 1.1684560 1.1726062 1.1879875 1.1524304 1.1550621 1.2012196 1.2206032 1.5493723 1.4467933 1.3203029 1.1372220 1.1209929 1.0536721 1.1642294 1.2547816 1.1561035 0.9690247 0.6430200 0.5939956 0.1685805 0.0000000 0.5076627 0.5377564 0.4639543 2.0480677 2.6853202 3.1838044 3.1599938 2.2054487 
Micrixalidae      1.6256794 1.7763313 1.5301109 1.6002859 1.7109930 1.6292288 1.5701571 1.4817897 1.4963520 1.6680591 1.7038290 1.6004407 2.1687616 1.8551527 1.6993270 1.3149611 1.1829211 1.3551726 1.0342589 1.0156644 1.0476874 1.0530386 1.0516911 1.0439739 1.0068466 1.0233641 1.0208327 1.0440021 1.0265246 1.3692313 1.3226751 1.1424921 1.0765851 1.0138925 0.9675988 1.1363815 1.1377237 1.0248073 0.9510710 0.5037632 0.4928849 0.4857624 0.5076627 0.0000000 0.2905040 0.2272343 2.0656082 2.4258999 3.0800649 3.1240291 2.1056712 
Hemisotidae       1.6144158 1.8455942 1.5196578 1.6257065 1.8003153 1.6618586 1.5881861 1.5287317 1.5205907 1.6301715 1.7286320 1.5738536 1.9831259 1.8238373 1.6892618 1.3246988 1.2033351 1.3456176 1.1160753 1.1294574 1.1780144 1.1622082 1.1348967 1.1808262 1.1464131 1.1270764 1.1723453 1.1718450 1.1588923 1.4571460 1.3362797 1.1361152 1.1267519 1.0630647 1.0685910 1.2046118 1.2495362 1.1008802 0.9248557 0.5246193 0.5072565 0.4924514 0.5377564 0.2905040 0.0000000 0.2457645 2.1509682 2.5414318 3.1175694 3.1985113 2.0937773 
Asterophryidae    1.4524081 1.6819951 1.4487975 1.5308408 1.7465761 1.6056687 1.4570934 1.3070130 1.3137124 1.5279748 1.5773611 1.4584495 1.8762150 1.8804884 1.5878639 1.3511581 1.1633486 1.3307019 1.0219338 1.0032587 1.0711576 1.0413062 1.0105720 1.0291235 1.0193664 1.0192545 1.0439807 1.0284370 1.0257924 1.4071336 1.3045151 1.1248547 1.0724958 1.0342722 1.0326848 1.1541579 1.2070058 1.0429424 0.8880108 0.4618155 0.4538428 0.4224834 0.4639543 0.2272343 0.2457645 0.0000000 1.9971953 2.4302081 2.8229922 2.8726722 2.0813011 
Caeciliidae2      2.9999034 3.1998230 3.1646283 3.2084333 3.1081190 3.0557224 2.9225109 2.8352992 2.9161829 3.0174460 3.1120430 2.8735594 3.4308639 3.3557974 3.3486910 2.6968122 2.5146396 2.5733169 2.1129433 2.1989658 2.1731638 2.1092240 2.1420088 2.1070624 2.1395527 2.1312219 2.1175523 2.1360287 2.2336674 2.6312181 2.6589355 2.4604604 2.3491377 2.4657766 2.4468086 2.4585855 2.4489177 2.3441632 2.0794744 1.8933250 2.1980147 2.0513872 2.0480677 2.0656082 2.1509682 1.9971953 0.0000000 3.5010698 4.7296406 4.6844686 3.1642932 
Polypteriformes   2.5956238 3.0362002 2.7492122 2.9271199 2.9706122 2.8593789 2.8413154 2.4119951 2.5064732 2.7660955 3.0387298 2.5294122 3.2461048 3.2245152 2.6945200 2.5900024 2.4649060 2.5569339 2.2349592 2.2481284 2.2453129 2.2972465 2.2318063 2.2219606 2.2500075 2.2571079 2.2552316 2.2227004 2.3086434 2.6232382 2.1575726 2.3527252 2.1059092 2.2130214 2.2674860 2.2651601 2.4701391 2.2959639 2.5592346 2.4268456 2.4905193 2.5514608 2.6853202 2.4258999 2.5414318 2.4302081 3.5010698 0.0000000 2.8130259 2.7269980 2.7709136 
Channichthyidae   3.5048749 3.9937372 3.5503711 3.7148708 3.9696744 3.9302848 4.3014348 3.4009668 3.8952275 4.1380361 3.9504724 3.8266390 4.4333547 4.9548873 3.9616821 4.4205208 3.6470298 4.0387269 3.2310996 3.2471510 3.1679980 3.1136427 3.1029196 3.1657530 3.0872363 3.0811246 3.1070197 3.1858272 3.1796865 3.8620337 3.4545210 3.4244132 3.2163756 3.2813954 3.1877370 3.2360899 3.3566314 3.4254406 3.6173160 3.2554337 3.1204940 2.9161486 3.1838044 3.0800649 3.1175694 2.8229922 4.7296406 2.8130259 0.0000000 0.1939901 3.3163660 
Pseudaphritidae   3.6040859 4.2839774 3.6593505 3.8272901 4.2524060 4.3075569 4.8500664 3.6765906 4.2529737 4.3496105 3.9866385 4.0262133 4.3889985 4.8916092 4.0698580 4.4787602 3.8296927 4.2501640 3.1587920 3.1716756 3.1056389 3.0515723 3.0395301 3.1013547 3.0310585 3.0269413 3.0468845 3.1239675 3.1063341 3.8218307 3.3750330 3.3931213 3.3154208 3.2574990 3.2181984 3.3237087 3.4065053 3.4455359 3.5732050 3.3523157 3.1216832 2.8881413 3.1599938 3.1240291 3.1985113 2.8726722 4.6844686 2.7269980 0.1939901 0.0000000 3.3998632 
Carcharhinidae    2.2167978 2.6634209 2.2642337 2.2442731 2.7261486 2.4548591 2.2362262 2.3787223 2.5035684 2.6805985 2.6995519 2.4978040 3.1453983 2.9922959 2.6653407 2.2512731 2.0181612 2.1005061 1.9315528 1.9247950 1.9513615 1.9532005 1.8855207 1.8959712 1.9356742 1.9155390 1.9030117 1.9393224 1.9812541 2.0869742 2.3279376 1.9443345 1.8907978 1.9011814 1.8950781 1.9814765 2.0809399 1.9689952 2.3403150 1.9734852 2.2373229 2.0836735 2.2054487 2.1056712 2.0937773 2.0813011 3.1642932 2.7709136 3.3163660 3.3998632 0.0000000 
