51
Pitheciidae       0.0000000 0.7641331 0.7378880 0.7616866 0.7111793 0.6864828 0.6782188 0.6943855 0.6603894 0.6813771 0.6867756 0.6753636 0.6626417 0.6804394 0.6788944 0.9099333 0.8331373 0.8538163 1.6708072 1.5962966 1.5869124 1.5062777 1.5474812 1.6016811 1.5199880 1.5053899 1.5253414 1.5182030 1.5171701 1.6490686 1.6712295 1.5602887 1.8637762 1.6627864 1.7706447 1.5167315 1.5513008 1.8697416 2.5055661 1.9259092 2.0675223 1.9283014 2.1350551 2.1701858 2.4538793 2.1936505 1.9225504 1.9312646 2.5863249 2.3211369 1.8678712 
Scandentia        0.7641331 0.0000000 0.6207485 0.6015600 0.6275639 0.6304158 0.5989592 0.5992646 0.5741456 0.5358669 0.6304795 0.6067565 0.6256713 0.5921921 0.5917629 0.8749301 0.8442282 0.8293939 1.5939882 1.4763611 1.4215239 1.3963637 1.4375891 1.4271733 1.3986626 1.3819227 1.4260549 1.4246377 1.3838476 1.3724298 1.5640079 1.4940025 1.8018119 1.5780387 1.7465520 1.4917339 1.6001814 1.6271335 2.0560709 1.7198637 1.9840450 1.9880116 2.1478212 1.9920901 2.4038805 1.9869721 1.8371652 1.9432415 2.4573167 2.2530568 1.8829624 
Erethizontidae    0.7378880 0.6207485 0.0000000 0.1260920 0.4129985 0.4225752 0.4402038 0.4727222 0.3814634 0.4031483 0.4571803 0.4283791 0.4275324 0.3844599 0.4063722 0.6904520 0.6502658 0.6439366 1.4519474 1.4541448 1.3684546 1.3656234 1.4285064 1.3431494 1.3303105 1.2958778 1.3327940 1.3694734 1.2806058 1.4024230 1.5747461 1.5331452 1.7998837 1.4879606 1.6229524 1.3916548 1.4009818 1.5639944 2.1703895 1.6444805 1.8450022 1.5986240 1.6799415 1.7751205 2.0759786 1.8190819 1.5548031 2.0107863 2.6559013 2.3585552 1.9332843 
Capromyidae       0.7616866 0.6015600 0.1260920 0.0000000 0.3872924 0.4126726 0.4093367 0.4644548 0.3803073 0.4207909 0.4609015 0.4371386 0.4327121 0.3838857 0.4127540 0.6990086 0.6660328 0.6417665 1.4120540 1.4227203 1.3607012 1.3619620 1.4025515 1.3356579 1.3140625 1.2873299 1.3235585 1.3552329 1.3120737 1.3645145 1.5626951 1.5787904 1.7469507 1.5196704 1.6163421 1.3625480 1.3613562 1.5739729 2.0057227 1.6139056 1.8215691 1.6653562 1.7584083 1.7297861 2.0594141 1.8435554 1.6345636 1.9115271 2.5881527 2.3465658 1.9461252 
Muridae           0.7111793 0.6275639 0.4129985 0.3872924 0.0000000 0.4009922 0.4596227 0.4624647 0.4141266 0.4504179 0.4738587 0.4882575 0.4537352 0.4246971 0.4507284 0.6514818 0.6328237 0.6044991 1.3438175 1.3734734 1.3305763 1.3118330 1.3483288 1.3592536 1.3540084 1.3344977 1.3482500 1.3201898 1.1843323 1.4122104 1.4893139 1.4783045 1.7140279 1.5155649 1.5028797 1.3564319 1.4843447 1.5395770 2.0796197 1.6069960 1.9908206 1.8033045 1.9857465 1.7156531 2.2238258 1.9504549 1.6923061 2.1875198 2.5526830 2.3453976 1.9401084 
Castoridae        0.6864828 0.6304158 0.4225752 0.4126726 0.4009922 0.0000000 0.4681434 0.4852338 0.4298680 0.4101802 0.4589488 0.4759924 0.4641216 0.4561528 0.4649726 0.6735024 0.6471364 0.6293750 1.4534411 1.4306743 1.3844951 1.3395089 1.3449192 1.3329805 1.3347216 1.3405003 1.3886956 1.3520482 1.3279083 1.3609180 1.6015062 1.5881728 1.7851797 1.5096541 1.6095177 1.3691343 1.4922237 1.6397625 2.1851508 1.6891905 1.7196987 1.7267507 1.8530872 1.7406718 2.1469658 1.8586411 1.6172145 2.0144389 2.5909492 2.3846581 1.9210427 
Suidae            0.6782188 0.5989592 0.4402038 0.4093367 0.4596227 0.4681434 0.0000000 0.2605062 0.2225854 0.2811670 0.3231722 0.3595324 0.3230042 0.2809950 0.3929003 0.6208886 0.5824138 0.5463788 1.3509385 1.3073448 1.2356825 1.2160197 1.2446801 1.2249012 1.2282222 1.2009051 1.2022641 1.2213800 1.2272176 1.3021088 1.4504097 1.4098878 1.5474885 1.4730510 1.5848143 1.2841937 1.3449454 1.4172875 1.9935191 1.5425573 1.6809572 1.5959849 1.8346305 1.7597648 2.0632820 1.8728316 1.5483989 1.8305786 2.5606434 2.1854216 1.7417451 
Hippopotamidae    0.6943855 0.5992646 0.4727222 0.4644548 0.4624647 0.4852338 0.2605062 0.0000000 0.1988748 0.2899434 0.3429157 0.3580053 0.3458801 0.3192854 0.3586171 0.6684772 0.6226434 0.5928042 1.3715548 1.3377659 1.3059696 1.2626402 1.2499653 1.2820702 1.3322762 1.2788136 1.2813492 1.3065579 1.2459210 1.2407356 1.4274616 1.3513123 1.6252113 1.5661987 1.5697417 1.4088237 1.4029543 1.4416766 2.2427561 1.6651138 1.7561427 1.7407483 1.8728758 1.8693990 2.0540170 1.8773876 1.6125885 1.9234282 2.4783020 2.2534557 1.8641607 
Hyperoodontidae   0.6603894 0.5741456 0.3814634 0.3803073 0.4141266 0.4298680 0.2225854 0.1988748 0.0000000 0.2354730 0.2919093 0.2877198 0.2790484 0.2662691 0.3307347 0.5910030 0.5648240 0.5098013 1.3880288 1.3512380 1.2205521 1.2278339 1.2681580 1.2472221 1.2610198 1.2316283 1.2543740 1.2539342 1.2491788 1.3376478 1.4668750 1.3746892 1.5649458 1.4880846 1.5119677 1.2398722 1.3643600 1.4418426 2.0678585 1.6593599 1.7642466 1.7646665 1.8964392 1.8582790 2.2381567 1.9291333 1.6159467 2.0908546 2.3102552 2.1465251 1.8331097 
Vespertilionidae  0.6813771 0.5358669 0.4031483 0.4207909 0.4504179 0.4101802 0.2811670 0.2899434 0.2354730 0.0000000 0.1657203 0.2109274 0.2992931 0.2613048 0.3476430 0.6058937 0.5553026 0.5247364 1.3211357 1.2874711 1.1734449 1.1940911 1.2531271 1.2582682 1.2293187 1.1869214 1.2087142 1.2268756 1.2015120 1.2647186 1.3729669 1.4019729 1.5757236 1.4413288 1.6020465 1.2373434 1.4417967 1.4016751 1.9988929 1.4346233 1.7047107 1.7208850 1.8012642 1.8776621 2.1568168 1.8786632 1.4998012 1.8271472 2.3900888 2.0756885 1.7970594 
Furipteridae      0.6867756 0.6304795 0.4571803 0.4609015 0.4738587 0.4589488 0.3231722 0.3429157 0.2919093 0.1657203 0.0000000 0.2373086 0.3201586 0.3051812 0.3884683 0.6342876 0.5894388 0.5637225 1.2970244 1.3101873 1.1817591 1.1963751 1.2465615 1.2215878 1.2455702 1.2260856 1.2317252 1.2184370 1.1655855 1.3181903 1.3793477 1.3437542 1.6670475 1.4782314 1.6721994 1.3162174 1.4289260 1.4098231 1.9992024 1.5760297 1.6941967 1.6681857 1.7853141 1.7900346 2.1763289 1.8219674 1.5238610 1.9017512 2.2174395 2.0665170 1.7496213 
Rhinolophidae     0.6753636 0.6067565 0.4283791 0.4371386 0.4882575 0.4759924 0.3595324 0.3580053 0.2877198 0.2109274 0.2373086 0.0000000 0.3581732 0.3205755 0.4032441 0.6602237 0.6038974 0.5596973 1.4001859 1.3346781 1.2681806 1.2167314 1.2722033 1.2751203 1.2667875 1.2333162 1.2598188 1.2747808 1.2414590 1.1710642 1.3577204 1.3391685 1.6829470 1.4098607 1.5435635 1.2443139 1.3267008 1.3530032 1.9835955 1.5907642 1.7648211 1.7441872 1.7631394 1.7610139 2.1114456 1.7786205 1.5112011 1.9180835 2.3327998 2.0343767 1.8273416 
Viverridae        0.6626417 0.6256713 0.4275324 0.4327121 0.4537352 0.4641216 0.3230042 0.3458801 0.2790484 0.2992931 0.3201586 0.3581732 0.0000000 0.1687676 0.3454551 0.5995473 0.5515805 0.5309560 1.3170429 1.3989035 1.3091747 1.3096547 1.3444632 1.3138941 1.3207147 1.2757685 1.2675344 1.2993423 1.2546212 1.2889469 1.3044730 1.2859047 1.6155047 1.3997485 1.4857248 1.3027109 1.3178869 1.3725246 2.0488262 1.5951677 1.8403051 1.6480442 1.8448229 1.7947830 1.9717984 1.9101663 1.4937541 2.0370411 2.4152607 2.1796502 1.8859228 
Procyonidae       0.6804394 0.5921921 0.3844599 0.3838857 0.4246971 0.4561528 0.2809950 0.3192854 0.2662691 0.2613048 0.3051812 0.3205755 0.1687676 0.0000000 0.3888802 0.6120310 0.5565000 0.5319234 1.2797133 1.3165743 1.2644213 1.2437964 1.3000692 1.2349599 1.2445054 1.2310717 1.2368648 1.2381510 1.2428046 1.2348410 1.3583157 1.2681189 1.6230741 1.4734562 1.5400684 1.2249917 1.3784899 1.3978773 2.1448764 1.6604309 1.8697906 1.6953566 1.8341059 1.7950605 2.0023903 1.8327521 1.6424624 1.9519499 2.5706187 2.3084004 1.9887164 
Myrmecophagidae   0.6788944 0.5917629 0.4063722 0.4127540 0.4507284 0.4649726 0.3929003 0.3586171 0.3307347 0.3476430 0.3884683 0.4032441 0.3454551 0.3888802 0.0000000 0.5587545 0.5609669 0.5184494 1.2868846 1.2449532 1.2137391 1.1602002 1.2580659 1.2126376 1.2112288 1.2086862 1.2163354 1.2197230 1.1850533 1.1515875 1.2440556 1.3699445 1.5826402 1.3727550 1.5811433 1.2945222 1.1609390 1.3302407 2.0543060 1.4340170 1.6952541 1.6293879 1.7931454 1.7470564 2.0215810 1.7200612 1.5486185 1.8639584 2.2308300 2.0927573 1.6780096 
Caluromyidae      0.9099333 0.8749301 0.6904520 0.6990086 0.6514818 0.6735024 0.6208886 0.6684772 0.5910030 0.6058937 0.6342876 0.6602237 0.5995473 0.6120310 0.5587545 0.0000000 0.1586605 0.1485374 1.1941752 1.2047546 1.1564752 1.0930156 1.1648526 1.1389637 1.0908534 1.1191845 1.1168357 1.1047875 1.1356998 1.1268558 1.3489588 1.1923175 1.5503677 1.2497973 1.3218770 1.1451529 1.2140606 1.2639188 1.7054913 1.3620596 1.6524195 1.5439768 1.7600672 1.6052116 1.8074945 1.7240351 1.3921693 1.7362560 2.5571007 2.2990643 1.5437351 
Thylacomyidae     0.8331373 0.8442282 0.6502658 0.6660328 0.6328237 0.6471364 0.5824138 0.6226434 0.5648240 0.5553026 0.5894388 0.6038974 0.5515805 0.5565000 0.5609669 0.1586605 0.0000000 0.0824597 1.2670470 1.2332597 1.1712073 1.1247163 1.1890645 1.1765103 1.1543659 1.1523592 1.1405234 1.1473356 1.1675464 1.1905588 1.4255298 1.2392825 1.5648332 1.1843657 1.3253650 1.1150054 1.2199427 1.2635330 1.8492906 1.3911737 1.7127776 1.6052577 1.7959072 1.5779215 1.9688925 1.7343742 1.3876950 1.7095329 2.6048789 2.2807852 1.6788588 
Phalangeridae     0.8538163 0.8293939 0.6439366 0.6417665 0.6044991 0.6293750 0.5463788 0.5928042 0.5098013 0.5247364 0.5637225 0.5596973 0.5309560 0.5319234 0.5184494 0.1485374 0.0824597 0.0000000 1.1894362 1.1429692 1.1032709 1.0351331 1.0968437 1.0919200 1.0824988 1.0709469 1.0842094 1.0767634 1.0905963 1.0738301 1.3548226 1.1842366 1.5083266 1.1716975 1.2633714 1.0917612 1.1237305 1.1757770 1.7965294 1.3363438 1.5694029 1.4575436 1.6416858 1.4969125 1.8300561 1.5579781 1.3730159 1.6762934 2.4424037 2.2123059 1.6307413 
Tityridae         1.6708072 1.5939882 1.4519474 1.4120540 1.3438175 1.4534411 1.3509385 1.3715548 1.3880288 1.3211357 1.2970244 1.4001859 1.3170429 1.2797133 1.2868846 1.1941752 1.2670470 1.1894362 0.0000000 0.2436200 0.2422317 0.2474148 0.2544880 0.2468888 0.2494113 0.2229234 0.2187880 0.2147834 0.2969177 0.8488682 0.9799274 0.9032172 1.5109873 1.2483153 1.2815490 1.1074793 1.0946664 0.9161294 2.0642165 1.4692648 1.6909006 1.7710205 2.0275293 1.9781721 2.0559489 1.9565825 1.5028953 2.0942899 2.3163004 2.2298930 1.8406912 
Ptilonorhynchidae 1.5962966 1.4763611 1.4541448 1.4227203 1.3734734 1.4306743 1.3073448 1.3377659 1.3512380 1.2874711 1.3101873 1.3346781 1.3989035 1.3165743 1.2449532 1.2047546 1.2332597 1.1429692 0.2436200 0.0000000 0.1391323 0.1392099 0.1538214 0.1466680 0.1507108 0.1322982 0.1402652 0.1313897 0.2655155 0.8127967 0.9978821 0.8671343 1.4331012 1.1107739 1.2206154 1.0022048 1.0252447 0.9690617 2.1505613 1.2495494 1.6162624 1.6158393 1.9004884 1.7960148 1.9879251 1.6653032 1.4306636 1.8955738 1.9902714 1.8982882 1.7343475 
Callaeatidae      1.5869124 1.4215239 1.3684546 1.3607012 1.3305763 1.3844951 1.2356825 1.3059696 1.2205521 1.1734449 1.1817591 1.2681806 1.3091747 1.2644213 1.2137391 1.1564752 1.1712073 1.1032709 0.2422317 0.1391323 0.0000000 0.0950222 0.1071162 0.1053395 0.1053859 0.0881770 0.0883452 0.0804411 0.2334434 0.8025771 0.9531343 0.8322553 1.4358727 1.1511958 1.2439193 1.0394858 1.0424113 0.9172981 2.0492692 1.3433046 1.6243262 1.6859239 1.9250165 1.8858434 1.9963531 1.7637328 1.3604302 1.9771937 2.0202427 1.9473567 1.7133345 
Monarchidae       1.5062777 1.3963637 1.3656234 1.3619620 1.3118330 1.3395089 1.2160197 1.2626402 1.2278339 1.1940911 1.1963751 1.2167314 1.3096547 1.2437964 1.1602002 1.0930156 1.1247163 1.0351331 0.2474148 0.1392099 0.0950222 0.0000000 0.0673781 0.1003375 0.1041623 0.0907184 0.0981862 0.0757273 0.2414858 0.7482747 0.9451255 0.8273885 1.3448737 1.0994385 1.2098934 0.9610087 0.9820145 0.9256697 1.9937950 1.3199625 1.6001515 1.6376349 1.9426147 1.8084300 1.9317865 1.7435186 1.4064368 1.9376582 2.0301868 1.9143980 1.6570931 
Malaconotidae     1.5474812 1.4375891 1.4285064 1.4025515 1.3483288 1.3449192 1.2446801 1.2499653 1.2681580 1.2531271 1.2465615 1.2722033 1.3444632 1.3000692 1.2580659 1.1648526 1.1890645 1.0968437 0.2544880 0.1538214 0.1071162 0.0673781 0.0000000 0.1125368 0.1125819 0.1026201 0.1065465 0.0851818 0.2500012 0.8101516 0.9483037 0.8204118 1.3983722 1.0933769 1.2435323 1.0016417 0.9746663 0.9130227 2.0268733 1.3623124 1.5885227 1.6705466 1.9245619 1.7967516 1.9360370 1.7394441 1.4517801 2.0196843 2.0526511 1.9621959 1.7261317 
Certhiidae        1.6016811 1.4271733 1.3431494 1.3356579 1.3592536 1.3329805 1.2249012 1.2820702 1.2472221 1.2582682 1.2215878 1.2751203 1.3138941 1.2349599 1.2126376 1.1389637 1.1765103 1.0919200 0.2468888 0.1466680 0.1053395 0.1003375 0.1125368 0.0000000 0.0970486 0.0822524 0.0934141 0.0763158 0.2440657 0.7863556 0.9559847 0.8324920 1.4172394 1.1070274 1.2162101 0.9804537 1.0453267 0.9117605 2.0375316 1.3552987 1.6349423 1.6518754 1.9004931 1.8457311 1.8719692 1.7693172 1.4025763 2.0043350 2.0427417 1.9592658 1.6682109 
Cinclidae         1.5199880 1.3986626 1.3303105 1.3140625 1.3540084 1.3347216 1.2282222 1.3322762 1.2610198 1.2293187 1.2455702 1.2667875 1.3207147 1.2445054 1.2112288 1.0908534 1.1543659 1.0824988 0.2494113 0.1507108 0.1053859 0.1041623 0.1125819 0.0970486 0.0000000 0.0786809 0.0915765 0.0783067 0.2399464 0.7704372 0.8995431 0.8120929 1.3593379 1.0815816 1.2376072 0.9295537 0.9853904 0.8737737 1.9617715 1.3083156 1.6223646 1.5746652 1.8114899 1.7782824 1.9203482 1.6994416 1.3742180 1.9055674 2.0413721 1.8822774 1.6233407 
Ploceidae         1.5053899 1.3819227 1.2958778 1.2873299 1.3344977 1.3405003 1.2009051 1.2788136 1.2316283 1.1869214 1.2260856 1.2333162 1.2757685 1.2310717 1.2086862 1.1191845 1.1523592 1.0709469 0.2229234 0.1322982 0.0881770 0.0907184 0.1026201 0.0822524 0.0786809 0.0000000 0.0499509 0.0655351 0.2250600 0.8071079 0.9366961 0.8188535 1.3470072 1.1205176 1.2868857 0.9914900 0.9957298 0.8659075 1.9349121 1.3150535 1.6046670 1.6446700 1.8705366 1.8834499 1.8945608 1.7813508 1.3726428 1.8766941 1.9776045 1.8626709 1.6430933 
Thraupidae        1.5253414 1.4260549 1.3327940 1.3235585 1.3482500 1.3886956 1.2022641 1.2813492 1.2543740 1.2087142 1.2317252 1.2598188 1.2675344 1.2368648 1.2163354 1.1168357 1.1405234 1.0842094 0.2187880 0.1402652 0.0883452 0.0981862 0.1065465 0.0934141 0.0915765 0.0499509 0.0000000 0.0691724 0.2320583 0.7939318 0.9473495 0.8202824 1.3377008 1.1140632 1.2403445 0.9782581 1.0077046 0.8810153 1.9307073 1.3391592 1.6456168 1.6696662 1.9164543 1.8913183 1.8984029 1.8336554 1.3810705 1.9046228 1.9547325 1.8050644 1.6889643 
Alaudidae         1.5182030 1.4246377 1.3694734 1.3552329 1.3201898 1.3520482 1.2213800 1.3065579 1.2539342 1.2268756 1.2184370 1.2747808 1.2993423 1.2381510 1.2197230 1.1047875 1.1473356 1.0767634 0.2147834 0.1313897 0.0804411 0.0757273 0.0851818 0.0763158 0.0783067 0.0655351 0.0691724 0.0000000 0.2063750 0.7829060 0.9431385 0.8369844 1.3826672 1.1274357 1.2438678 0.9785301 1.0138340 0.9236891 2.0484844 1.3047674 1.5776213 1.6662786 1.9232602 1.7711039 1.9584278 1.7333265 1.3744880 1.8958051 1.9883118 1.9118899 1.6991293 
Coraciiformes     1.5171701 1.3838476 1.2806058 1.3120737 1.1843323 1.3279083 1.2272176 1.2459210 1.2491788 1.2015120 1.1655855 1.2414590 1.2546212 1.2428046 1.1850533 1.1356998 1.1675464 1.0905963 0.2969177 0.2655155 0.2334434 0.2414858 0.2500012 0.2440657 0.2399464 0.2250600 0.2320583 0.2063750 0.0000000 0.7922613 0.9864519 0.8155465 1.3860036 1.1602805 1.3202601 0.9570207 1.0182796 0.9458529 2.0002799 1.4407683 1.6209717 1.6928307 1.9906615 1.8067054 2.0469219 1.7612285 1.3828791 1.9972598 1.9421545 1.8328005 1.5343664 
Crocodylidae      1.6490686 1.3724298 1.4024230 1.3645145 1.4122104 1.3609180 1.3021088 1.2407356 1.3376478 1.2647186 1.3181903 1.1710642 1.2889469 1.2348410 1.1515875 1.1268558 1.1905588 1.0738301 0.8488682 0.8127967 0.8025771 0.7482747 0.8101516 0.7863556 0.7704372 0.8071079 0.7939318 0.7829060 0.7922613 0.0000000 0.9544547 0.8072826 1.3850370 1.1337717 1.2244903 1.1031526 1.0457860 1.0147824 1.9649170 1.3329743 1.6392720 1.7148947 1.7715983 1.7278690 1.9177573 1.6424282 1.5532383 1.9409635 2.4864716 2.2204156 1.7087040 
Carettochelyidae  1.6712295 1.5640079 1.5747461 1.5626951 1.4893139 1.6015062 1.4504097 1.4274616 1.4668750 1.3729669 1.3793477 1.3577204 1.3044730 1.3583157 1.2440556 1.3489588 1.4255298 1.3548226 0.9799274 0.9978821 0.9531343 0.9451255 0.9483037 0.9559847 0.8995431 0.9366961 0.9473495 0.9431385 0.9864519 0.9544547 0.0000000 0.7384814 1.5964463 1.2393474 1.3319626 1.1811470 1.2856726 1.2131687 2.2575444 1.6306039 1.7939976 1.7936995 2.0284209 1.8280758 1.9824637 1.8411380 1.6767481 1.8242423 2.1585744 2.1414246 1.9127417 
Kinosternidae     1.5602887 1.4940025 1.5331452 1.5787904 1.4783045 1.5881728 1.4098878 1.3513123 1.3746892 1.4019729 1.3437542 1.3391685 1.2859047 1.2681189 1.3699445 1.1923175 1.2392825 1.1842366 0.9032172 0.8671343 0.8322553 0.8273885 0.8204118 0.8324920 0.8120929 0.8188535 0.8202824 0.8369844 0.8155465 0.8072826 0.7384814 0.0000000 1.4043716 1.0831924 1.3693652 1.1281320 1.1499489 1.0358451 2.1707388 1.5651261 1.7484092 1.8249247 2.0922373 1.9018411 1.8730135 1.7694259 1.7530813 1.7387559 2.0535149 1.9871368 1.7461041 
Anomalepididae    1.8637762 1.8018119 1.7998837 1.7469507 1.7140279 1.7851797 1.5474885 1.6252113 1.5649458 1.5757236 1.6670475 1.6829470 1.6155047 1.6230741 1.5826402 1.5503677 1.5648332 1.5083266 1.5109873 1.4331012 1.4358727 1.3448737 1.3983722 1.4172394 1.3593379 1.3470072 1.3377008 1.3826672 1.3860036 1.3850370 1.5964463 1.4043716 0.0000000 0.9121441 1.0534810 0.8636575 0.9514544 1.1377313 2.0597952 1.7076513 2.2920469 1.9080441 2.2810798 2.1041306 2.3346443 2.3796987 1.7360824 2.0805093 2.7818208 2.4523482 2.2089096 
Loxocemidae       1.6627864 1.5780387 1.4879606 1.5196704 1.5155649 1.5096541 1.4730510 1.5661987 1.4880846 1.4413288 1.4782314 1.4098607 1.3997485 1.4734562 1.3727550 1.2497973 1.1843657 1.1716975 1.2483153 1.1107739 1.1511958 1.0994385 1.0933769 1.1070274 1.0815816 1.1205176 1.1140632 1.1274357 1.1602805 1.1337717 1.2393474 1.0831924 0.9121441 0.0000000 0.5471391 0.6401116 0.6971217 0.9013325 2.2853656 1.5045545 1.6651085 1.7360530 1.9742665 1.8597626 1.9384526 1.9634634 1.5755711 1.8922469 2.4294400 2.2370706 1.6701878 
Natricidae        1.7706447 1.7465520 1.6229524 1.6163421 1.5028797 1.6095177 1.5848143 1.5697417 1.5119677 1.6020465 1.6721994 1.5435635 1.4857248 1.5400684 1.5811433 1.3218770 1.3253650 1.2633714 1.2815490 1.2206154 1.2439193 1.2098934 1.2435323 1.2162101 1.2376072 1.2868857 1.2403445 1.2438678 1.3202601 1.2244903 1.3319626 1.3693652 1.0534810 0.5471391 0.0000000 0.7582672 0.8007566 0.9096832 2.0980759 1.4337978 1.9568205 1.7926484 2.0268661 1.7435816 2.1085508 1.8368393 1.6830878 2.0051631 2.5639946 2.4344186 1.8315699 
Xenosauridae      1.5167315 1.4917339 1.3916548 1.3625480 1.3564319 1.3691343 1.2841937 1.4088237 1.2398722 1.2373434 1.3162174 1.2443139 1.3027109 1.2249917 1.2945222 1.1451529 1.1150054 1.0917612 1.1074793 1.0022048 1.0394858 0.9610087 1.0016417 0.9804537 0.9295537 0.9914900 0.9782581 0.9785301 0.9570207 1.1031526 1.1811470 1.1281320 0.8636575 0.6401116 0.7582672 0.0000000 0.6638405 0.8116628 1.9801868 1.3713989 1.8076481 1.8477983 2.0682190 1.9347061 2.0034745 1.7704645 1.5083804 1.6558023 2.2768439 2.0303942 1.6435481 
Teiidae           1.5513008 1.6001814 1.4009818 1.3613562 1.4843447 1.4922237 1.3449454 1.4029543 1.3643600 1.4417967 1.4289260 1.3267008 1.3178869 1.3784899 1.1609390 1.2140606 1.2199427 1.1237305 1.0946664 1.0252447 1.0424113 0.9820145 0.9746663 1.0453267 0.9853904 0.9957298 1.0077046 1.0138340 1.0182796 1.0457860 1.2856726 1.1499489 0.9514544 0.6971217 0.8007566 0.6638405 0.0000000 0.7788243 1.9453106 1.4691770 1.7651931 1.6883783 1.7808708 1.7708570 2.2577194 1.8195384 1.5007900 1.9246116 2.2262860 2.0996466 1.6521850 
Eublepharidae     1.8697416 1.6271335 1.5639944 1.5739729 1.5395770 1.6397625 1.4172875 1.4416766 1.4418426 1.4016751 1.4098231 1.3530032 1.3725246 1.3978773 1.3302407 1.2639188 1.2635330 1.1757770 0.9161294 0.9690617 0.9172981 0.9256697 0.9130227 0.9117605 0.8737737 0.8659075 0.8810153 0.9236891 0.9458529 1.0147824 1.2131687 1.0358451 1.1377313 0.9013325 0.9096832 0.8116628 0.7788243 0.0000000 1.9133140 1.4358506 1.8867328 1.6504195 1.8245775 1.8863638 2.0135201 1.7915803 1.5296312 1.7637242 2.2147717 2.0610076 1.7683691 
Dicamptodontidae  2.5055661 2.0560709 2.1703895 2.0057227 2.0796197 2.1851508 1.9935191 2.2427561 2.0678585 1.9988929 1.9992024 1.9835955 2.0488262 2.1448764 2.0543060 1.7054913 1.8492906 1.7965294 2.0642165 2.1505613 2.0492692 1.9937950 2.0268733 2.0375316 1.9617715 1.9349121 1.9307073 2.0484844 2.0002799 1.9649170 2.2575444 2.1707388 2.0597952 2.2853656 2.0980759 1.9801868 1.9453106 1.9133140 0.0000000 1.5173984 2.0721868 2.0833207 2.3140848 1.8033561 1.9897994 2.0307760 1.9040856 2.7376726 3.3430528 3.2803274 2.2471148 
Alytidae          1.9259092 1.7198637 1.6444805 1.6139056 1.6069960 1.6891905 1.5425573 1.6651138 1.6593599 1.4346233 1.5760297 1.5907642 1.5951677 1.6604309 1.4340170 1.3620596 1.3911737 1.3363438 1.4692648 1.2495494 1.3433046 1.3199625 1.3623124 1.3552987 1.3083156 1.3150535 1.3391592 1.3047674 1.4407683 1.3329743 1.6306039 1.5651261 1.7076513 1.5045545 1.4337978 1.3713989 1.4691770 1.4358506 1.5173984 0.0000000 1.2491361 1.2793760 1.3222470 1.2831790 1.3669613 1.2368994 1.3560858 1.9467406 2.4470003 2.4649623 1.8057199 
Heleophrynidae    2.0675223 1.9840450 1.8450022 1.8215691 1.9908206 1.7196987 1.6809572 1.7561427 1.7642466 1.7047107 1.6941967 1.7648211 1.8403051 1.8697906 1.6952541 1.6524195 1.7127776 1.5694029 1.6909006 1.6162624 1.6243262 1.6001515 1.5885227 1.6349423 1.6223646 1.6046670 1.6456168 1.5776213 1.6209717 1.6392720 1.7939976 1.7484092 2.2920469 1.6651085 1.9568205 1.8076481 1.7651931 1.8867328 2.0721868 1.2491361 0.0000000 1.1295312 1.1193441 1.2907725 1.3510973 1.2566857 1.7721628 2.0376738 2.2250016 2.2008022 2.1315955 
Leptodactylidae   1.9283014 1.9880116 1.5986240 1.6653562 1.8033045 1.7267507 1.5959849 1.7407483 1.7646665 1.7208850 1.6681857 1.7441872 1.6480442 1.6953566 1.6293879 1.5439768 1.6052577 1.4575436 1.7710205 1.6158393 1.6859239 1.6376349 1.6705466 1.6518754 1.5746652 1.6446700 1.6696662 1.6662786 1.6928307 1.7148947 1.7936995 1.8249247 1.9080441 1.7360530 1.7926484 1.8477983 1.6883783 1.6504195 2.0833207 1.2793760 1.1295312 0.0000000 0.3358302 0.9900165 1.2917713 1.1381799 1.6789716 2.1045309 2.7349479 2.7260149 2.0453528 
Strabomantidae    2.1350551 2.1478212 1.6799415 1.7584083 1.9857465 1.8530872 1.8346305 1.8728758 1.8964392 1.8012642 1.7853141 1.7631394 1.8448229 1.8341059 1.7931454 1.7600672 1.7959072 1.6416858 2.0275293 1.9004884 1.9250165 1.9426147 1.9245619 1.9004931 1.8114899 1.8705366 1.9164543 1.9232602 1.9906615 1.7715983 2.0284209 2.0922373 2.2810798 1.9742665 2.0268661 2.0682190 1.7808708 1.8245775 2.3140848 1.3222470 1.1193441 0.3358302 0.0000000 1.0021887 1.3780602 1.1761820 1.7000963 2.0598619 2.6828833 2.6785912 2.3384713 
Micrixalidae      2.1701858 1.9920901 1.7751205 1.7297861 1.7156531 1.7406718 1.7597648 1.8693990 1.8582790 1.8776621 1.7900346 1.7610139 1.7947830 1.7950605 1.7470564 1.6052116 1.5779215 1.4969125 1.9781721 1.7960148 1.8858434 1.8084300 1.7967516 1.8457311 1.7782824 1.8834499 1.8913183 1.7711039 1.8067054 1.7278690 1.8280758 1.9018411 2.1041306 1.8597626 1.7435816 1.9347061 1.7708570 1.8863638 1.8033561 1.2831790 1.2907725 0.9900165 1.0021887 0.0000000 1.0391906 0.8302116 1.5006284 2.0946061 2.8455885 2.6492466 2.3716071 
Hemisotidae       2.4538793 2.4038805 2.0759786 2.0594141 2.2238258 2.1469658 2.0632820 2.0540170 2.2381567 2.1568168 2.1763289 2.1114456 1.9717984 2.0023903 2.0215810 1.8074945 1.9688925 1.8300561 2.0559489 1.9879251 1.9963531 1.9317865 1.9360370 1.8719692 1.9203482 1.8945608 1.8984029 1.9584278 2.0469219 1.9177573 1.9824637 1.8730135 2.3346443 1.9384526 2.1085508 2.0034745 2.2577194 2.0135201 1.9897994 1.3669613 1.3510973 1.2917713 1.3780602 1.0391906 0.0000000 1.0830191 1.8988229 2.3320542 2.8808262 2.9167715 2.7230180 
Asterophryidae    2.1936505 1.9869721 1.8190819 1.8435554 1.9504549 1.8586411 1.8728316 1.8773876 1.9291333 1.8786632 1.8219674 1.7786205 1.9101663 1.8327521 1.7200612 1.7240351 1.7343742 1.5579781 1.9565825 1.6653032 1.7637328 1.7435186 1.7394441 1.7693172 1.6994416 1.7813508 1.8336554 1.7333265 1.7612285 1.6424282 1.8411380 1.7694259 2.3796987 1.9634634 1.8368393 1.7704645 1.8195384 1.7915803 2.0307760 1.2368994 1.2566857 1.1381799 1.1761820 0.8302116 1.0830191 0.0000000 1.7028299 2.1058046 2.6675334 2.5895503 2.2773961 
Caeciliidae2      1.9225504 1.8371652 1.5548031 1.6345636 1.6923061 1.6172145 1.5483989 1.6125885 1.6159467 1.4998012 1.5238610 1.5112011 1.4937541 1.6424624 1.5486185 1.3921693 1.3876950 1.3730159 1.5028953 1.4306636 1.3604302 1.4064368 1.4517801 1.4025763 1.3742180 1.3726428 1.3810705 1.3744880 1.3828791 1.5532383 1.6767481 1.7530813 1.7360824 1.5755711 1.6830878 1.5083804 1.5007900 1.5296312 1.9040856 1.3560858 1.7721628 1.6789716 1.7000963 1.5006284 1.8988229 1.7028299 0.0000000 1.9649236 2.3794929 2.3363913 1.8996904 
Polypteriformes   1.9312646 1.9432415 2.0107863 1.9115271 2.1875198 2.0144389 1.8305786 1.9234282 2.0908546 1.8271472 1.9017512 1.9180835 2.0370411 1.9519499 1.8639584 1.7362560 1.7095329 1.6762934 2.0942899 1.8955738 1.9771937 1.9376582 2.0196843 2.0043350 1.9055674 1.8766941 1.9046228 1.8958051 1.9972598 1.9409635 1.8242423 1.7387559 2.0805093 1.8922469 2.0051631 1.6558023 1.9246116 1.7637242 2.7376726 1.9467406 2.0376738 2.1045309 2.0598619 2.0946061 2.3320542 2.1058046 1.9649236 0.0000000 2.0765554 2.0582796 1.7844692 
Channichthyidae   2.5863249 2.4573167 2.6559013 2.5881527 2.5526830 2.5909492 2.5606434 2.4783020 2.3102552 2.3900888 2.2174395 2.3327998 2.4152607 2.5706187 2.2308300 2.5571007 2.6048789 2.4424037 2.3163004 1.9902714 2.0202427 2.0301868 2.0526511 2.0427417 2.0413721 1.9776045 1.9547325 1.9883118 1.9421545 2.4864716 2.1585744 2.0535149 2.7818208 2.4294400 2.5639946 2.2768439 2.2262860 2.2147717 3.3430528 2.4470003 2.2250016 2.7349479 2.6828833 2.8455885 2.8808262 2.6675334 2.3794929 2.0765554 0.0000000 0.2437858 2.1280248 
Pseudaphritidae   2.3211369 2.2530568 2.3585552 2.3465658 2.3453976 2.3846581 2.1854216 2.2534557 2.1465251 2.0756885 2.0665170 2.0343767 2.1796502 2.3084004 2.0927573 2.2990643 2.2807852 2.2123059 2.2298930 1.8982882 1.9473567 1.9143980 1.9621959 1.9592658 1.8822774 1.8626709 1.8050644 1.9118899 1.8328005 2.2204156 2.1414246 1.9871368 2.4523482 2.2370706 2.4344186 2.0303942 2.0996466 2.0610076 3.2803274 2.4649623 2.2008022 2.7260149 2.6785912 2.6492466 2.9167715 2.5895503 2.3363913 2.0582796 0.2437858 0.0000000 1.9882402 
Carcharhinidae    1.8678712 1.8829624 1.9332843 1.9461252 1.9401084 1.9210427 1.7417451 1.8641607 1.8331097 1.7970594 1.7496213 1.8273416 1.8859228 1.9887164 1.6780096 1.5437351 1.6788588 1.6307413 1.8406912 1.7343475 1.7133345 1.6570931 1.7261317 1.6682109 1.6233407 1.6430933 1.6889643 1.6991293 1.5343664 1.7087040 1.9127417 1.7461041 2.2089096 1.6701878 1.8315699 1.6435481 1.6521850 1.7683691 2.2471148 1.8057199 2.1315955 2.0453528 2.3384713 2.3716071 2.7230180 2.2773961 1.8996904 1.7844692 2.1280248 1.9882402 0.0000000 
