51
Pitheciidae       0.0000000 0.4393472 0.5491134 0.5792148 0.5135458 0.4944792 0.4312198 0.3431296 0.3577449 0.3351840 0.3744484 0.3277985 0.3601625 0.3250466 0.4249012 1.2115246 0.9587686 0.9827946 1.6480339 1.6687150 1.6138763 1.6745741 1.6736945 1.5997153 1.6468535 1.5975052 1.6094115 1.5841465 1.7110686 1.8157349 1.4925207 1.9257389 2.1606816 2.0742100 2.0819930 1.9359440 1.9071565 2.1913092 2.2975836 2.0088081 2.2489787 2.0904653 2.1619312 2.0841812 2.0010996 2.0381655 2.2426967 1.6921626 1.7266192 1.7289107 2.4299483 
Scandentia        0.4393472 0.0000000 0.6422705 0.6953771 0.6089431 0.5451599 0.5240969 0.4430652 0.4407163 0.4211859 0.4324002 0.3947313 0.4222271 0.4071740 0.5059801 1.3362635 1.0061992 1.0229216 1.7911603 1.8002270 1.7059910 1.7669675 1.7376246 1.7175548 1.7601156 1.7029229 1.7193424 1.6808056 1.8097767 1.8692261 1.6604217 2.0475192 2.1504964 2.2163434 2.2622205 1.9875290 2.0237658 2.2895574 2.4118040 2.1073941 2.3669287 2.2709547 2.4043177 2.2396232 2.1376462 2.1975267 2.2455583 1.7533229 1.7778606 1.7983538 2.4555546 
Erethizontidae    0.5491134 0.6422705 0.0000000 0.3253534 0.6334725 0.6068029 0.6155974 0.5530978 0.5571073 0.5206814 0.5686490 0.5103479 0.5358422 0.5078502 0.5891312 1.4089074 1.1282597 1.1235077 1.7695218 1.7775666 1.7240322 1.7351734 1.7506734 1.7289315 1.7557877 1.6991600 1.7179298 1.6874760 1.8253642 1.9689973 1.6992220 2.0801399 2.3295999 2.3663039 2.2857342 1.9904675 2.0784626 2.3437152 2.3840515 2.1780739 2.3867547 2.1728242 2.2717696 2.3012739 2.2374216 2.2307042 2.4201447 1.9048179 1.8380393 1.8804110 2.5054967 
Capromyidae       0.5792148 0.6953771 0.3253534 0.0000000 0.6563642 0.6180699 0.5880598 0.5358860 0.5439647 0.5309448 0.5582739 0.5095105 0.5944777 0.5547412 0.6243964 1.4332522 1.0897046 1.1259118 1.7899934 1.8001346 1.8037102 1.8249415 1.8515189 1.7878871 1.8206337 1.7807239 1.8013634 1.7667633 1.8583996 1.9850444 1.7371721 2.2045803 2.4464114 2.4235740 2.3520877 2.0679446 2.1589111 2.4609535 2.5113049 2.2750020 2.4561490 2.2970494 2.3848043 2.3501742 2.3092891 2.2749583 2.4628782 1.9679598 2.0108755 2.0489372 2.5554548 
Muridae           0.5135458 0.6089431 0.6334725 0.6563642 0.0000000 0.5295672 0.5361179 0.4716955 0.4908512 0.4669407 0.4938758 0.4719988 0.4749052 0.4820380 0.5392856 1.3663626 1.0679416 1.0806730 1.7485615 1.7130488 1.6310647 1.7203475 1.7240792 1.6765531 1.6968432 1.6362227 1.6674865 1.6417747 1.7245623 1.8379919 1.6267787 2.0481924 2.2582567 2.1613515 2.2358280 2.0561015 2.0231203 2.2500264 2.3792670 2.2481410 2.4635930 2.3652475 2.3986849 2.2224290 2.2083781 2.2060529 2.4209622 1.8743599 1.9369668 1.9620906 2.5476163 
Castoridae        0.4944792 0.5451599 0.6068029 0.6180699 0.5295672 0.0000000 0.5399045 0.4541611 0.4701747 0.4383579 0.4596602 0.4373189 0.4630350 0.4427530 0.5084302 1.2584728 1.0392281 1.0463310 1.7821143 1.7822214 1.7082840 1.7458686 1.7693750 1.7241168 1.7808233 1.7356630 1.7498353 1.6973141 1.8187509 1.8219944 1.5969129 2.0122658 2.1735837 2.2688599 2.2741697 2.0243535 1.9513167 2.2827001 2.3349701 2.1320820 2.2509261 2.1336372 2.2657443 2.0944609 2.0352101 2.0139496 2.3547832 1.7923578 1.7563946 1.7846889 2.3887274 
Suidae            0.4312198 0.5240969 0.6155974 0.5880598 0.5361179 0.5399045 0.0000000 0.2145760 0.2372730 0.3051453 0.3137784 0.2772896 0.2980177 0.2833534 0.4278851 1.1933617 0.9364639 0.9431990 1.6127045 1.6633300 1.6093049 1.6569670 1.6621042 1.6231572 1.6751128 1.6212201 1.6367793 1.6125164 1.6831987 1.7942561 1.5084731 1.8131256 2.1521525 2.0694089 2.0987060 1.9245816 1.8615402 2.2194427 2.2328077 2.0433187 2.2009946 2.1250688 2.1925284 2.0452695 1.9858001 1.9979018 2.1769211 1.6784546 1.6871184 1.7081337 2.4182441 
Hippopotamidae    0.3431296 0.4430652 0.5530978 0.5358860 0.4716955 0.4541611 0.2145760 0.0000000 0.1236540 0.2178350 0.2406967 0.2095278 0.2295243 0.2061449 0.3609870 1.0929811 0.8762211 0.8733159 1.4980304 1.5339019 1.4588693 1.5058293 1.5143895 1.4817839 1.5173415 1.4569099 1.4835421 1.4717116 1.5586167 1.6440173 1.3919758 1.7705776 2.0135094 1.9539276 1.9517570 1.7776121 1.7555207 2.0402530 2.1247961 1.9530234 2.0990108 2.0964761 2.1420472 2.0303924 1.8843213 1.9545364 2.0645042 1.6066016 1.5871379 1.6085395 2.3019404 
Hyperoodontidae   0.3577449 0.4407163 0.5571073 0.5439647 0.4908512 0.4701747 0.2372730 0.1236540 0.0000000 0.2413033 0.2623793 0.2313768 0.2515060 0.2301567 0.3799976 1.1552906 0.9415082 0.9136855 1.6004576 1.6032001 1.5410653 1.5898360 1.5810920 1.5488303 1.5964945 1.5240060 1.5597062 1.5557224 1.6263725 1.7134917 1.4578453 1.8041914 2.1397012 2.0644694 2.0678409 1.9180027 1.8098162 2.1192989 2.2086816 1.9715073 2.1905271 2.1693777 2.2033766 2.0738033 1.9581428 1.9894671 2.0861627 1.6640125 1.6221617 1.6614512 2.3497874 
Vespertilionidae  0.3351840 0.4211859 0.5206814 0.5309448 0.4669407 0.4383579 0.3051453 0.2178350 0.2413033 0.0000000 0.1577974 0.1519517 0.2549367 0.2251730 0.3534245 1.1246950 0.8794773 0.8791314 1.5258308 1.5643657 1.5037439 1.5356942 1.5365961 1.5146589 1.5493882 1.5126261 1.5272983 1.5017474 1.6013520 1.7217482 1.4495341 1.8663808 2.0561021 2.0241862 1.9994432 1.8182036 1.7674491 2.0504302 2.2044551 2.0058460 2.1488369 2.0610021 2.1234199 1.9986948 1.9246308 1.9851394 2.2189601 1.5924907 1.5849199 1.6058298 2.3210502 
Furipteridae      0.3744484 0.4324002 0.5686490 0.5582739 0.4938758 0.4596602 0.3137784 0.2406967 0.2623793 0.1577974 0.0000000 0.1625014 0.2702251 0.2407950 0.3745433 1.1968921 0.9126835 0.8901932 1.5689847 1.6006620 1.5488582 1.6067036 1.5998256 1.5696042 1.5996222 1.5629523 1.5942456 1.5584537 1.6351254 1.7234967 1.4908340 1.8745105 2.1236453 2.0999649 2.0284902 1.8958411 1.8438129 2.1778680 2.2220690 2.0035636 2.1921812 2.1042482 2.1788394 2.0023279 1.9121664 1.9988296 2.2500547 1.5797781 1.5625210 1.5914537 2.3630955 
Rhinolophidae     0.3277985 0.3947313 0.5103479 0.5095105 0.4719988 0.4373189 0.2772896 0.2095278 0.2313768 0.1519517 0.1625014 0.0000000 0.2291482 0.1957526 0.3472185 1.1395900 0.8775279 0.8682021 1.5378393 1.5332669 1.4924541 1.5428898 1.5318841 1.5227413 1.5568786 1.5050932 1.5245660 1.5051183 1.5656079 1.6746069 1.4448643 1.8035932 2.0361076 2.0413899 1.9605375 1.8098593 1.7497571 2.0680456 2.1609763 1.9395771 2.1378992 2.0403185 2.0805000 1.9633040 1.8789596 1.9667446 2.1399055 1.5582262 1.5631522 1.5948950 2.3241194 
Viverridae        0.3601625 0.4222271 0.5358422 0.5944777 0.4749052 0.4630350 0.2980177 0.2295243 0.2515060 0.2549367 0.2702251 0.2291482 0.0000000 0.1339830 0.3870951 1.1135850 0.8963857 0.8824809 1.5239623 1.5139790 1.4660273 1.5227000 1.4980975 1.4773603 1.5136193 1.4486100 1.4811404 1.4629226 1.5601148 1.6493790 1.4234639 1.7675595 2.0981740 2.0113576 1.9969865 1.7829984 1.7870947 2.0896415 2.1579831 1.9115808 2.0525194 2.0411311 2.0934747 2.0105972 1.8934829 1.9624400 2.1676590 1.6267577 1.6085881 1.6437776 2.3028277 
Procyonidae       0.3250466 0.4071740 0.5078502 0.5547412 0.4820380 0.4427530 0.2833534 0.2061449 0.2301567 0.2251730 0.2407950 0.1957526 0.1339830 0.0000000 0.3532935 1.0951763 0.8643830 0.8414974 1.5013619 1.5042665 1.4473445 1.5151376 1.4968079 1.4762108 1.5124757 1.4576932 1.4679413 1.4688556 1.5772218 1.7006077 1.4110240 1.7824762 2.0387693 1.9897273 1.9398222 1.7641883 1.7808657 2.0451659 2.1142804 1.8961760 2.0779740 2.0118162 2.0716843 1.9596817 1.8414200 1.9223656 2.1383560 1.6032948 1.5990482 1.6199693 2.3272748 
Myrmecophagidae   0.4249012 0.5059801 0.5891312 0.6243964 0.5392856 0.5084302 0.4278851 0.3609870 0.3799976 0.3534245 0.3745433 0.3472185 0.3870951 0.3532935 0.0000000 1.2040098 0.9475217 0.9450612 1.6420586 1.6511042 1.5833508 1.6213744 1.5986356 1.6075361 1.6102274 1.5935318 1.5832881 1.5749960 1.6576299 1.7661473 1.5234223 1.9049737 2.1352830 2.0744111 1.9778455 1.8647310 1.8173389 2.1357908 2.1768059 2.0094805 2.2827998 2.1029619 2.1519307 2.0756338 2.0065667 2.0132004 2.2746344 1.7205797 1.7245856 1.7320352 2.3705115 
Caluromyidae      1.2115246 1.3362635 1.4089074 1.4332522 1.3663626 1.2584728 1.1933617 1.0929811 1.1552906 1.1246950 1.1968921 1.1395900 1.1135850 1.0951763 1.2040098 0.0000000 0.6488240 0.6335604 1.9419166 1.9617533 1.9367680 1.9625779 1.9895591 1.9701662 1.9550484 1.9324353 1.9387589 1.9383549 1.9967747 2.0990869 1.8202876 2.2198995 2.3901582 2.4089517 2.4122721 2.1703888 2.1468635 2.5101560 2.7002532 2.2754765 2.5125335 2.4007618 2.4239258 2.3322503 2.2725330 2.2026496 2.4000858 1.9963153 1.9100696 1.9610470 2.8621963 
Thylacomyidae     0.9587686 1.0061992 1.1282597 1.0897046 1.0679416 1.0392281 0.9364639 0.8762211 0.9415082 0.8794773 0.9126835 0.8775279 0.8963857 0.8643830 0.9475217 0.6488240 0.0000000 0.3517121 1.7221361 1.7422986 1.6741200 1.7162314 1.7479931 1.6778406 1.7258085 1.7008090 1.6796247 1.6869225 1.7469166 1.7884724 1.5637459 1.9931922 2.2027432 2.2122866 2.1651897 2.0253336 2.0054544 2.4121965 2.4755244 2.1080783 2.3929108 2.3013047 2.2962154 2.2578721 2.1505165 2.1295675 2.2085992 1.7512995 1.7050099 1.7305571 2.5360762 
Phalangeridae     0.9827946 1.0229216 1.1235077 1.1259118 1.0806730 1.0463310 0.9431990 0.8733159 0.9136855 0.8791314 0.8901932 0.8682021 0.8824809 0.8414974 0.9450612 0.6335604 0.3517121 0.0000000 1.7517750 1.8134418 1.7398712 1.7707509 1.7998824 1.7509748 1.7889978 1.7697064 1.7527172 1.7450078 1.7958466 1.9041690 1.6480493 2.1184872 2.2426436 2.1827807 2.2626560 2.0333216 2.0479726 2.4226630 2.4059286 2.1300275 2.3592614 2.2449079 2.2403849 2.2075142 2.1063584 2.1106897 2.3009900 1.7883069 1.7505034 1.7765292 2.5966594 
Tityridae         1.6480339 1.7911603 1.7695218 1.7899934 1.7485615 1.7821143 1.6127045 1.4980304 1.6004576 1.5258308 1.5689847 1.5378393 1.5239623 1.5013619 1.6420586 1.9419166 1.7221361 1.7517750 0.0000000 0.2899941 0.2827143 0.2820344 0.3078833 0.2865351 0.3045720 0.2833863 0.2763064 0.2720207 0.4359714 0.9923108 0.8958870 1.1614108 1.4326641 1.3503146 1.4646386 1.2576405 1.3188824 1.6527783 1.9288512 1.6839256 1.9545801 1.7264745 1.7241532 1.7390205 1.5966755 1.6219230 1.8557183 1.3541295 1.3649069 1.4083554 2.3045946 
Ptilonorhynchidae 1.6687150 1.8002270 1.7775666 1.8001346 1.7130488 1.7822214 1.6633300 1.5339019 1.6032001 1.5643657 1.6006620 1.5332669 1.5139790 1.5042665 1.6511042 1.9617533 1.7422986 1.8134418 0.2899941 0.0000000 0.1911873 0.2029994 0.2086006 0.1961698 0.2208344 0.1869860 0.1826938 0.1811862 0.4225778 0.9826165 0.8612671 1.1778451 1.4562839 1.3729498 1.5196164 1.3119138 1.3658557 1.6677660 2.0188110 1.6335695 1.9248752 1.7680795 1.7429018 1.7343900 1.5791519 1.6015996 1.7899214 1.3962247 1.3737599 1.3852935 2.2424844 
Callaeatidae      1.6138763 1.7059910 1.7240322 1.8037102 1.6310647 1.7082840 1.6093049 1.4588693 1.5410653 1.5037439 1.5488582 1.4924541 1.4660273 1.4473445 1.5833508 1.9367680 1.6741200 1.7398712 0.2827143 0.1911873 0.0000000 0.1501177 0.1667143 0.1416398 0.1648192 0.1417408 0.1347682 0.1279491 0.4222821 0.9578377 0.8465944 1.1760268 1.3921014 1.3384072 1.4652484 1.2132162 1.2608628 1.6572457 1.9696043 1.6414351 1.8693788 1.7333385 1.7252921 1.6596430 1.5307201 1.5870435 1.7759179 1.3611916 1.3306588 1.3771336 2.1678408 
Monarchidae       1.6745741 1.7669675 1.7351734 1.8249415 1.7203475 1.7458686 1.6569670 1.5058293 1.5898360 1.5356942 1.6067036 1.5428898 1.5227000 1.5151376 1.6213744 1.9625779 1.7162314 1.7707509 0.2820344 0.2029994 0.1501177 0.0000000 0.1123630 0.1482218 0.1717132 0.1519285 0.1524651 0.1441232 0.4480620 0.9455447 0.8692251 1.1916146 1.4350672 1.4020405 1.5468080 1.3021782 1.3576012 1.7195570 1.9786004 1.6477532 1.9035270 1.7494660 1.7548167 1.7216998 1.6063009 1.6397208 1.7764006 1.3783148 1.3487571 1.3914868 2.1986611 
Malaconotidae     1.6736945 1.7376246 1.7506734 1.8515189 1.7240792 1.7693750 1.6621042 1.5143895 1.5810920 1.5365961 1.5998256 1.5318841 1.4980975 1.4968079 1.5986356 1.9895591 1.7479931 1.7998824 0.3078833 0.2086006 0.1667143 0.1123630 0.0000000 0.1686053 0.1822013 0.1643462 0.1587337 0.1634764 0.4449612 0.9512682 0.8817705 1.1933654 1.4467414 1.4212278 1.5449698 1.3536248 1.3525515 1.7080908 1.9948272 1.7041389 1.9270837 1.8060214 1.7804613 1.7347118 1.6032496 1.6525360 1.7543255 1.3874233 1.3996184 1.4317156 2.2428964 
Certhiidae        1.5997153 1.7175548 1.7289315 1.7878871 1.6765531 1.7241168 1.6231572 1.4817839 1.5488303 1.5146589 1.5696042 1.5227413 1.4773603 1.4762108 1.6075361 1.9701662 1.6778406 1.7509748 0.2865351 0.1961698 0.1416398 0.1482218 0.1686053 0.0000000 0.1249098 0.1114144 0.1004305 0.1055723 0.4219721 0.9447048 0.8464198 1.1569207 1.4557555 1.3904772 1.4898106 1.2437136 1.3185985 1.6509158 1.9423803 1.5867789 1.8693669 1.7218628 1.7029750 1.6883077 1.5623845 1.6111527 1.7519237 1.3614782 1.3019093 1.3434384 2.1463739 
Cinclidae         1.6468535 1.7601156 1.7557877 1.8206337 1.6968432 1.7808233 1.6751128 1.5173415 1.5964945 1.5493882 1.5996222 1.5568786 1.5136193 1.5124757 1.6102274 1.9550484 1.7258085 1.7889978 0.3045720 0.2208344 0.1648192 0.1717132 0.1822013 0.1249098 0.0000000 0.1192312 0.1176222 0.1242444 0.4678556 0.9496779 0.8419012 1.1739323 1.4948977 1.4398346 1.5475102 1.2793711 1.3499719 1.6941199 1.9742527 1.6415535 1.8924967 1.7274097 1.7522253 1.7028460 1.5891430 1.6617144 1.8177684 1.3870450 1.3487502 1.3797110 2.2486392 
Ploceidae         1.5975052 1.7029229 1.6991600 1.7807239 1.6362227 1.7356630 1.6212201 1.4569099 1.5240060 1.5126261 1.5629523 1.5050932 1.4486100 1.4576932 1.5935318 1.9324353 1.7008090 1.7697064 0.2833863 0.1869860 0.1417408 0.1519285 0.1643462 0.1114144 0.1192312 0.0000000 0.0602780 0.1080605 0.4139267 0.9423042 0.8412605 1.1375514 1.4388544 1.3880791 1.5177619 1.2783480 1.3026778 1.7040647 1.9630298 1.6165767 1.9044290 1.7333393 1.7324849 1.7052991 1.5603164 1.6018558 1.8037564 1.3662232 1.3390873 1.3735976 2.1933582 
Thraupidae        1.6094115 1.7193424 1.7179298 1.8013634 1.6674865 1.7498353 1.6367793 1.4835421 1.5597062 1.5272983 1.5942456 1.5245660 1.4811404 1.4679413 1.5832881 1.9387589 1.6796247 1.7527172 0.2763064 0.1826938 0.1347682 0.1524651 0.1587337 0.1004305 0.1176222 0.0602780 0.0000000 0.1024633 0.4295914 0.9458231 0.8364580 1.1125122 1.4204729 1.3696868 1.4879528 1.2568286 1.2781827 1.6440582 1.9526232 1.6054241 1.8576935 1.7273832 1.7249872 1.6799499 1.5518963 1.6086720 1.7911865 1.3639060 1.3324004 1.3698858 2.2126306 
Alaudidae         1.5841465 1.6808056 1.6874760 1.7667633 1.6417747 1.6973141 1.6125164 1.4717116 1.5557224 1.5017474 1.5584537 1.5051183 1.4629226 1.4688556 1.5749960 1.9383549 1.6869225 1.7450078 0.2720207 0.1811862 0.1279491 0.1441232 0.1634764 0.1055723 0.1242444 0.1080605 0.1024633 0.0000000 0.4291322 0.9447611 0.8432114 1.1375313 1.4448547 1.3696356 1.5195865 1.2908598 1.3155939 1.7169702 1.9639040 1.6133127 1.9023293 1.7520365 1.7582421 1.7004634 1.5832247 1.6171989 1.7922495 1.3618877 1.3534899 1.3864439 2.1836694 
Coraciiformes     1.7110686 1.8097767 1.8253642 1.8583996 1.7245623 1.8187509 1.6831987 1.5586167 1.6263725 1.6013520 1.6351254 1.5656079 1.5601148 1.5772218 1.6576299 1.9967747 1.7469166 1.7958466 0.4359714 0.4225778 0.4222821 0.4480620 0.4449612 0.4219721 0.4678556 0.4139267 0.4295914 0.4291322 0.0000000 1.0527394 0.9409962 1.2472758 1.4939928 1.4525099 1.5929273 1.3168553 1.3686307 1.7082886 2.0207119 1.7388582 2.0554275 1.8425355 1.9103668 1.8671577 1.6617700 1.7333414 1.9322625 1.4904719 1.4130940 1.4548121 2.4176462 
Crocodylidae      1.8157349 1.8692261 1.9689973 1.9850444 1.8379919 1.8219944 1.7942561 1.6440173 1.7134917 1.7217482 1.7234967 1.6746069 1.6493790 1.7006077 1.7661473 2.0990869 1.7884724 1.9041690 0.9923108 0.9826165 0.9578377 0.9455447 0.9512682 0.9447048 0.9496779 0.9423042 0.9458231 0.9447611 1.0527394 0.0000000 1.0011982 1.3080944 1.6630318 1.5948175 1.6759821 1.4845190 1.3575058 1.7717189 1.9718706 1.6357986 1.9601880 1.8225941 1.8242087 1.8234864 1.7407215 1.7759926 1.7213189 1.4874100 1.4117702 1.4489158 2.4072737 
Carettochelyidae  1.4925207 1.6604217 1.6992220 1.7371721 1.6267787 1.5969129 1.5084731 1.3919758 1.4578453 1.4495341 1.4908340 1.4448643 1.4234639 1.4110240 1.5234223 1.8202876 1.5637459 1.6480493 0.8958870 0.8612671 0.8465944 0.8692251 0.8817705 0.8464198 0.8419012 0.8412605 0.8364580 0.8432114 0.9409962 1.0011982 0.0000000 0.9358504 1.4396629 1.5228207 1.5228679 1.3149073 1.2649489 1.5370249 2.0072180 1.6364919 1.8769611 1.7790963 1.7718367 1.7136139 1.6737464 1.6501342 1.8136760 1.3720435 1.3327000 1.3693182 2.2611331 
Kinosternidae     1.9257389 2.0475192 2.0801399 2.2045803 2.0481924 2.0122658 1.8131256 1.7705776 1.8041914 1.8663808 1.8745105 1.8035932 1.7675595 1.7824762 1.9049737 2.2198995 1.9931922 2.1184872 1.1614108 1.1778451 1.1760268 1.1916146 1.1933654 1.1569207 1.1739323 1.1375514 1.1125122 1.1375313 1.2472758 1.3080944 0.9358504 0.0000000 1.8596317 1.8488326 1.8700519 1.5659847 1.6335643 1.9932366 2.2193765 1.8692712 2.0962079 1.9676022 1.9939059 1.9903542 1.8340232 1.9373673 1.9649215 1.6381269 1.6327414 1.6657574 2.5869616 
Anomalepididae    2.1606816 2.1504964 2.3295999 2.4464114 2.2582567 2.1735837 2.1521525 2.0135094 2.1397012 2.0561021 2.1236453 2.0361076 2.0981740 2.0387693 2.1352830 2.3901582 2.2027432 2.2426436 1.4326641 1.4562839 1.3921014 1.4350672 1.4467414 1.4557555 1.4948977 1.4388544 1.4204729 1.4448547 1.4939928 1.6630318 1.4396629 1.8596317 0.0000000 1.2314526 1.2061144 1.1052692 1.1088670 1.5267228 2.3761416 1.9425411 2.2675921 2.0626370 2.0521133 2.0105799 1.9238696 1.9655038 2.1124030 1.7673056 1.7710411 1.8038613 2.4336916 
Loxocemidae       2.0742100 2.2163434 2.3663039 2.4235740 2.1613515 2.2688599 2.0694089 1.9539276 2.0644694 2.0241862 2.0999649 2.0413899 2.0113576 1.9897273 2.0744111 2.4089517 2.2122866 2.1827807 1.3503146 1.3729498 1.3384072 1.4020405 1.4212278 1.3904772 1.4398346 1.3880791 1.3696868 1.3696356 1.4525099 1.5948175 1.5228207 1.8488326 1.2314526 0.0000000 0.7616153 1.0177350 1.1855526 1.5240721 2.4733515 2.1714760 2.2892347 2.2017248 2.2274486 2.1008242 1.9974213 2.1379348 2.1115241 1.7791020 1.8551817 1.8994344 2.4787230 
Natricidae        2.0819930 2.2622205 2.2857342 2.3520877 2.2358280 2.2741697 2.0987060 1.9517570 2.0678409 1.9994432 2.0284902 1.9605375 1.9969865 1.9398222 1.9778455 2.4122721 2.1651897 2.2626560 1.4646386 1.5196164 1.4652484 1.5468080 1.5449698 1.4898106 1.5475102 1.5177619 1.4879528 1.5195865 1.5929273 1.6759821 1.5228679 1.8700519 1.2061144 0.7616153 0.0000000 0.9812154 1.1887963 1.5472991 2.3767133 2.0115285 2.3400311 2.2249217 2.2205752 2.0811522 1.9811004 2.0847759 2.2551039 1.7661188 1.8013782 1.7983538 2.3869301 
Xenosauridae      1.9359440 1.9875290 1.9904675 2.0679446 2.0561015 2.0243535 1.9245816 1.7776121 1.9180027 1.8182036 1.8958411 1.8098593 1.7829984 1.7641883 1.8647310 2.1703888 2.0253336 2.0333216 1.2576405 1.3119138 1.2132162 1.3021782 1.3536248 1.2437136 1.2793711 1.2783480 1.2568286 1.2908598 1.3168553 1.4845190 1.3149073 1.5659847 1.1052692 1.0177350 0.9812154 0.0000000 0.9341558 1.4300987 2.2294064 1.8470092 2.0564224 1.9074706 1.9481735 1.8508956 1.7366454 1.8471059 1.9360010 1.5102148 1.5168485 1.5514021 2.3917804 
Teiidae           1.9071565 2.0237658 2.0784626 2.1589111 2.0231203 1.9513167 1.8615402 1.7555207 1.8098162 1.7674491 1.8438129 1.7497571 1.7870947 1.7808657 1.8173389 2.1468635 2.0054544 2.0479726 1.3188824 1.3658557 1.2608628 1.3576012 1.3525515 1.3185985 1.3499719 1.3026778 1.2781827 1.3155939 1.3686307 1.3575058 1.2649489 1.6335643 1.1088670 1.1855526 1.1887963 0.9341558 0.0000000 1.4680116 2.1657802 1.7839618 2.0369027 1.8619240 1.9216342 1.8541615 1.6488904 1.9015555 1.8364469 1.5749991 1.5252851 1.5223879 2.3951089 
Eublepharidae     2.1913092 2.2895574 2.3437152 2.4609535 2.2500264 2.2827001 2.2194427 2.0402530 2.1192989 2.0504302 2.1778680 2.0680456 2.0896415 2.0451659 2.1357908 2.5101560 2.4121965 2.4226630 1.6527783 1.6677660 1.6572457 1.7195570 1.7080908 1.6509158 1.6941199 1.7040647 1.6440582 1.7169702 1.7082886 1.7717189 1.5370249 1.9932366 1.5267228 1.5240721 1.5472991 1.4300987 1.4680116 0.0000000 2.6001950 2.2984302 2.5522041 2.3727621 2.4740426 2.3729518 2.2370731 2.2434009 2.4983138 1.8269567 1.8969501 1.9133486 2.7013315 
Dicamptodontidae  2.2975836 2.4118040 2.3840515 2.5113049 2.3792670 2.3349701 2.2328077 2.1247961 2.2086816 2.2044551 2.2220690 2.1609763 2.1579831 2.1142804 2.1768059 2.7002532 2.4755244 2.4059286 1.9288512 2.0188110 1.9696043 1.9786004 1.9948272 1.9423803 1.9742527 1.9630298 1.9526232 1.9639040 2.0207119 1.9718706 2.0072180 2.2193765 2.3761416 2.4733515 2.3767133 2.2294064 2.1657802 2.6001950 0.0000000 1.3120814 1.5779213 1.4737981 1.4436593 1.4729286 1.3075103 1.3806031 1.7134317 1.6929492 1.6093677 1.6496116 2.6709595 
Alytidae          2.0088081 2.1073941 2.1780739 2.2750020 2.2481410 2.1320820 2.0433187 1.9530234 1.9715073 2.0058460 2.0035636 1.9395771 1.9115808 1.8961760 2.0094805 2.2754765 2.1080783 2.1300275 1.6839256 1.6335695 1.6414351 1.6477532 1.7041389 1.5867789 1.6415535 1.6165767 1.6054241 1.6133127 1.7388582 1.6357986 1.6364919 1.8692712 1.9425411 2.1714760 2.0115285 1.8470092 1.7839618 2.2984302 1.3120814 0.0000000 1.0538309 1.0392937 1.0460259 1.0559574 0.9088222 0.9235093 1.3194301 1.3225653 1.2247027 1.2746199 2.0969808 
Heleophrynidae    2.2489787 2.3669287 2.3867547 2.4561490 2.4635930 2.2509261 2.2009946 2.0990108 2.1905271 2.1488369 2.1921812 2.1378992 2.0525194 2.0779740 2.2827998 2.5125335 2.3929108 2.3592614 1.9545801 1.9248752 1.8693788 1.9035270 1.9270837 1.8693669 1.8924967 1.9044290 1.8576935 1.9023293 2.0554275 1.9601880 1.8769611 2.0962079 2.2675921 2.2892347 2.3400311 2.0564224 2.0369027 2.5522041 1.5779213 1.0538309 0.0000000 0.8708853 0.8783637 0.8420897 0.7960725 0.8055334 1.5450109 1.5848125 1.4919478 1.5196814 2.5682382 
Leptodactylidae   2.0904653 2.2709547 2.1728242 2.2970494 2.3652475 2.1336372 2.1250688 2.0964761 2.1693777 2.0610021 2.1042482 2.0403185 2.0411311 2.0118162 2.1029619 2.4007618 2.3013047 2.2449079 1.7264745 1.7680795 1.7333385 1.7494660 1.8060214 1.7218628 1.7274097 1.7333393 1.7273832 1.7520365 1.8425355 1.8225941 1.7790963 1.9676022 2.0626370 2.2017248 2.2249217 1.9074706 1.8619240 2.3727621 1.4737981 1.0392937 0.8708853 0.0000000 0.3106068 0.9012938 0.7746673 0.8024166 1.4865457 1.5666669 1.4876045 1.5031022 2.3588773 
Strabomantidae    2.1619312 2.4043177 2.2717696 2.3848043 2.3986849 2.2657443 2.1925284 2.1420472 2.2033766 2.1234199 2.1788394 2.0805000 2.0934747 2.0716843 2.1519307 2.4239258 2.2962154 2.2403849 1.7241532 1.7429018 1.7252921 1.7548167 1.7804613 1.7029750 1.7522253 1.7324849 1.7249872 1.7582421 1.9103668 1.8242087 1.7718367 1.9939059 2.0521133 2.2274486 2.2205752 1.9481735 1.9216342 2.4740426 1.4436593 1.0460259 0.8783637 0.3106068 0.0000000 0.8820304 0.7479879 0.8024950 1.4676013 1.5702909 1.4614802 1.4903365 2.3159418 
Micrixalidae      2.0841812 2.2396232 2.3012739 2.3501742 2.2224290 2.0944609 2.0452695 2.0303924 2.0738033 1.9986948 2.0023279 1.9633040 2.0105972 1.9596817 2.0756338 2.3322503 2.2578721 2.2075142 1.7390205 1.7343900 1.6596430 1.7216998 1.7347118 1.6883077 1.7028460 1.7052991 1.6799499 1.7004634 1.8671577 1.8234864 1.7136139 1.9903542 2.0105799 2.1008242 2.0811522 1.8508956 1.8541615 2.3729518 1.4729286 1.0559574 0.8420897 0.9012938 0.8820304 0.0000000 0.5393843 0.5530911 1.5990629 1.5165853 1.5277443 1.5198306 2.2872875 
Hemisotidae       2.0010996 2.1376462 2.2374216 2.3092891 2.2083781 2.0352101 1.9858001 1.8843213 1.9581428 1.9246308 1.9121664 1.8789596 1.8934829 1.8414200 2.0065667 2.2725330 2.1505165 2.1063584 1.5966755 1.5791519 1.5307201 1.6063009 1.6032496 1.5623845 1.5891430 1.5603164 1.5518963 1.5832247 1.6617700 1.7407215 1.6737464 1.8340232 1.9238696 1.9974213 1.9811004 1.7366454 1.6488904 2.2370731 1.3075103 0.9088222 0.7960725 0.7746673 0.7479879 0.5393843 0.0000000 0.4116610 1.4092594 1.4175952 1.3069660 1.3314098 2.1534576 
Asterophryidae    2.0381655 2.1975267 2.2307042 2.2749583 2.2060529 2.0139496 1.9979018 1.9545364 1.9894671 1.9851394 1.9988296 1.9667446 1.9624400 1.9223656 2.0132004 2.2026496 2.1295675 2.1106897 1.6219230 1.6015996 1.5870435 1.6397208 1.6525360 1.6111527 1.6617144 1.6018558 1.6086720 1.6171989 1.7333414 1.7759926 1.6501342 1.9373673 1.9655038 2.1379348 2.0847759 1.8471059 1.9015555 2.2434009 1.3806031 0.9235093 0.8055334 0.8024166 0.8024950 0.5530911 0.4116610 0.0000000 1.4209890 1.4263098 1.3687930 1.4009908 2.2067447 
Caeciliidae2      2.2426967 2.2455583 2.4201447 2.4628782 2.4209622 2.3547832 2.1769211 2.0645042 2.0861627 2.2189601 2.2500547 2.1399055 2.1676590 2.1383560 2.2746344 2.4000858 2.2085992 2.3009900 1.8557183 1.7899214 1.7759179 1.7764006 1.7543255 1.7519237 1.8177684 1.8037564 1.7911865 1.7922495 1.9322625 1.7213189 1.8136760 1.9649215 2.1124030 2.1115241 2.2551039 1.9360010 1.8364469 2.4983138 1.7134317 1.3194301 1.5450109 1.4865457 1.4676013 1.5990629 1.4092594 1.4209890 0.0000000 1.4463643 1.5112588 1.5162603 2.3439573 
Polypteriformes   1.6921626 1.7533229 1.9048179 1.9679598 1.8743599 1.7923578 1.6784546 1.6066016 1.6640125 1.5924907 1.5797781 1.5582262 1.6267577 1.6032948 1.7205797 1.9963153 1.7512995 1.7883069 1.3541295 1.3962247 1.3611916 1.3783148 1.3874233 1.3614782 1.3870450 1.3662232 1.3639060 1.3618877 1.4904719 1.4874100 1.3720435 1.6381269 1.7673056 1.7791020 1.7661188 1.5102148 1.5749991 1.8269567 1.6929492 1.3225653 1.5848125 1.5666669 1.5702909 1.5165853 1.4175952 1.4263098 1.4463643 0.0000000 0.5947301 0.6245915 1.5450903 
Channichthyidae   1.7266192 1.7778606 1.8380393 2.0108755 1.9369668 1.7563946 1.6871184 1.5871379 1.6221617 1.5849199 1.5625210 1.5631522 1.6085881 1.5990482 1.7245856 1.9100696 1.7050099 1.7505034 1.3649069 1.3737599 1.3306588 1.3487571 1.3996184 1.3019093 1.3487502 1.3390873 1.3324004 1.3534899 1.4130940 1.4117702 1.3327000 1.6327414 1.7710411 1.8551817 1.8013782 1.5168485 1.5252851 1.8969501 1.6093677 1.2247027 1.4919478 1.4876045 1.4614802 1.5277443 1.3069660 1.3687930 1.5112588 0.5947301 0.0000000 0.0649487 1.5374830 
Pseudaphritidae   1.7289107 1.7983538 1.8804110 2.0489372 1.9620906 1.7846889 1.7081337 1.6085395 1.6614512 1.6058298 1.5914537 1.5948950 1.6437776 1.6199693 1.7320352 1.9610470 1.7305571 1.7765292 1.4083554 1.3852935 1.3771336 1.3914868 1.4317156 1.3434384 1.3797110 1.3735976 1.3698858 1.3864439 1.4548121 1.4489158 1.3693182 1.6657574 1.8038613 1.8994344 1.7983538 1.5514021 1.5223879 1.9133486 1.6496116 1.2746199 1.5196814 1.5031022 1.4903365 1.5198306 1.3314098 1.4009908 1.5162603 0.6245915 0.0649487 0.0000000 1.5596492 
Carcharhinidae    2.4299483 2.4555546 2.5054967 2.5554548 2.5476163 2.3887274 2.4182441 2.3019404 2.3497874 2.3210502 2.3630955 2.3241194 2.3028277 2.3272748 2.3705115 2.8621963 2.5360762 2.5966594 2.3045946 2.2424844 2.1678408 2.1986611 2.2428964 2.1463739 2.2486392 2.1933582 2.2126306 2.1836694 2.4176462 2.4072737 2.2611331 2.5869616 2.4336916 2.4787230 2.3869301 2.3917804 2.3951089 2.7013315 2.6709595 2.0969808 2.5682382 2.3588773 2.3159418 2.2872875 2.1534576 2.2067447 2.3439573 1.5450903 1.5374830 1.5596492 0.0000000 
