51
Pitheciidae       0.0000000 1.0099038 1.2206460 1.3473401 1.1076452 1.1430261 1.4220433 1.3969034 1.7098750 1.4713829 1.6493050 1.3155629 1.2715301 1.1858632 1.8355483 3.6008876 4.4236235 4.2064031 3.4080903 3.4858576 3.5850965 3.5507365 3.5045522 3.4712115 3.4431831 3.4972626 3.5016120 3.5883356 3.5708689 7.1903848 3.3713156 4.1679471 2.8237191 2.8847497 2.9351355 2.9151152 2.8491298 2.9536355 2.7944519 2.8661808 2.8021653 2.6316434 2.6117199 2.5692125 2.5605678 2.5897819 3.2737502 3.0180971 4.0464230 3.9013190 5.0588419 
Scandentia        1.0099038 0.0000000 0.9984918 1.1342678 0.9091005 0.9884025 1.2191147 1.2264671 1.5083402 1.2963565 1.4530414 1.1614083 1.0553040 0.9682025 1.5846976 3.3507064 4.0633278 4.0863353 3.2432789 3.3009013 3.3789045 3.3411471 3.3181058 3.3482149 3.2962025 3.2428178 3.2628150 3.3515515 3.2700008 7.0169070 3.3384889 4.1233930 2.6117867 2.7209613 2.7743691 2.7569856 2.6761701 2.7062440 2.7762028 2.7680681 2.6480423 2.4242525 2.4109827 2.4261379 2.4431616 2.4097611 3.0861129 2.8325738 3.7393206 3.6006902 4.5537215 
Erethizontidae    1.2206460 0.9984918 0.0000000 0.6298131 0.9777383 1.0749351 1.3884119 1.3954664 1.6564882 1.4831103 1.6158031 1.3493832 1.2278138 1.1489193 1.8072928 3.3670591 4.2162983 4.3285769 3.4373193 3.4828733 3.6232150 3.5788952 3.4922382 3.5079734 3.4108765 3.4758485 3.4653908 3.4386577 3.5328579 7.9713065 3.4772575 4.0197183 2.8160171 2.9321008 2.9187843 2.9613093 2.8381185 3.0745476 2.7494170 2.8564255 2.7550736 2.5178506 2.4917192 2.4890960 2.4737940 2.4638647 3.1602194 2.8148406 3.9556494 3.9538406 4.4674696 
Capromyidae       1.3473401 1.1342678 0.6298131 0.0000000 1.1005286 1.1786526 1.5165890 1.5551849 1.7386682 1.5537741 1.7298528 1.4346419 1.3691177 1.2813329 1.8962387 3.3952570 4.4700181 4.3613791 3.5666544 3.5536769 3.6091418 3.6588160 3.5999629 3.5373136 3.5094340 3.5208593 3.5368298 3.5700113 3.7675484 7.0662929 3.6692909 4.4626726 2.9876265 3.1419927 3.1144618 3.1067920 2.9989260 3.1442981 2.9894215 2.9358963 2.8327128 2.5863290 2.5907937 2.5641788 2.5440837 2.5470070 3.2038921 2.9286442 3.8571829 3.7790325 4.9287171 
Muridae           1.1076452 0.9091005 0.9777383 1.1005286 0.0000000 0.9098514 1.2602258 1.2575659 1.5548613 1.3427678 1.5087129 1.2046111 1.1362988 1.0486536 1.7069781 3.2669235 4.0244907 4.5686600 3.2230873 3.3356112 3.3707515 3.3510572 3.3426905 3.2930886 3.2778902 3.2693572 3.2654932 3.3008240 3.3103266 8.9999986 3.3902528 3.9284936 2.6854276 2.7437608 2.8896563 2.7597221 2.7286052 2.7774878 2.7546698 2.7286745 2.7235368 2.4733166 2.4512400 2.3910695 2.4044330 2.3820690 3.1011160 2.7661335 3.6672387 3.5979892 4.1360515 
Castoridae        1.1430261 0.9884025 1.0749351 1.1786526 0.9098514 0.0000000 1.3654647 1.3533686 1.6656253 1.3839072 1.6055020 1.2912917 1.2036060 1.1202602 1.7964659 3.4055627 4.1047524 4.0580887 3.3375512 3.5420547 3.5204415 3.5372122 3.5195112 3.5533316 3.5424019 3.5054969 3.5213733 3.4903370 3.4933456 8.6812527 3.4827504 4.0904734 2.6996148 2.8224109 2.9239240 2.8646013 2.7326271 2.7940083 2.6516964 2.8100970 2.7220554 2.5229803 2.4749478 2.4419166 2.4644816 2.4461741 3.1715534 2.8432357 3.9368275 3.7289972 4.5071508 
Suidae            1.4220433 1.2191147 1.3884119 1.5165890 1.2602258 1.3654647 0.0000000 1.0241986 1.2843000 1.3792744 1.5170340 1.2579378 1.1558349 1.0896357 1.9733872 3.6461641 4.6574962 4.6112648 3.4306932 3.4650785 3.5868625 3.5996823 3.6146026 3.5146364 3.4554249 3.4193953 3.4364857 3.5241854 3.5603294 7.7051605 3.5707231 4.1780100 2.9174394 3.0247834 3.1103097 2.9896882 2.8961209 3.1559307 3.0079069 2.9102071 2.9542839 2.6542693 2.6560146 2.6208685 2.6258148 2.6083343 3.4121342 3.0523649 4.1324379 3.9827622 4.7498538 
Hippopotamidae    1.3969034 1.2264671 1.3954664 1.5551849 1.2575659 1.3533686 1.0241986 0.0000000 1.0517188 1.4013385 1.5422829 1.2517003 1.1564370 1.0672892 1.9264543 3.5586469 4.2486052 4.3877126 3.6914640 3.6537290 3.7387671 3.7495923 3.7331027 3.6736629 3.6669759 3.7069587 3.6999348 3.7326874 3.6219683 8.9999987 3.4914789 4.1528484 2.9772680 3.0728514 3.0568980 3.1327120 2.8942541 3.0740950 2.9651890 3.0054512 2.9166521 2.7217914 2.7314223 2.6625993 2.7002951 2.6529725 3.3415423 3.0933548 4.0271525 3.9987032 4.5095250 
Hyperoodontidae   1.7098750 1.5083402 1.6564882 1.7386682 1.5548613 1.6656253 1.2843000 1.0517188 0.0000000 1.5949508 1.7884498 1.5009358 1.4421015 1.3766536 2.1436433 3.9882579 4.4426178 4.9084309 3.6659320 3.7111322 3.7930854 3.8032636 3.8772142 3.6533920 3.7608308 3.7541905 3.7453192 3.7400581 3.6654094 6.8210311 3.8221030 4.3392868 3.0835066 3.1212556 3.1700798 3.2762496 3.0811978 3.2993418 3.1086269 3.0703443 3.1015927 2.8466043 2.8494942 2.7737869 2.7911616 2.7773035 3.3231954 3.1525486 4.1414567 4.0280355 5.2341881 
Vespertilionidae  1.4713829 1.2963565 1.4831103 1.5537741 1.3427678 1.3839072 1.3792744 1.4013385 1.5949508 0.0000000 1.1116145 0.9415322 1.2019750 1.0934885 1.9380326 3.4642431 4.2360280 4.4625129 3.5139463 3.6275076 3.6211122 3.5797588 3.6018355 3.5390069 3.4909394 3.5616253 3.5809001 3.6182623 3.7593430 7.2698331 3.6654901 4.7165451 3.0917069 3.1273751 3.1698988 3.0834734 2.9687197 3.0690835 3.0838663 2.9966179 2.9661036 2.7859100 2.7860927 2.6846726 2.6802968 2.6753497 3.2048205 2.9894509 4.1673559 4.0633185 5.2367282 
Furipteridae      1.6493050 1.4530414 1.6158031 1.7298528 1.5087129 1.6055020 1.5170340 1.5422829 1.7884498 1.1116145 0.0000000 1.1343056 1.4042564 1.3381222 2.2051033 3.5085111 4.3159047 4.7747029 3.6529824 3.6764028 3.6913765 3.6776601 3.6728103 3.6286369 3.6486324 3.6135368 3.6405094 3.6591065 3.7787242 7.5045325 3.6888876 4.3161168 3.0604904 3.2346812 3.2400354 3.1975436 3.1597899 3.2567392 2.9874759 3.0457832 3.1694526 2.8251674 2.8228431 2.7410946 2.7439362 2.7098099 3.3180646 3.2331221 4.2334084 4.1243919 4.9539600 
Rhinolophidae     1.3155629 1.1614083 1.3493832 1.4346419 1.2046111 1.2912917 1.2579378 1.2517003 1.5009358 0.9415322 1.1343056 0.0000000 1.0781699 0.9935569 1.8462593 3.3967101 4.3315338 4.2388126 3.4027495 3.4753906 3.3935660 3.4538318 3.4766174 3.4365626 3.3531673 3.3876227 3.4167529 3.4253274 3.5683795 6.8417232 3.3297334 4.1641079 2.8585068 2.8891758 3.0575118 2.9511284 2.8032783 2.8396883 2.9291416 2.9900603 2.8526966 2.6531403 2.6646698 2.6146954 2.5754081 2.5832602 3.2383303 2.9845710 3.9802631 3.8201096 4.5971447 
Viverridae        1.2715301 1.0553040 1.2278138 1.3691177 1.1362988 1.2036060 1.1558349 1.1564370 1.4421015 1.2019750 1.4042564 1.0781699 0.0000000 0.5125712 1.7299584 3.4439887 4.1263907 4.1588088 3.3123577 3.2717502 3.3161584 3.3248854 3.3141284 3.3084613 3.2613544 3.2889855 3.2925713 3.3567307 3.2822569 7.1388807 3.4355453 3.8302844 2.8334961 2.8022913 2.9550411 2.8828180 2.8022686 2.9266861 2.7930235 2.7689711 2.7369822 2.5423448 2.5437976 2.4648131 2.4782355 2.4372369 3.0821634 2.8571741 3.8425820 3.8074762 4.8290459 
Procyonidae       1.1858632 0.9682025 1.1489193 1.2813329 1.0486536 1.1202602 1.0896357 1.0672892 1.3766536 1.0934885 1.3381222 0.9935569 0.5125712 0.0000000 1.6694594 3.3766532 3.9730273 4.2443405 3.2701954 3.2422939 3.3397434 3.4072754 3.3346092 3.3312283 3.2863304 3.3110414 3.3273357 3.3592852 3.2973105 6.8609481 3.3792742 3.9886171 2.7181721 2.7065267 2.8812960 2.6980345 2.6680234 2.7890472 2.7448687 2.6938811 2.6624928 2.4589686 2.4458418 2.4406423 2.4404388 2.3946588 3.0746654 2.8227660 3.9535438 3.9633765 4.4718435 
Myrmecophagidae   1.8355483 1.5846976 1.8072928 1.8962387 1.7069781 1.7964659 1.9733872 1.9264543 2.1436433 1.9380326 2.2051033 1.8462593 1.7299584 1.6694594 0.0000000 3.7504076 4.7442488 4.8694624 3.7479282 3.7456996 3.7188104 3.7690792 3.6231460 3.6757420 3.7658232 3.6629742 3.6618547 3.7737390 3.8944370 8.4466138 3.8574838 4.1865212 3.1252110 3.2974527 3.3084048 3.3311287 3.3374863 3.4930945 3.2933169 3.3217281 3.3085370 3.0967478 3.0904446 3.0846378 3.0581035 3.0729463 3.7355189 3.1167819 4.2986546 4.4737588 4.4958627 
Caluromyidae      3.6008876 3.3507064 3.3670591 3.3952570 3.2669235 3.4055627 3.6461641 3.5586469 3.9882579 3.4642431 3.5085111 3.3967101 3.4439887 3.3766532 3.7504076 0.0000000 3.2455714 3.1449106 4.8734188 5.0832276 4.8234726 5.1337506 4.9138148 4.9322169 5.0036971 4.9740472 5.0606130 5.3301183 4.6387582 8.0519921 5.0257837 5.4098945 4.2790462 4.2781515 4.0832483 4.0835918 4.1205516 4.3671103 4.2037125 4.1915572 4.0705452 3.8255621 3.7895441 3.9416791 3.9115071 3.8029263 4.5057313 4.0824532 4.9651576 5.0905738 5.1199442 
Thylacomyidae     4.4236235 4.0633278 4.2162983 4.4700181 4.0244907 4.1047524 4.6574962 4.2486052 4.4426178 4.2360280 4.3159047 4.3315338 4.1263907 3.9730273 4.7442488 3.2455714 0.0000000 3.5249595 5.4258700 5.5809673 5.3225410 5.5504478 5.1285150 5.3816455 5.5113219 5.2950549 5.2798092 5.2943919 5.4746115 8.9999986 5.9587831 6.6249017 4.6930873 4.7468652 4.9763472 4.5680239 4.7241326 4.9164217 4.7986549 5.2646995 4.9477879 4.7068333 4.7419078 4.7238564 4.7359795 4.6183900 4.9801124 4.7066741 5.7912957 5.6089961 8.9999986 
Phalangeridae     4.2064031 4.0863353 4.3285769 4.3613791 4.5686600 4.0580887 4.6112648 4.3877126 4.9084309 4.4625129 4.7747029 4.2388126 4.1588088 4.2443405 4.8694624 3.1449106 3.5249595 0.0000000 6.5130341 7.2975404 6.1409823 7.1635249 7.6006880 6.3649157 6.8396139 6.7973159 6.7169100 6.5317563 6.4624219 8.9999984 5.7489700 6.2288553 5.2798714 5.2216122 5.2311496 4.8624385 5.1577288 5.6377936 5.1444225 5.3638132 5.2475491 5.0315514 4.8283084 4.8233815 5.0969747 5.0372713 5.1111373 4.8667463 5.8352282 5.2968279 6.5336386 
Tityridae         3.4080903 3.2432789 3.4373193 3.5666544 3.2230873 3.3375512 3.4306932 3.6914640 3.6659320 3.5139463 3.6529824 3.4027495 3.3123577 3.2701954 3.7479282 4.8734188 5.4258700 6.5130341 0.0000000 0.4939700 0.5104991 0.4920794 0.5012249 0.5204732 0.4846838 0.4658012 0.4698844 0.4720821 0.8104233 5.3638613 2.5868676 3.0658335 2.2537776 2.2776564 2.4158899 2.3941937 2.2944702 2.3302814 2.6381178 2.7299853 2.6565426 2.4001127 2.3633668 2.3639828 2.3302637 2.3280227 3.0476395 2.7951673 3.7081907 3.6947288 4.9012028 
Ptilonorhynchidae 3.4858576 3.3009013 3.4828733 3.5536769 3.3356112 3.5420547 3.4650785 3.6537290 3.7111322 3.6275076 3.6764028 3.4753906 3.2717502 3.2422939 3.7456996 5.0832276 5.5809673 7.2975404 0.4939700 0.0000000 0.4279453 0.4118676 0.4013691 0.4451185 0.4006812 0.3832251 0.3809704 0.3870166 0.8227768 4.9724445 2.6174316 3.0739189 2.2983758 2.3201392 2.4807507 2.4571257 2.3430284 2.3888538 2.6833101 2.8258152 2.7219912 2.4011575 2.3907975 2.4333997 2.3808458 2.3867277 3.0351788 2.8492049 3.6367305 3.5295466 5.0411544 
Callaeatidae      3.5850965 3.3789045 3.6232150 3.6091418 3.3707515 3.5204415 3.5868625 3.7387671 3.7930854 3.6211122 3.6913765 3.3935660 3.3161584 3.3397434 3.7188104 4.8234726 5.3225410 6.1409823 0.5104991 0.4279453 0.0000000 0.3341141 0.3186649 0.3665962 0.3187402 0.2981256 0.3012399 0.3090230 0.8394817 5.6299795 2.6444274 3.0863334 2.3017356 2.3550612 2.3923940 2.4154524 2.3041272 2.3724746 2.7257730 2.8118770 2.7026024 2.4443723 2.4158187 2.4056416 2.4006076 2.3719627 3.0143688 2.8087978 3.6157128 3.5778097 4.5896673 
Monarchidae       3.5507365 3.3411471 3.5788952 3.6588160 3.3510572 3.5372122 3.5996823 3.7495923 3.8032636 3.5797588 3.6776601 3.4538318 3.3248854 3.4072754 3.7690792 5.1337506 5.5504478 7.1635249 0.4920794 0.4118676 0.3341141 0.0000000 0.2266835 0.3602839 0.3108680 0.2955305 0.2920092 0.2913272 0.8250471 5.1902133 2.5851465 3.0940115 2.3158776 2.3368328 2.4052157 2.4464381 2.3505655 2.4122801 2.7575800 2.8656187 2.7688984 2.4627764 2.4234348 2.4464755 2.4291233 2.4183369 3.0213899 2.7569846 3.6188350 3.5520018 4.4982466 
Malaconotidae     3.5045522 3.3181058 3.4922382 3.5999629 3.3426905 3.5195112 3.6146026 3.7331027 3.8772142 3.6018355 3.6728103 3.4766174 3.3141284 3.3346092 3.6231460 4.9138148 5.1285150 7.6006880 0.5012249 0.4013691 0.3186649 0.2266835 0.0000000 0.3528945 0.2992078 0.2875889 0.2816845 0.2916710 0.8123657 5.2462020 2.5830611 3.0448543 2.2849623 2.3327800 2.4183681 2.4431554 2.3371828 2.3971265 2.7138688 2.8339003 2.7289508 2.4188688 2.3780996 2.4143979 2.3570098 2.3479716 3.0342853 2.8184612 3.5599670 3.4725915 4.7041588 
Certhiidae        3.4712115 3.3482149 3.5079734 3.5373136 3.2930886 3.5533316 3.5146364 3.6736629 3.6533920 3.5390069 3.6286369 3.4365626 3.3084613 3.3312283 3.6757420 4.9322169 5.3816455 6.3649157 0.5204732 0.4451185 0.3665962 0.3602839 0.3528945 0.0000000 0.2800564 0.2652488 0.2706584 0.2808842 0.8638752 5.4274120 2.5591048 3.0980572 2.3030839 2.3372634 2.4309348 2.4758705 2.3207006 2.3960867 2.7590759 2.8269487 2.7258689 2.4119699 2.3818002 2.3980682 2.3560683 2.3481242 3.0035730 2.8178078 3.6920415 3.5011247 4.6274317 
Cinclidae         3.4431831 3.2962025 3.4108765 3.5094340 3.2778902 3.5424019 3.4554249 3.6669759 3.7608308 3.4909394 3.6486324 3.3531673 3.2613544 3.2863304 3.7658232 5.0036971 5.5113219 6.8396139 0.4846838 0.4006812 0.3187402 0.3108680 0.2992078 0.2800564 0.0000000 0.2196415 0.2209706 0.2381520 0.8153341 5.1420446 2.5353961 3.0305566 2.2771785 2.2804920 2.3492647 2.4367104 2.2568718 2.3301568 2.7238286 2.7779730 2.6514512 2.3687277 2.3511670 2.3732812 2.3232585 2.3337871 2.9657436 2.7808585 3.5845119 3.4433457 4.6178685 
Ploceidae         3.4972626 3.2428178 3.4758485 3.5208593 3.2693572 3.5054969 3.4193953 3.7069587 3.7541905 3.5616253 3.6135368 3.3876227 3.2889855 3.3110414 3.6629742 4.9740472 5.2950549 6.7973159 0.4658012 0.3832251 0.2981256 0.2955305 0.2875889 0.2652488 0.2196415 0.0000000 0.1205804 0.2172634 0.7829933 5.2879022 2.4984992 3.0617700 2.2590192 2.2807246 2.3608487 2.4095445 2.2689859 2.3208366 2.6818764 2.7566864 2.6649817 2.3674864 2.3334759 2.3673166 2.3219386 2.3012777 2.9090434 2.7663857 3.6570093 3.5751390 4.8679592 
Thraupidae        3.5016120 3.2628150 3.4653908 3.5368298 3.2654932 3.5213733 3.4364857 3.6999348 3.7453192 3.5809001 3.6405094 3.4167529 3.2925713 3.3273357 3.6618547 5.0606130 5.2798092 6.7169100 0.4698844 0.3809704 0.3012399 0.2920092 0.2816845 0.2706584 0.2209706 0.1205804 0.0000000 0.2190925 0.7864605 5.3047598 2.4913696 3.0449510 2.2763647 2.3200863 2.4002025 2.4470223 2.2947755 2.3250742 2.6964260 2.8182917 2.6927429 2.3923917 2.3638439 2.3761462 2.3443106 2.3265772 2.9274500 2.7405995 3.5990675 3.4916344 4.6598540 
Alaudidae         3.5883356 3.3515515 3.4386577 3.5700113 3.3008240 3.4903370 3.5241854 3.7326874 3.7400581 3.6182623 3.6591065 3.4253274 3.3567307 3.3592852 3.7737390 5.3301183 5.2943919 6.5317563 0.4720821 0.3870166 0.3090230 0.2913272 0.2916710 0.2808842 0.2381520 0.2172634 0.2190925 0.0000000 0.7913767 5.1260649 2.5229752 3.0920762 2.2746020 2.2988948 2.3834157 2.4183640 2.2715712 2.3442774 2.7096232 2.7832004 2.7373188 2.4307192 2.4030562 2.4140703 2.3755290 2.3745489 2.9146377 2.7802753 3.5255014 3.4542193 4.7324875 
Coraciiformes     3.5708689 3.2700008 3.5328579 3.7675484 3.3103266 3.4933456 3.5603294 3.6219683 3.6654094 3.7593430 3.7787242 3.5683795 3.2822569 3.2973105 3.8944370 4.6387582 5.4746115 6.4624219 0.8104233 0.8227768 0.8394817 0.8250471 0.8123657 0.8638752 0.8153341 0.7829933 0.7864605 0.7913767 0.0000000 5.3888267 2.6327583 3.0691568 2.3690739 2.3681107 2.4727247 2.4826671 2.4359577 2.4711847 2.7205688 2.7529100 2.6929506 2.3780711 2.3799602 2.4232711 2.4019115 2.4022977 3.0650641 2.7312069 3.6966551 3.6188182 4.9362204 
Crocodylidae      7.1903848 7.0169070 7.9713065 7.0662929 8.9999986 8.6812527 7.7051605 8.9999987 6.8210311 7.2698331 7.5045325 6.8417232 7.1388807 6.8609481 8.4466138 8.0519921 8.9999986 8.9999984 5.3638613 4.9724445 5.6299795 5.1902133 5.2462020 5.4274120 5.1420446 5.2879022 5.3047598 5.1260649 5.3888267 0.0000000 5.6308156 5.2429553 5.2741136 5.4185657 6.4154152 5.5596905 5.3844606 5.4735729 6.7988135 6.7785360 5.6405920 5.7686944 5.6409001 5.8495363 6.1840869 5.8028507 6.3657151 6.5156510 8.9999985 7.3009330 8.9999986 
Carettochelyidae  3.3713156 3.3384889 3.4772575 3.6692909 3.3902528 3.4827504 3.5707231 3.4914789 3.8221030 3.6654901 3.6888876 3.3297334 3.4355453 3.3792742 3.8574838 5.0257837 5.9587831 5.7489700 2.5868676 2.6174316 2.6444274 2.5851465 2.5830611 2.5591048 2.5353961 2.4984992 2.4913696 2.5229752 2.6327583 5.6308156 0.0000000 2.4420966 2.4723970 2.5380835 2.6399278 2.5279808 2.5115521 2.7048632 2.9169316 2.9347418 2.7162968 2.4591447 2.4537613 2.5298954 2.4719378 2.4583056 3.0762310 3.0843810 4.1031939 3.9759702 5.4284861 
Kinosternidae     4.1679471 4.1233930 4.0197183 4.4626726 3.9284936 4.0904734 4.1780100 4.1528484 4.3392868 4.7165451 4.3161168 4.1641079 3.8302844 3.9886171 4.1865212 5.4098945 6.6249017 6.2288553 3.0658335 3.0739189 3.0863334 3.0940115 3.0448543 3.0980572 3.0305566 3.0617700 3.0449510 3.0920762 3.0691568 5.2429553 2.4420966 0.0000000 3.1325789 3.1578785 3.1588503 3.2686430 3.0421306 3.2572728 3.5625974 3.6942427 3.3779654 3.1970707 3.2145153 3.2044691 3.1815436 3.1589479 3.7731457 3.6643102 4.6150202 4.2699862 5.7901696 
Anomalepididae    2.8237191 2.6117867 2.8160171 2.9876265 2.6854276 2.6996148 2.9174394 2.9772680 3.0835066 3.0917069 3.0604904 2.8585068 2.8334961 2.7181721 3.1252110 4.2790462 4.6930873 5.2798714 2.2537776 2.2983758 2.3017356 2.3158776 2.2849623 2.3030839 2.2771785 2.2590192 2.2763647 2.2746020 2.3690739 5.2741136 2.4723970 3.1325789 0.0000000 0.7902222 0.8918034 0.9297137 0.9211411 1.1619053 2.0935884 2.1579019 2.0181615 1.8053800 1.7855453 1.7814182 1.7595137 1.7662788 2.3317869 2.1957951 3.0966291 3.0411177 4.1927819 
Loxocemidae       2.8847497 2.7209613 2.9321008 3.1419927 2.7437608 2.8224109 3.0247834 3.0728514 3.1212556 3.1273751 3.2346812 2.8891758 2.8022913 2.7065267 3.2974527 4.2781515 4.7468652 5.2216122 2.2776564 2.3201392 2.3550612 2.3368328 2.3327800 2.3372634 2.2804920 2.2807246 2.3200863 2.2988948 2.3681107 5.4185657 2.5380835 3.1578785 0.7902222 0.0000000 0.6343562 1.0038019 1.0224599 1.2402245 2.1883399 2.2128376 2.1141018 1.8307517 1.8351376 1.8514215 1.8021449 1.8100792 2.4697193 2.1984308 3.0774842 3.0376855 4.1107794 
Natricidae        2.9351355 2.7743691 2.9187843 3.1144618 2.8896563 2.9239240 3.1103097 3.0568980 3.1700798 3.1698988 3.2400354 3.0575118 2.9550411 2.8812960 3.3084048 4.0832483 4.9763472 5.2311496 2.4158899 2.4807507 2.3923940 2.4052157 2.4183681 2.4309348 2.3492647 2.3608487 2.4002025 2.3834157 2.4727247 6.4154152 2.6399278 3.1588503 0.8918034 0.6343562 0.0000000 1.1175876 1.1143464 1.3282612 2.2503264 2.3934364 2.2077712 1.9473197 1.9390955 1.9644706 1.9425753 1.9365743 2.5257503 2.3272993 3.1985071 3.1632564 3.9244449 
Xenosauridae      2.9151152 2.7569856 2.9613093 3.1067920 2.7597221 2.8646013 2.9896882 3.1327120 3.2762496 3.0834734 3.1975436 2.9511284 2.8828180 2.6980345 3.3311287 4.0835918 4.5680239 4.8624385 2.3941937 2.4571257 2.4154524 2.4464381 2.4431554 2.4758705 2.4367104 2.4095445 2.4470223 2.4183640 2.4826671 5.5596905 2.5279808 3.2686430 0.9297137 1.0038019 1.1175876 0.0000000 1.0549926 1.2957952 2.2541270 2.3093160 2.0902715 1.9061254 1.8998336 1.8825753 1.8487646 1.8465831 2.5304777 2.3535293 3.1752399 3.1058514 4.1617793 
Teiidae           2.8491298 2.6761701 2.8381185 2.9989260 2.7286052 2.7326271 2.8961209 2.8942541 3.0811978 2.9687197 3.1597899 2.8032783 2.8022686 2.6680234 3.3374863 4.1205516 4.7241326 5.1577288 2.2944702 2.3430284 2.3041272 2.3505655 2.3371828 2.3207006 2.2568718 2.2689859 2.2947755 2.2715712 2.4359577 5.3844606 2.5115521 3.0421306 0.9211411 1.0224599 1.1143464 1.0549926 0.0000000 1.1890376 2.1255598 2.2037324 2.0702376 1.8539861 1.8439020 1.8488950 1.8089766 1.8067168 2.3802721 2.2790345 3.0716743 3.1084980 4.1466876 
Eublepharidae     2.9536355 2.7062440 3.0745476 3.1442981 2.7774878 2.7940083 3.1559307 3.0740950 3.2993418 3.0690835 3.2567392 2.8396883 2.9266861 2.7890472 3.4930945 4.3671103 4.9164217 5.6377936 2.3302814 2.3888538 2.3724746 2.4122801 2.3971265 2.3960867 2.3301568 2.3208366 2.3250742 2.3442774 2.4711847 5.4735729 2.7048632 3.2572728 1.1619053 1.2402245 1.3282612 1.2957952 1.1890376 0.0000000 2.2830275 2.4257515 2.2691955 2.0194040 2.0081622 2.0002564 1.9896450 1.9783390 2.5816885 2.4146397 3.2277430 3.1845048 4.3733116 
Dicamptodontidae  2.7944519 2.7762028 2.7494170 2.9894215 2.7546698 2.6516964 3.0079069 2.9651890 3.1086269 3.0838663 2.9874759 2.9291416 2.7930235 2.7448687 3.2933169 4.2037125 4.7986549 5.1444225 2.6381178 2.6833101 2.7257730 2.7575800 2.7138688 2.7590759 2.7238286 2.6818764 2.6964260 2.7096232 2.7205688 6.7988135 2.9169316 3.5625974 2.0935884 2.1883399 2.2503264 2.2541270 2.1255598 2.2830275 0.0000000 1.3438676 1.2421616 1.0400248 1.0198842 1.0270852 1.0225564 1.0100789 1.7313150 1.8789002 2.7354863 2.7592764 4.0225168 
Alytidae          2.8661808 2.7680681 2.8564255 2.9358963 2.7286745 2.8100970 2.9102071 3.0054512 3.0703443 2.9966179 3.0457832 2.9900603 2.7689711 2.6938811 3.3217281 4.1915572 5.2646995 5.3638132 2.7299853 2.8258152 2.8118770 2.8656187 2.8339003 2.8269487 2.7779730 2.7566864 2.8182917 2.7832004 2.7529100 6.7785360 2.9347418 3.6942427 2.1579019 2.2128376 2.3934364 2.3093160 2.2037324 2.4257515 1.3438676 0.0000000 1.0875236 0.8990558 0.8817334 0.8740608 0.8638780 0.8596779 1.7783764 1.8522913 2.8211179 2.7844583 3.8343611 
Heleophrynidae    2.8021653 2.6480423 2.7550736 2.8327128 2.7235368 2.7220554 2.9542839 2.9166521 3.1015927 2.9661036 3.1694526 2.8526966 2.7369822 2.6624928 3.3085370 4.0705452 4.9477879 5.2475491 2.6565426 2.7219912 2.7026024 2.7688984 2.7289508 2.7258689 2.6514512 2.6649817 2.6927429 2.7373188 2.6929506 5.6405920 2.7162968 3.3779654 2.0181615 2.1141018 2.2077712 2.0902715 2.0702376 2.2691955 1.2421616 1.0875236 0.0000000 0.4930821 0.4814016 0.4824911 0.4725548 0.4567476 1.6864042 1.8410591 2.6663452 2.6785569 3.6418832 
Leptodactylidae   2.6316434 2.4242525 2.5178506 2.5863290 2.4733166 2.5229803 2.6542693 2.7217914 2.8466043 2.7859100 2.8251674 2.6531403 2.5423448 2.4589686 3.0967478 3.8255621 4.7068333 5.0315514 2.4001127 2.4011575 2.4443723 2.4627764 2.4188688 2.4119699 2.3687277 2.3674864 2.3923917 2.4307192 2.3780711 5.7686944 2.4591447 3.1970707 1.8053800 1.8307517 1.9473197 1.9061254 1.8539861 2.0194040 1.0400248 0.8990558 0.4930821 0.0000000 0.0676402 0.2573775 0.2446370 0.2310738 1.4861410 1.5967878 2.4675045 2.4132281 3.5710248 
Strabomantidae    2.6117199 2.4109827 2.4917192 2.5907937 2.4512400 2.4749478 2.6560146 2.7314223 2.8494942 2.7860927 2.8228431 2.6646698 2.5437976 2.4458418 3.0904446 3.7895441 4.7419078 4.8283084 2.3633668 2.3907975 2.4158187 2.4234348 2.3780996 2.3818002 2.3511670 2.3334759 2.3638439 2.4030562 2.3799602 5.6409001 2.4537613 3.2145153 1.7855453 1.8351376 1.9390955 1.8998336 1.8439020 2.0081622 1.0198842 0.8817334 0.4814016 0.0676402 0.0000000 0.2518013 0.2379791 0.2238503 1.4728879 1.5840153 2.4487116 2.4005181 3.5373140 
Micrixalidae      2.5692125 2.4261379 2.4890960 2.5641788 2.3910695 2.4419166 2.6208685 2.6625993 2.7737869 2.6846726 2.7410946 2.6146954 2.4648131 2.4406423 3.0846378 3.9416791 4.7238564 4.8233815 2.3639828 2.4333997 2.4056416 2.4464755 2.4143979 2.3980682 2.3732812 2.3673166 2.3761462 2.4140703 2.4232711 5.8495363 2.5298954 3.2044691 1.7814182 1.8514215 1.9644706 1.8825753 1.8488950 2.0002564 1.0270852 0.8740608 0.4824911 0.2573775 0.2518013 0.0000000 0.1551539 0.1380934 1.4715078 1.5724253 2.4010869 2.4076883 3.6685664 
Hemisotidae       2.5605678 2.4431616 2.4737940 2.5440837 2.4044330 2.4644816 2.6258148 2.7002951 2.7911616 2.6802968 2.7439362 2.5754081 2.4782355 2.4404388 3.0581035 3.9115071 4.7359795 5.0969747 2.3302637 2.3808458 2.4006076 2.4291233 2.3570098 2.3560683 2.3232585 2.3219386 2.3443106 2.3755290 2.4019115 6.1840869 2.4719378 3.1815436 1.7595137 1.8021449 1.9425753 1.8487646 1.8089766 1.9896450 1.0225564 0.8638780 0.4725548 0.2446370 0.2379791 0.1551539 0.0000000 0.1216532 1.4437868 1.5573049 2.4096166 2.3922411 3.6335845 
Asterophryidae    2.5897819 2.4097611 2.4638647 2.5470070 2.3820690 2.4461741 2.6083343 2.6529725 2.7773035 2.6753497 2.7098099 2.5832602 2.4372369 2.3946588 3.0729463 3.8029263 4.6183900 5.0372713 2.3280227 2.3867277 2.3719627 2.4183369 2.3479716 2.3481242 2.3337871 2.3012777 2.3265772 2.3745489 2.4022977 5.8028507 2.4583056 3.1589479 1.7662788 1.8100792 1.9365743 1.8465831 1.8067168 1.9783390 1.0100789 0.8596779 0.4567476 0.2310738 0.2238503 0.1380934 0.1216532 0.0000000 1.4293163 1.5456672 2.4019663 2.4045877 3.5639640 
Caeciliidae2      3.2737502 3.0861129 3.1602194 3.2038921 3.1011160 3.1715534 3.4121342 3.3415423 3.3231954 3.2048205 3.3180646 3.2383303 3.0821634 3.0746654 3.7355189 4.5057313 4.9801124 5.1111373 3.0476395 3.0351788 3.0143688 3.0213899 3.0342853 3.0035730 2.9657436 2.9090434 2.9274500 2.9146377 3.0650641 6.3657151 3.0762310 3.7731457 2.3317869 2.4697193 2.5257503 2.5304777 2.3802721 2.5816885 1.7313150 1.7783764 1.6864042 1.4861410 1.4728879 1.4715078 1.4437868 1.4293163 0.0000000 2.1633452 3.1655018 3.1512269 4.3095665 
Polypteriformes   3.0180971 2.8325738 2.8148406 2.9286442 2.7661335 2.8432357 3.0523649 3.0933548 3.1525486 2.9894509 3.2331221 2.9845710 2.8571741 2.8227660 3.1167819 4.0824532 4.7066741 4.8667463 2.7951673 2.8492049 2.8087978 2.7569846 2.8184612 2.8178078 2.7808585 2.7663857 2.7405995 2.7802753 2.7312069 6.5156510 3.0843810 3.6643102 2.1957951 2.1984308 2.3272993 2.3535293 2.2790345 2.4146397 1.8789002 1.8522913 1.8410591 1.5967878 1.5840153 1.5724253 1.5573049 1.5456672 2.1633452 0.0000000 1.9462650 1.9289569 3.3394009 
Channichthyidae   4.0464230 3.7393206 3.9556494 3.8571829 3.6672387 3.9368275 4.1324379 4.0271525 4.1414567 4.1673559 4.2334084 3.9802631 3.8425820 3.9535438 4.2986546 4.9651576 5.7912957 5.8352282 3.7081907 3.6367305 3.6157128 3.6188350 3.5599670 3.6920415 3.5845119 3.6570093 3.5990675 3.5255014 3.6966551 8.9999985 4.1031939 4.6150202 3.0966291 3.0774842 3.1985071 3.1752399 3.0716743 3.2277430 2.7354863 2.8211179 2.6663452 2.4675045 2.4487116 2.4010869 2.4096166 2.4019663 3.1655018 1.9462650 0.0000000 0.4516669 4.1326306 
Pseudaphritidae   3.9013190 3.6006902 3.9538406 3.7790325 3.5979892 3.7289972 3.9827622 3.9987032 4.0280355 4.0633185 4.1243919 3.8201096 3.8074762 3.9633765 4.4737588 5.0905738 5.6089961 5.2968279 3.6947288 3.5295466 3.5778097 3.5520018 3.4725915 3.5011247 3.4433457 3.5751390 3.4916344 3.4542193 3.6188182 7.3009330 3.9759702 4.2699862 3.0411177 3.0376855 3.1632564 3.1058514 3.1084980 3.1845048 2.7592764 2.7844583 2.6785569 2.4132281 2.4005181 2.4076883 2.3922411 2.4045877 3.1512269 1.9289569 0.4516669 0.0000000 4.1972426 
Carcharhinidae    5.0588419 4.5537215 4.4674696 4.9287171 4.1360515 4.5071508 4.7498538 4.5095250 5.2341881 5.2367282 4.9539600 4.5971447 4.8290459 4.4718435 4.4958627 5.1199442 8.9999986 6.5336386 4.9012028 5.0411544 4.5896673 4.4982466 4.7041588 4.6274317 4.6178685 4.8679592 4.6598540 4.7324875 4.9362204 8.9999986 5.4284861 5.7901696 4.1927819 4.1107794 3.9244449 4.1617793 4.1466876 4.3733116 4.0225168 3.8343611 3.6418832 3.5710248 3.5373140 3.6685664 3.6335845 3.5639640 4.3095665 3.3394009 4.1326306 4.1972426 0.0000000 
