51
Pitheciidae       0.0000000 0.0533820 0.0699901 0.0851115 0.0437206 0.0699355 0.0584956 0.0683964 0.0559727 0.0635669 0.0621521 0.0609353 0.0709623 0.0621264 0.0521641 0.0994388 0.1035266 0.1060608 0.4047552 0.4042561 0.4410652 0.4451724 0.4430141 0.4189785 0.4136586 0.4170268 0.4059187 0.4183694 0.3952019 0.3902345 0.2637879 0.2702572 0.4520798 0.4325739 0.3763286 0.3748400 0.3654746 0.4151613 0.3381308 0.3121480 0.2759338 0.2494551 0.2390064 0.2419693 0.2558656 0.2460802 0.3817323 0.6243812 0.4712127 0.4754836 0.7990487 
Scandentia        0.0533820 0.0000000 0.0737433 0.0863505 0.0461255 0.0711610 0.0621877 0.0733722 0.0596514 0.0660240 0.0671114 0.0671302 0.0772318 0.0658279 0.0558193 0.1087757 0.1184929 0.1154871 0.4091630 0.4221150 0.4577222 0.4538833 0.4522896 0.4214187 0.4199557 0.4273700 0.4240765 0.4287111 0.4034169 0.3974057 0.2707796 0.2855441 0.4663198 0.4568534 0.3939581 0.3913435 0.3800686 0.4218861 0.3504492 0.3257817 0.2822155 0.2587132 0.2481414 0.2527545 0.2635984 0.2537394 0.3887519 0.6579299 0.4865228 0.4918318 0.8094433 
Erethizontidae    0.0699901 0.0737433 0.0000000 0.0448165 0.0612014 0.0830437 0.0789403 0.0878197 0.0763226 0.0816327 0.0801081 0.0814407 0.0878941 0.0813603 0.0711041 0.1228181 0.1327666 0.1255987 0.4465327 0.4478566 0.4738055 0.4826044 0.4738413 0.4477564 0.4536387 0.4512496 0.4478954 0.4494001 0.4363233 0.4073840 0.2825819 0.2842464 0.4904604 0.4841494 0.4155694 0.4186977 0.4058950 0.4607762 0.3632322 0.3411047 0.2968940 0.2746079 0.2654131 0.2668665 0.2813034 0.2679180 0.4008120 0.6627873 0.4898051 0.4946049 0.8357960 
Capromyidae       0.0851115 0.0863505 0.0448165 0.0000000 0.0761718 0.1010697 0.0916384 0.1006266 0.0864015 0.0996022 0.0953978 0.0941653 0.0994224 0.0979786 0.0862127 0.1291055 0.1391565 0.1374046 0.4441451 0.4452867 0.4712559 0.4787449 0.4679322 0.4467947 0.4351599 0.4407092 0.4333589 0.4482256 0.4300597 0.4222631 0.2829590 0.2896023 0.4899577 0.4781619 0.4250525 0.4193369 0.4077074 0.4624304 0.3792608 0.3430698 0.3185244 0.2906336 0.2812415 0.2794048 0.2974352 0.2805246 0.4195911 0.6532868 0.4948377 0.5062358 0.8478700 
Muridae           0.0437206 0.0461255 0.0612014 0.0761718 0.0000000 0.0611543 0.0498527 0.0633806 0.0498196 0.0573393 0.0559520 0.0535040 0.0646876 0.0559290 0.0436273 0.0944044 0.1052139 0.1022909 0.4014053 0.3991337 0.4376907 0.4417359 0.4376890 0.4059302 0.4026073 0.4097461 0.4064777 0.4110920 0.3919048 0.3839825 0.2545520 0.2657790 0.4644812 0.4427537 0.3818807 0.3784951 0.3766528 0.4102601 0.3325446 0.3147065 0.2708211 0.2493291 0.2388880 0.2402367 0.2540892 0.2411623 0.3720788 0.6431704 0.4664997 0.4665529 0.7861274 
Castoridae        0.0699355 0.0711610 0.0830437 0.1010697 0.0611543 0.0000000 0.0788780 0.0888827 0.0748659 0.0828596 0.0800672 0.0801102 0.0917099 0.0825854 0.0722974 0.1146535 0.1231331 0.1214504 0.4296868 0.4290831 0.4570377 0.4653303 0.4595331 0.4384213 0.4329743 0.4404438 0.4330649 0.4417904 0.4167036 0.4139702 0.2872288 0.2991194 0.4914157 0.4686234 0.4077608 0.4174121 0.4019971 0.4472933 0.3696590 0.3470716 0.3025486 0.2695158 0.2625799 0.2585278 0.2760815 0.2693046 0.3964989 0.6717142 0.4836219 0.4862997 0.8440396 
Suidae            0.0584956 0.0621877 0.0789403 0.0916384 0.0498527 0.0788780 0.0000000 0.0386464 0.0255609 0.0522909 0.0533766 0.0521720 0.0596013 0.0495906 0.0496710 0.1034682 0.1104420 0.1074882 0.4080116 0.4115514 0.4405596 0.4386993 0.4365553 0.4146398 0.4132361 0.4166117 0.4133253 0.4218949 0.4004031 0.3865452 0.2607928 0.2787324 0.4553617 0.4421242 0.3880579 0.3874744 0.3742312 0.4243162 0.3492393 0.3258780 0.2837956 0.2554610 0.2417755 0.2510891 0.2651419 0.2552686 0.3819450 0.6315037 0.4657052 0.4740747 0.8197943 
Hippopotamidae    0.0683964 0.0733722 0.0878197 0.1006266 0.0633806 0.0888827 0.0386464 0.0000000 0.0266686 0.0608659 0.0644179 0.0632028 0.0694741 0.0605592 0.0643803 0.1125820 0.1237075 0.1193165 0.4330109 0.4363348 0.4660324 0.4685454 0.4621155 0.4337008 0.4321425 0.4357252 0.4324168 0.4349376 0.4133303 0.4062990 0.2653188 0.2833492 0.4757655 0.4624203 0.4017721 0.4059728 0.3944920 0.4420602 0.3550672 0.3288707 0.2882934 0.2615190 0.2509215 0.2554557 0.2695720 0.2564453 0.3842653 0.6364816 0.4750099 0.4835477 0.8129764 
Hyperoodontidae   0.0559727 0.0596514 0.0763226 0.0864015 0.0498196 0.0748659 0.0255609 0.0266686 0.0000000 0.0497944 0.0508823 0.0472454 0.0583054 0.0471169 0.0508531 0.0981413 0.1103347 0.1047524 0.4074577 0.4148338 0.4459773 0.4461229 0.4439304 0.4140254 0.4184053 0.4218328 0.4146153 0.4192224 0.4016885 0.3909032 0.2621566 0.2718883 0.4619475 0.4559158 0.3973085 0.3946557 0.3850962 0.4301606 0.3434430 0.3159526 0.2762085 0.2497483 0.2393484 0.2439167 0.2577816 0.2480233 0.3740122 0.6216839 0.4708762 0.4773508 0.8075813 
Vespertilionidae  0.0635669 0.0660240 0.0816327 0.0996022 0.0573393 0.0828596 0.0522909 0.0608659 0.0497944 0.0000000 0.0363740 0.0399981 0.0671505 0.0583668 0.0571162 0.0993753 0.1144297 0.1101085 0.4256972 0.4280230 0.4597365 0.4704009 0.4536234 0.4353925 0.4337902 0.4374049 0.4300813 0.4366621 0.4186498 0.3942359 0.2694374 0.2776053 0.4750679 0.4573768 0.4015712 0.3920314 0.3750865 0.4295885 0.3554970 0.3221213 0.2909694 0.2623596 0.2517173 0.2547122 0.2671880 0.2589288 0.3843653 0.6372904 0.4571205 0.4612369 0.8292820 
Furipteridae      0.0621521 0.0671114 0.0801081 0.0953978 0.0559520 0.0800672 0.0533766 0.0644179 0.0508823 0.0363740 0.0000000 0.0362927 0.0632379 0.0569799 0.0557351 0.0994312 0.1143072 0.1113322 0.4171330 0.4243143 0.4517016 0.4581086 0.4477697 0.4236367 0.4182490 0.4256201 0.4223278 0.4249083 0.4015407 0.3905985 0.2652245 0.2733159 0.4733462 0.4535716 0.4009901 0.3868094 0.3663335 0.4269174 0.3505697 0.3148099 0.2784465 0.2471350 0.2367507 0.2428439 0.2551569 0.2469501 0.3673128 0.6410366 0.4523064 0.4543904 0.8010941 
Rhinolophidae     0.0609353 0.0671302 0.0814407 0.0941653 0.0535040 0.0801102 0.0521720 0.0632028 0.0472454 0.0399981 0.0362927 0.0000000 0.0620229 0.0533199 0.0545301 0.1033994 0.1156922 0.1113670 0.4175419 0.4148555 0.4540750 0.4564199 0.4501183 0.4259254 0.4205041 0.4299796 0.4266781 0.4271966 0.4096229 0.3850963 0.2671026 0.2719325 0.4572746 0.4364491 0.3965724 0.3871480 0.3647188 0.4241537 0.3562778 0.3219438 0.2885147 0.2583916 0.2478369 0.2524547 0.2616173 0.2566421 0.3881923 0.6435719 0.4565460 0.4669691 0.7954833 
Viverridae        0.0709623 0.0772318 0.0878941 0.0994224 0.0646876 0.0917099 0.0596013 0.0694741 0.0583054 0.0671505 0.0632379 0.0620229 0.0000000 0.0434469 0.0656849 0.1153696 0.1211540 0.1234633 0.4059273 0.4054349 0.4440877 0.4422721 0.4243032 0.4201594 0.4129833 0.4181889 0.4149187 0.4234684 0.4020108 0.3922056 0.2699156 0.2781578 0.4739408 0.4567073 0.3913815 0.3921096 0.3892969 0.4446720 0.3602462 0.3239183 0.2970532 0.2650561 0.2543935 0.2509992 0.2715626 0.2616201 0.3883662 0.6495648 0.4699257 0.4741670 0.8142121 
Procyonidae       0.0621264 0.0658279 0.0813603 0.0979786 0.0559290 0.0825854 0.0495906 0.0605592 0.0471169 0.0583668 0.0569799 0.0533199 0.0434469 0.0000000 0.0569469 0.1059492 0.1129417 0.1139366 0.4217261 0.4171832 0.4563264 0.4465362 0.4403852 0.4261624 0.4209486 0.4281439 0.4248585 0.4315668 0.4042225 0.3828832 0.2749797 0.2832113 0.4565784 0.4434927 0.3963148 0.3782269 0.3827788 0.4381188 0.3476408 0.3215320 0.2765201 0.2516780 0.2412352 0.2441925 0.2548717 0.2483063 0.3839158 0.6357898 0.4690200 0.4774570 0.8099886 
Myrmecophagidae   0.0521641 0.0558193 0.0711041 0.0862127 0.0436273 0.0722974 0.0496710 0.0643803 0.0508531 0.0571162 0.0557351 0.0545301 0.0656849 0.0569469 0.0000000 0.0938406 0.1034800 0.0940674 0.3975419 0.3953113 0.4354037 0.4314335 0.4293982 0.4056983 0.4062272 0.4076398 0.4043910 0.4089795 0.3937222 0.3706725 0.2469917 0.2612767 0.4576644 0.4484576 0.3856988 0.3747089 0.3729041 0.4131908 0.3441411 0.3139066 0.2759921 0.2480193 0.2376501 0.2390685 0.2496410 0.2431333 0.3773888 0.6359509 0.4571374 0.4653824 0.7946262 
Caluromyidae      0.0994388 0.1087757 0.1228181 0.1291055 0.0944044 0.1146535 0.1034682 0.1125820 0.0981413 0.0993753 0.0994312 0.1033994 0.1153696 0.1059492 0.0938406 0.0000000 0.0583855 0.0582312 0.4128278 0.4243140 0.4640723 0.4704344 0.4628824 0.4257199 0.4221515 0.4256201 0.4223271 0.4288823 0.4150285 0.3938655 0.2698830 0.2796310 0.4874612 0.4506774 0.4008585 0.3972505 0.3838745 0.4452742 0.3602452 0.3285847 0.2841043 0.2557946 0.2453176 0.2451194 0.2605523 0.2492187 0.3883938 0.6529983 0.4683151 0.4622764 0.7890137 
Thylacomyidae     0.1035266 0.1184929 0.1327666 0.1391565 0.1052139 0.1231331 0.1104420 0.1237075 0.1103347 0.1144297 0.1143072 0.1156922 0.1211540 0.1129417 0.1034800 0.0583855 0.0000000 0.0669990 0.4321687 0.4393369 0.4717553 0.4790717 0.4843886 0.4469547 0.4411954 0.4489943 0.4415635 0.4462543 0.4278480 0.3992318 0.2824682 0.2874775 0.4719923 0.4514404 0.4013167 0.3901176 0.3815644 0.4498751 0.3637685 0.3415396 0.2942395 0.2671159 0.2532046 0.2513525 0.2702691 0.2587450 0.3978325 0.6420311 0.4712964 0.4611277 0.8400782 
Phalangeridae     0.1060608 0.1154871 0.1255987 0.1374046 0.1022909 0.1214504 0.1074882 0.1193165 0.1047524 0.1101085 0.1113322 0.1113670 0.1234633 0.1139366 0.0940674 0.0582312 0.0669990 0.0000000 0.4153984 0.4146714 0.4561442 0.4623905 0.4581659 0.4277653 0.4262413 0.4276930 0.4264357 0.4310987 0.4035402 0.3816679 0.2699733 0.2791710 0.4842314 0.4455290 0.4037653 0.3849607 0.3906610 0.4403121 0.3440556 0.3225467 0.2735839 0.2473029 0.2369732 0.2367832 0.2488374 0.2376695 0.3941835 0.6486291 0.4751926 0.4678511 0.7924141 
Tityridae         0.4047552 0.4091630 0.4465327 0.4441451 0.4014053 0.4296868 0.4080116 0.4330109 0.4074577 0.4256972 0.4171330 0.4175419 0.4059273 0.4217261 0.3975419 0.4128278 0.4321687 0.4153984 0.0000000 0.1353806 0.1593196 0.1674763 0.1615491 0.1374367 0.1404901 0.1363633 0.1465548 0.1428883 0.1700762 0.4026598 0.3209253 0.3063088 0.5998472 0.5899262 0.5367309 0.5005599 0.5231925 0.5652090 0.5426051 0.5167166 0.4645782 0.4378180 0.4239142 0.4193420 0.4327420 0.4375280 0.5621644 0.7833871 0.6226276 0.6154126 1.0103556 
Ptilonorhynchidae 0.4042561 0.4221150 0.4478566 0.4452867 0.3991337 0.4290831 0.4115514 0.4363348 0.4148338 0.4280230 0.4243143 0.4148555 0.4054349 0.4171832 0.3953113 0.4243140 0.4393369 0.4146714 0.1353806 0.0000000 0.1261249 0.1350456 0.1349361 0.1067070 0.1139933 0.1148975 0.1136932 0.1119095 0.1733015 0.3937673 0.3082287 0.3073626 0.5816768 0.5578263 0.4946563 0.4809217 0.5055465 0.5750209 0.5448483 0.4908311 0.4392888 0.4152999 0.4019231 0.3936766 0.4134201 0.4092620 0.5530350 0.7763957 0.6396935 0.6398999 0.9897686 
Callaeatidae      0.4410652 0.4577222 0.4738055 0.4712559 0.4376907 0.4570377 0.4405596 0.4660324 0.4459773 0.4597365 0.4517016 0.4540750 0.4440877 0.4563264 0.4354037 0.4640723 0.4717553 0.4561442 0.1593196 0.1261249 0.0000000 0.1274405 0.1179285 0.0968809 0.1054182 0.0957596 0.0960405 0.0980998 0.1760803 0.4264341 0.3320996 0.3260569 0.5761716 0.5807767 0.5230762 0.4866277 0.5116122 0.5999740 0.5594203 0.5400361 0.4665005 0.4339906 0.4300435 0.4156045 0.4418076 0.4363264 0.5747987 0.8468256 0.6617618 0.6696702 1.0380863 
Monarchidae       0.4451724 0.4538833 0.4826044 0.4787449 0.4417359 0.4653303 0.4386993 0.4685454 0.4461229 0.4704009 0.4581086 0.4564199 0.4422721 0.4465362 0.4314335 0.4704344 0.4790717 0.4623905 0.1674763 0.1350456 0.1274405 0.0000000 0.1036123 0.1106592 0.1193082 0.1175669 0.1233354 0.1132426 0.1949561 0.4276888 0.3506019 0.3370376 0.5813382 0.5919801 0.5194907 0.5144303 0.5373293 0.5804468 0.5773713 0.5290305 0.4623072 0.4383823 0.4245130 0.4269956 0.4458467 0.4496398 0.5838435 0.8367797 0.6863058 0.6894082 1.0588467 
Malaconotidae     0.4430141 0.4522896 0.4738413 0.4679322 0.4376890 0.4595331 0.4365553 0.4621155 0.4439304 0.4536234 0.4477697 0.4501183 0.4243032 0.4403852 0.4293982 0.4628824 0.4843886 0.4581659 0.1615491 0.1349361 0.1179285 0.1036123 0.0000000 0.1039330 0.1138525 0.1067611 0.1070783 0.1038280 0.1961858 0.4335815 0.3448098 0.3419819 0.6137606 0.6064970 0.5605482 0.5269192 0.5505845 0.5882577 0.5704303 0.5197369 0.4729797 0.4381736 0.4204236 0.4177777 0.4360873 0.4398287 0.5687654 0.8468645 0.6948558 0.6956150 1.0416529 
Certhiidae        0.4189785 0.4214187 0.4477564 0.4467947 0.4059302 0.4384213 0.4146398 0.4337008 0.4140254 0.4353925 0.4236367 0.4259254 0.4201594 0.4261624 0.4056983 0.4257199 0.4469547 0.4277653 0.1374367 0.1067070 0.0968809 0.1106592 0.1039330 0.0000000 0.0581915 0.0561458 0.0612816 0.0559990 0.1683657 0.4077709 0.3098397 0.3142325 0.5905154 0.5737751 0.5220522 0.4808514 0.5257820 0.5716335 0.5386521 0.5221647 0.4520740 0.4191464 0.4074781 0.4028514 0.4190083 0.4185756 0.5665517 0.8231431 0.6476502 0.6482994 1.0589863 
Cinclidae         0.4136586 0.4199557 0.4536387 0.4351599 0.4026073 0.4329743 0.4132361 0.4321425 0.4184053 0.4337902 0.4182490 0.4205041 0.4129833 0.4209486 0.4062272 0.4221515 0.4411954 0.4262413 0.1404901 0.1139933 0.1054182 0.1193082 0.1138525 0.0581915 0.0000000 0.0644856 0.0696684 0.0643169 0.1731313 0.4132736 0.3129028 0.3102454 0.5733432 0.5496404 0.4997299 0.4816227 0.5101426 0.5724925 0.5428863 0.5105481 0.4495166 0.4175701 0.4041436 0.4015926 0.4136569 0.4152942 0.5536138 0.8061049 0.6458230 0.6487938 1.0174650 
Ploceidae         0.4170268 0.4273700 0.4512496 0.4407092 0.4097461 0.4404438 0.4166117 0.4357252 0.4218328 0.4374049 0.4256201 0.4299796 0.4181889 0.4281439 0.4076398 0.4256201 0.4489943 0.4276930 0.1363633 0.1148975 0.0957596 0.1175669 0.1067611 0.0561458 0.0644856 0.0000000 0.0302960 0.0623026 0.1673600 0.4272803 0.3205775 0.3161951 0.5887178 0.5658254 0.5250696 0.4968212 0.5060001 0.5921924 0.5501271 0.5241176 0.4554654 0.4209876 0.4113079 0.4066588 0.4268765 0.4245499 0.5682467 0.8174822 0.6454523 0.6484522 1.0561808 
Thraupidae        0.4059187 0.4240765 0.4478954 0.4333589 0.4064777 0.4330649 0.4133253 0.4324168 0.4146153 0.4300813 0.4223278 0.4266781 0.4149187 0.4248585 0.4043910 0.4223271 0.4415635 0.4264357 0.1465548 0.1136932 0.0960405 0.1233354 0.1070783 0.0612816 0.0696684 0.0302960 0.0000000 0.0662428 0.1722475 0.4331091 0.3270262 0.3244521 0.5825518 0.5686345 0.5238383 0.4997043 0.5156292 0.5770970 0.5513263 0.5115142 0.4563800 0.4218052 0.4120957 0.3957332 0.4256022 0.4213729 0.5720107 0.8288081 0.6442900 0.6449044 1.0686684 
Alaudidae         0.4183694 0.4287111 0.4494001 0.4482256 0.4110920 0.4417904 0.4218949 0.4349376 0.4192224 0.4366621 0.4249083 0.4271966 0.4234684 0.4315668 0.4089795 0.4288823 0.4462543 0.4310987 0.1428883 0.1119095 0.0980998 0.1132426 0.1038280 0.0559990 0.0643169 0.0623026 0.0662428 0.0000000 0.1711833 0.4161952 0.3174220 0.3138421 0.5964770 0.5869556 0.5212038 0.5045802 0.5248967 0.5818217 0.5496600 0.5255038 0.4527021 0.4263466 0.4126856 0.4048934 0.4191230 0.4168358 0.5748492 0.8253703 0.6642286 0.6674452 1.0395689 
Coraciiformes     0.3952019 0.4034169 0.4363233 0.4300597 0.3919048 0.4167036 0.4004031 0.4133303 0.4016885 0.4186498 0.4015407 0.4096229 0.4020108 0.4042225 0.3937222 0.4150285 0.4278480 0.4035402 0.1700762 0.1733015 0.1760803 0.1949561 0.1961858 0.1683657 0.1731313 0.1673600 0.1722475 0.1711833 0.0000000 0.3867272 0.3022019 0.2978810 0.5465613 0.5312160 0.4817801 0.4718321 0.4794266 0.5499238 0.5153801 0.4728829 0.4185026 0.4010776 0.3878966 0.3853726 0.4010699 0.4065795 0.5332248 0.7541681 0.6199292 0.6220876 0.9898888 
Crocodylidae      0.3902345 0.3974057 0.4073840 0.4222631 0.3839825 0.4139702 0.3865452 0.4062990 0.3909032 0.3942359 0.3905985 0.3850963 0.3922056 0.3828832 0.3706725 0.3938655 0.3992318 0.3816679 0.4026598 0.3937673 0.4264341 0.4276888 0.4335815 0.4077709 0.4132736 0.4272803 0.4331091 0.4161952 0.3867272 0.0000000 0.2663835 0.2740851 0.5529660 0.5398904 0.4865124 0.4579278 0.4821286 0.5338292 0.5180888 0.5118368 0.4372713 0.4263597 0.4143046 0.4019400 0.4202503 0.4050846 0.5483344 0.7843038 0.6397404 0.6671365 1.0131071 
Carettochelyidae  0.2637879 0.2707796 0.2825819 0.2829590 0.2545520 0.2872288 0.2607928 0.2653188 0.2621566 0.2694374 0.2652245 0.2671026 0.2699156 0.2749797 0.2469917 0.2698830 0.2824682 0.2699733 0.3209253 0.3082287 0.3320996 0.3506019 0.3448098 0.3098397 0.3129028 0.3205775 0.3270262 0.3174220 0.3022019 0.2663835 0.0000000 0.1033965 0.4599248 0.4272687 0.3411901 0.3461721 0.3464302 0.4275360 0.4050893 0.3740429 0.3269769 0.3071388 0.2973340 0.2886099 0.3071487 0.2917212 0.4221940 0.6480003 0.5169152 0.5128495 0.8467325 
Kinosternidae     0.2702572 0.2855441 0.2842464 0.2896023 0.2657790 0.2991194 0.2787324 0.2833492 0.2718883 0.2776053 0.2733159 0.2719325 0.2781578 0.2832113 0.2612767 0.2796310 0.2874775 0.2791710 0.3063088 0.3073626 0.3260569 0.3370376 0.3419819 0.3142325 0.3102454 0.3161951 0.3244521 0.3138421 0.2978810 0.2740851 0.1033965 0.0000000 0.4718124 0.4063721 0.3434402 0.3386316 0.3486940 0.4224740 0.4182389 0.3881634 0.3479346 0.3188396 0.3053952 0.2949084 0.3136834 0.3031724 0.4441348 0.6815727 0.5250221 0.5254431 0.8841266 
Anomalepididae    0.4520798 0.4663198 0.4904604 0.4899577 0.4644812 0.4914157 0.4553617 0.4757655 0.4619475 0.4750679 0.4733462 0.4572746 0.4739408 0.4565784 0.4576644 0.4874612 0.4719923 0.4842314 0.5998472 0.5816768 0.5761716 0.5813382 0.6137606 0.5905154 0.5733432 0.5887178 0.5825518 0.5964770 0.5465613 0.5529660 0.4599248 0.4718124 0.0000000 0.3611817 0.3100169 0.3198543 0.2988328 0.4248096 0.5976437 0.5631465 0.5127544 0.4888770 0.4714773 0.4579682 0.4754182 0.4791855 0.6027861 0.8521193 0.6771598 0.6989572 1.0599154 
Loxocemidae       0.4325739 0.4568534 0.4841494 0.4781619 0.4427537 0.4686234 0.4421242 0.4624203 0.4559158 0.4573768 0.4535716 0.4364491 0.4567073 0.4434927 0.4484576 0.4506774 0.4514404 0.4455290 0.5899262 0.5578263 0.5807767 0.5919801 0.6064970 0.5737751 0.5496404 0.5658254 0.5686345 0.5869556 0.5312160 0.5398904 0.4272687 0.4063721 0.3611817 0.0000000 0.2032073 0.2693072 0.2746320 0.4056385 0.5672616 0.5357079 0.5008099 0.4952731 0.4756560 0.4690358 0.4810626 0.4905267 0.6012820 0.8645795 0.6298559 0.6677028 1.0153510 
Natricidae        0.3763286 0.3939581 0.4155694 0.4250525 0.3818807 0.4077608 0.3880579 0.4017721 0.3973085 0.4015712 0.4009901 0.3965724 0.3913815 0.3963148 0.3856988 0.4008585 0.4013167 0.4037653 0.5367309 0.4946563 0.5230762 0.5194907 0.5605482 0.5220522 0.4997299 0.5250696 0.5238383 0.5212038 0.4817801 0.4865124 0.3411901 0.3434402 0.3100169 0.2032073 0.0000000 0.2385746 0.2353360 0.3517063 0.4974489 0.4739538 0.4368598 0.4237468 0.4040685 0.3941238 0.4158291 0.4136097 0.5225392 0.7446021 0.5869531 0.6004945 0.9567024 
Xenosauridae      0.3748400 0.3913435 0.4186977 0.4193369 0.3784951 0.4174121 0.3874744 0.4059728 0.3946557 0.3920314 0.3868094 0.3871480 0.3921096 0.3782269 0.3747089 0.3972505 0.3901176 0.3849607 0.5005599 0.4809217 0.4866277 0.5144303 0.5269192 0.4808514 0.4816227 0.4968212 0.4997043 0.5045802 0.4718321 0.4579278 0.3461721 0.3386316 0.3198543 0.2693072 0.2385746 0.0000000 0.2174626 0.3455289 0.5164821 0.4665493 0.4416332 0.4083387 0.3947465 0.3944034 0.4120807 0.4059627 0.5217402 0.7796093 0.5835465 0.5989994 0.9494186 
Teiidae           0.3654746 0.3800686 0.4058950 0.4077074 0.3766528 0.4019971 0.3742312 0.3944920 0.3850962 0.3750865 0.3663335 0.3647188 0.3892969 0.3827788 0.3729041 0.3838745 0.3815644 0.3906610 0.5231925 0.5055465 0.5116122 0.5373293 0.5505845 0.5257820 0.5101426 0.5060001 0.5156292 0.5248967 0.4794266 0.4821286 0.3464302 0.3486940 0.2988328 0.2746320 0.2353360 0.2174626 0.0000000 0.3266145 0.5082016 0.4768690 0.4227782 0.3945459 0.3813310 0.3885596 0.4160003 0.4022265 0.5065793 0.7255512 0.5742764 0.5777667 0.9380386 
Eublepharidae     0.4151613 0.4218861 0.4607762 0.4624304 0.4102601 0.4472933 0.4243162 0.4420602 0.4301606 0.4295885 0.4269174 0.4241537 0.4446720 0.4381188 0.4131908 0.4452742 0.4498751 0.4403121 0.5652090 0.5750209 0.5999740 0.5804468 0.5882577 0.5716335 0.5724925 0.5921924 0.5770970 0.5818217 0.5499238 0.5338292 0.4275360 0.4224740 0.4248096 0.4056385 0.3517063 0.3455289 0.3266145 0.0000000 0.5307585 0.5029216 0.4747279 0.4472461 0.4348324 0.4234321 0.4440186 0.4399051 0.5571973 0.7566094 0.6195530 0.6411384 1.0029678 
Dicamptodontidae  0.3381308 0.3504492 0.3632322 0.3792608 0.3325446 0.3696590 0.3492393 0.3550672 0.3434430 0.3554970 0.3505697 0.3562778 0.3602462 0.3476408 0.3441411 0.3602452 0.3637685 0.3440556 0.5426051 0.5448483 0.5594203 0.5773713 0.5704303 0.5386521 0.5428863 0.5501271 0.5513263 0.5496600 0.5153801 0.5180888 0.4050893 0.4182389 0.5976437 0.5672616 0.4974489 0.5164821 0.5082016 0.5307585 0.0000000 0.3150556 0.2541563 0.2267247 0.2221064 0.2246045 0.2333908 0.2270366 0.3673803 0.7023026 0.5272339 0.5526213 0.9194830 
Alytidae          0.3121480 0.3257817 0.3411047 0.3430698 0.3147065 0.3470716 0.3258780 0.3288707 0.3159526 0.3221213 0.3148099 0.3219438 0.3239183 0.3215320 0.3139066 0.3285847 0.3415396 0.3225467 0.5167166 0.4908311 0.5400361 0.5290305 0.5197369 0.5221647 0.5105481 0.5241176 0.5115142 0.5255038 0.4728829 0.5118368 0.3740429 0.3881634 0.5631465 0.5357079 0.4739538 0.4665493 0.4768690 0.5029216 0.3150556 0.0000000 0.2132586 0.1784715 0.1705619 0.1561142 0.1813920 0.1769591 0.3703470 0.6284336 0.4923459 0.5149566 0.9358270 
Heleophrynidae    0.2759338 0.2822155 0.2968940 0.3185244 0.2708211 0.3025486 0.2837956 0.2882934 0.2762085 0.2909694 0.2784465 0.2885147 0.2970532 0.2765201 0.2759921 0.2841043 0.2942395 0.2735839 0.4645782 0.4392888 0.4665005 0.4623072 0.4729797 0.4520740 0.4495166 0.4554654 0.4563800 0.4527021 0.4185026 0.4372713 0.3269769 0.3479346 0.5127544 0.5008099 0.4368598 0.4416332 0.4227782 0.4747279 0.2541563 0.2132586 0.0000000 0.0889486 0.0861049 0.0924709 0.1045336 0.1005555 0.3087768 0.6321022 0.4532474 0.4514450 0.7756955 
Leptodactylidae   0.2494551 0.2587132 0.2746079 0.2906336 0.2493291 0.2695158 0.2554610 0.2615190 0.2497483 0.2623596 0.2471350 0.2583916 0.2650561 0.2516780 0.2480193 0.2557946 0.2671159 0.2473029 0.4378180 0.4152999 0.4339906 0.4383823 0.4381736 0.4191464 0.4175701 0.4209876 0.4218052 0.4263466 0.4010776 0.4263597 0.3071388 0.3188396 0.4888770 0.4952731 0.4237468 0.4083387 0.3945459 0.4472461 0.2267247 0.1784715 0.0889486 0.0000000 0.0207599 0.0595228 0.0684623 0.0734631 0.2670473 0.6223678 0.4232595 0.4290158 0.7969921 
Strabomantidae    0.2390064 0.2481414 0.2654131 0.2812415 0.2388880 0.2625799 0.2417755 0.2509215 0.2393484 0.2517173 0.2367507 0.2478369 0.2543935 0.2412352 0.2376501 0.2453176 0.2532046 0.2369732 0.4239142 0.4019231 0.4300435 0.4245130 0.4204236 0.4074781 0.4041436 0.4113079 0.4120957 0.4126856 0.3878966 0.4143046 0.2973340 0.3053952 0.4714773 0.4756560 0.4040685 0.3947465 0.3813310 0.4348324 0.2221064 0.1705619 0.0861049 0.0207599 0.0000000 0.0495497 0.0632696 0.0657323 0.2531392 0.6065881 0.4211895 0.4210316 0.7709594 
Micrixalidae      0.2419693 0.2527545 0.2668665 0.2794048 0.2402367 0.2585278 0.2510891 0.2554557 0.2439167 0.2547122 0.2428439 0.2524547 0.2509992 0.2441925 0.2390685 0.2451194 0.2513525 0.2367832 0.4193420 0.3936766 0.4156045 0.4269956 0.4177777 0.4028514 0.4015926 0.4066588 0.3957332 0.4048934 0.3853726 0.4019400 0.2886099 0.2949084 0.4579682 0.4690358 0.3941238 0.3944034 0.3885596 0.4234321 0.2246045 0.1561142 0.0924709 0.0595228 0.0495497 0.0000000 0.0385209 0.0409009 0.2710756 0.5801251 0.4090699 0.4108716 0.7499543 
Hemisotidae       0.2558656 0.2635984 0.2813034 0.2974352 0.2540892 0.2760815 0.2651419 0.2695720 0.2577816 0.2671880 0.2551569 0.2616173 0.2715626 0.2548717 0.2496410 0.2605523 0.2702691 0.2488374 0.4327420 0.4134201 0.4418076 0.4458467 0.4360873 0.4190083 0.4136569 0.4268765 0.4256022 0.4191230 0.4010699 0.4202503 0.3071487 0.3136834 0.4754182 0.4810626 0.4158291 0.4120807 0.4160003 0.4440186 0.2333908 0.1813920 0.1045336 0.0684623 0.0632696 0.0385209 0.0000000 0.0519435 0.2839493 0.6199897 0.4209810 0.4268888 0.7814048 
Asterophryidae    0.2460802 0.2537394 0.2679180 0.2805246 0.2411623 0.2693046 0.2552686 0.2564453 0.2480233 0.2589288 0.2469501 0.2566421 0.2616201 0.2483063 0.2431333 0.2492187 0.2587450 0.2376695 0.4375280 0.4092620 0.4363264 0.4496398 0.4398287 0.4185756 0.4152942 0.4245499 0.4213729 0.4168358 0.4065795 0.4050846 0.2917212 0.3031724 0.4791855 0.4905267 0.4136097 0.4059627 0.4022265 0.4399051 0.2270366 0.1769591 0.1005555 0.0734631 0.0657323 0.0409009 0.0519435 0.0000000 0.2854323 0.6086120 0.4346876 0.4346512 0.7861169 
Caeciliidae2      0.3817323 0.3887519 0.4008120 0.4195911 0.3720788 0.3964989 0.3819450 0.3842653 0.3740122 0.3843653 0.3673128 0.3881923 0.3883662 0.3839158 0.3773888 0.3883938 0.3978325 0.3941835 0.5621644 0.5530350 0.5747987 0.5838435 0.5687654 0.5665517 0.5536138 0.5682467 0.5720107 0.5748492 0.5332248 0.5483344 0.4221940 0.4441348 0.6027861 0.6012820 0.5225392 0.5217402 0.5065793 0.5571973 0.3673803 0.3703470 0.3087768 0.2670473 0.2531392 0.2710756 0.2839493 0.2854323 0.0000000 0.6708316 0.5290957 0.5233907 0.8763164 
Polypteriformes   0.6243812 0.6579299 0.6627873 0.6532868 0.6431704 0.6717142 0.6315037 0.6364816 0.6216839 0.6372904 0.6410366 0.6435719 0.6495648 0.6357898 0.6359509 0.6529983 0.6420311 0.6486291 0.7833871 0.7763957 0.8468256 0.8367797 0.8468645 0.8231431 0.8061049 0.8174822 0.8288081 0.8253703 0.7541681 0.7843038 0.6480003 0.6815727 0.8521193 0.8645795 0.7446021 0.7796093 0.7255512 0.7566094 0.7023026 0.6284336 0.6321022 0.6223678 0.6065881 0.5801251 0.6199897 0.6086120 0.6708316 0.0000000 0.5545606 0.5725094 1.1125525 
Channichthyidae   0.4712127 0.4865228 0.4898051 0.4948377 0.4664997 0.4836219 0.4657052 0.4750099 0.4708762 0.4571205 0.4523064 0.4565460 0.4699257 0.4690200 0.4571374 0.4683151 0.4712964 0.4751926 0.6226276 0.6396935 0.6617618 0.6863058 0.6948558 0.6476502 0.6458230 0.6454523 0.6442900 0.6642286 0.6199292 0.6397404 0.5169152 0.5250221 0.6771598 0.6298559 0.5869531 0.5835465 0.5742764 0.6195530 0.5272339 0.4923459 0.4532474 0.4232595 0.4211895 0.4090699 0.4209810 0.4346876 0.5290957 0.5545606 0.0000000 0.0581821 0.8000496 
Pseudaphritidae   0.4754836 0.4918318 0.4946049 0.5062358 0.4665529 0.4862997 0.4740747 0.4835477 0.4773508 0.4612369 0.4543904 0.4669691 0.4741670 0.4774570 0.4653824 0.4622764 0.4611277 0.4678511 0.6154126 0.6398999 0.6696702 0.6894082 0.6956150 0.6482994 0.6487938 0.6484522 0.6449044 0.6674452 0.6220876 0.6671365 0.5128495 0.5254431 0.6989572 0.6677028 0.6004945 0.5989994 0.5777667 0.6411384 0.5526213 0.5149566 0.4514450 0.4290158 0.4210316 0.4108716 0.4268888 0.4346512 0.5233907 0.5725094 0.0581821 0.0000000 0.8086806 
Carcharhinidae    0.7990487 0.8094433 0.8357960 0.8478700 0.7861274 0.8440396 0.8197943 0.8129764 0.8075813 0.8292820 0.8010941 0.7954833 0.8142121 0.8099886 0.7946262 0.7890137 0.8400782 0.7924141 1.0103556 0.9897686 1.0380863 1.0588467 1.0416529 1.0589863 1.0174650 1.0561808 1.0686684 1.0395689 0.9898888 1.0131071 0.8467325 0.8841266 1.0599154 1.0153510 0.9567024 0.9494186 0.9380386 1.0029678 0.9194830 0.9358270 0.7756955 0.7969921 0.7709594 0.7499543 0.7814048 0.7861169 0.8763164 1.1125525 0.8000496 0.8086806 0.0000000 
