51
Pitheciidae       0.0000000 0.1045275 0.0738093 0.0737862 0.1013894 0.0822539 0.0938161 0.1075751 0.1005646 0.1178379 0.1039654 0.1003608 0.0940527 0.0995018 0.1117752 0.1489834 0.1328560 0.1413235 0.2758438 0.3024977 0.2954457 0.2884716 0.2868005 0.2820421 0.2801733 0.2913950 0.2832511 0.2776021 0.2682762 0.2646120 0.2716180 0.2297302 0.3003622 0.3624523 0.3272987 0.3647865 0.3115396 0.3722218 0.3180830 0.5832183 0.7122910 0.7304298 0.7305315 0.7037348 0.6854949 0.6442853 0.3533125 0.5111270 0.5632073 0.5734580 1.5592605 
Scandentia        0.1045275 0.0000000 0.0818045 0.0825396 0.1120363 0.0934255 0.1043891 0.1180181 0.1123712 0.1285821 0.1203966 0.1094294 0.1022894 0.1082163 0.1246174 0.1582231 0.1405413 0.1536798 0.2812989 0.3089177 0.3007295 0.2971959 0.2938365 0.2895061 0.2873175 0.2964664 0.2919394 0.2862249 0.2803852 0.2762757 0.2843852 0.2419368 0.3093320 0.3714538 0.3394705 0.3710821 0.3199679 0.3807425 0.3318912 0.5751102 0.7232239 0.7335449 0.7313350 0.7072465 0.6863757 0.6471823 0.3609231 0.5223731 0.5661501 0.5777763 1.5415984 
Erethizontidae    0.0738093 0.0818045 0.0000000 0.0157597 0.0733757 0.0546864 0.0698793 0.0850636 0.0778604 0.0922643 0.0834448 0.0757476 0.0701754 0.0745942 0.0906014 0.1255087 0.1098904 0.1200303 0.2500997 0.2782762 0.2686354 0.2642816 0.2616772 0.2565080 0.2548744 0.2651543 0.2587750 0.2523726 0.2450309 0.2431133 0.2442693 0.2048884 0.2788655 0.3442493 0.3108196 0.3450279 0.2886573 0.3485276 0.2980074 0.5505598 0.6830967 0.6879684 0.6858916 0.6576453 0.6434491 0.6110061 0.3256053 0.4823741 0.5281438 0.5412794 1.5079122 
Capromyidae       0.0737862 0.0825396 0.0157597 0.0000000 0.0737285 0.0546727 0.0691546 0.0858440 0.0771297 0.0941635 0.0819031 0.0753510 0.0701616 0.0742071 0.0913901 0.1238767 0.1082968 0.1184131 0.2492881 0.2762733 0.2671316 0.2627856 0.2601842 0.2555128 0.2533994 0.2631833 0.2572899 0.2509000 0.2440349 0.2393539 0.2465557 0.2061950 0.2763814 0.3422863 0.3099575 0.3457732 0.2895700 0.3475888 0.2996166 0.5478171 0.6850692 0.6861478 0.6899929 0.6608752 0.6387443 0.6127833 0.3267222 0.4786703 0.5280479 0.5404785 1.5055901 
Muridae           0.1013894 0.1120363 0.0733757 0.0737285 0.0000000 0.0788254 0.0972840 0.1171334 0.1060745 0.1231839 0.1127780 0.1047098 0.1017599 0.1038428 0.1194150 0.1536462 0.1398580 0.1517177 0.2814667 0.3082752 0.2981433 0.2951566 0.2914934 0.2871855 0.2843191 0.2946214 0.2879425 0.2817663 0.2760355 0.2648038 0.2736849 0.2351101 0.3053793 0.3651493 0.3405577 0.3726927 0.3145947 0.3762929 0.3259434 0.5711033 0.7154650 0.7229331 0.7143100 0.6974174 0.6854233 0.6516462 0.3517588 0.5094340 0.5583646 0.5675976 1.5420673 
Castoridae        0.0822539 0.0934255 0.0546864 0.0546727 0.0788254 0.0000000 0.0794209 0.0952280 0.0867730 0.1022146 0.0928387 0.0827478 0.0793006 0.0819227 0.1005266 0.1322429 0.1164468 0.1255028 0.2585368 0.2829977 0.2722956 0.2687082 0.2644838 0.2611853 0.2603455 0.2712318 0.2633283 0.2568756 0.2527686 0.2418837 0.2465167 0.2088777 0.2822178 0.3476560 0.3108920 0.3477666 0.2939785 0.3513560 0.3031957 0.5553853 0.7050093 0.7054457 0.7016586 0.6752395 0.6594174 0.6237377 0.3381844 0.4939440 0.5389991 0.5548717 1.5167852 
Suidae            0.0938161 0.1043891 0.0698793 0.0691546 0.0972840 0.0794209 0.0000000 0.0601514 0.0506495 0.0930298 0.0800409 0.0716238 0.0682894 0.0726842 0.1016283 0.1362352 0.1203674 0.1310832 0.2662120 0.2933864 0.2820371 0.2790870 0.2754751 0.2727575 0.2684998 0.2799961 0.2712243 0.2659737 0.2603588 0.2500114 0.2592893 0.2207985 0.2921012 0.3488318 0.3152614 0.3555474 0.2959221 0.3616491 0.3086308 0.5612523 0.6842827 0.6882858 0.6960507 0.6663650 0.6635431 0.6225011 0.3390963 0.4909029 0.5475530 0.5590384 1.5209312 
Hippopotamidae    0.1075751 0.1180181 0.0850636 0.0858440 0.1171334 0.0952280 0.0601514 0.0000000 0.0572188 0.1072110 0.0974407 0.0891915 0.0834235 0.0864435 0.1163906 0.1519094 0.1364461 0.1478424 0.2830377 0.3070541 0.2990456 0.2942580 0.2910814 0.2882694 0.2839315 0.2962074 0.2875315 0.2818583 0.2760650 0.2644927 0.2706854 0.2343943 0.3077366 0.3609364 0.3343070 0.3713535 0.3129367 0.3767198 0.3170061 0.5707422 0.7185317 0.7142426 0.7099757 0.6882582 0.6767062 0.6359221 0.3584790 0.5053067 0.5684505 0.5826911 1.5249828 
Hyperoodontidae   0.1005646 0.1123712 0.0778604 0.0771297 0.1060745 0.0867730 0.0506495 0.0572188 0.0000000 0.0997912 0.0916174 0.0815454 0.0773663 0.0792086 0.1112005 0.1455967 0.1298782 0.1403414 0.2699854 0.2958251 0.2869004 0.2844121 0.2812619 0.2765765 0.2722895 0.2848532 0.2758177 0.2716945 0.2638159 0.2535107 0.2639349 0.2233814 0.2948574 0.3536391 0.3242639 0.3569843 0.3011760 0.3655395 0.3143584 0.5614135 0.7008246 0.7014839 0.7007281 0.6862174 0.6664348 0.6247498 0.3464282 0.5006777 0.5488161 0.5621851 1.5139462 
Vespertilionidae  0.1178379 0.1285821 0.0922643 0.0941635 0.1231839 0.1022146 0.0930298 0.1072110 0.0997912 0.0000000 0.0721739 0.0726333 0.0952024 0.0994553 0.1306064 0.1623191 0.1452826 0.1574002 0.2924317 0.3213415 0.3120123 0.3074444 0.3047288 0.3002901 0.2961401 0.3094296 0.2995247 0.2937460 0.2824811 0.2814915 0.2858851 0.2460719 0.3139747 0.3781116 0.3450594 0.3779213 0.3292395 0.3783785 0.3342095 0.5897232 0.7122179 0.7287326 0.7249627 0.7051913 0.6891845 0.6655444 0.3733502 0.5302591 0.5841582 0.5960637 1.5977384 
Furipteridae      0.1039654 0.1203966 0.0834448 0.0819031 0.1127780 0.0928387 0.0800409 0.0974407 0.0916174 0.0721739 0.0000000 0.0604308 0.0836898 0.0859235 0.1183509 0.1495131 0.1319584 0.1433904 0.2803562 0.3077481 0.2986024 0.2936252 0.2934306 0.2874244 0.2855308 0.2955325 0.2888365 0.2841182 0.2761863 0.2640159 0.2702665 0.2313877 0.2978406 0.3603407 0.3237296 0.3698815 0.3117966 0.3689743 0.3211919 0.5821059 0.7123217 0.7193014 0.7193615 0.6886690 0.6727477 0.6379313 0.3610868 0.5077016 0.5607583 0.5749042 1.5536052 
Rhinolophidae     0.1003608 0.1094294 0.0757476 0.0753510 0.1047098 0.0827478 0.0716238 0.0891915 0.0815454 0.0726333 0.0604308 0.0000000 0.0763790 0.0766352 0.1086559 0.1404583 0.1248289 0.1368682 0.2637596 0.2902390 0.2821498 0.2766142 0.2757509 0.2722453 0.2679581 0.2799870 0.2709921 0.2668846 0.2579045 0.2522081 0.2585258 0.2201290 0.2901273 0.3557960 0.3153491 0.3555916 0.2983958 0.3542713 0.3160311 0.5750330 0.6962497 0.7142974 0.7176957 0.6816677 0.6655976 0.6304029 0.3508210 0.5045716 0.5586031 0.5700236 1.5787824 
Viverridae        0.0940527 0.1022894 0.0701754 0.0701616 0.1017599 0.0793006 0.0682894 0.0834235 0.0773663 0.0952024 0.0836898 0.0763790 0.0000000 0.0445495 0.1022394 0.1377023 0.1190378 0.1309126 0.2640852 0.2886037 0.2822390 0.2763720 0.2737470 0.2715194 0.2648906 0.2767757 0.2683630 0.2662128 0.2577774 0.2482219 0.2552528 0.2147174 0.2842385 0.3476893 0.3097241 0.3468003 0.2917820 0.3538192 0.3055128 0.5468267 0.6922829 0.6961168 0.6879258 0.6747776 0.6532976 0.6159833 0.3349577 0.4938645 0.5473938 0.5599736 1.5244015 
Procyonidae       0.0995018 0.1082163 0.0745942 0.0742071 0.1038428 0.0819227 0.0726842 0.0864435 0.0792086 0.0994553 0.0859235 0.0766352 0.0445495 0.0000000 0.1081765 0.1382057 0.1227280 0.1330257 0.2690695 0.2954185 0.2884622 0.2835078 0.2808549 0.2775977 0.2704042 0.2834437 0.2744083 0.2712542 0.2631792 0.2577755 0.2621964 0.2235251 0.2900886 0.3504479 0.3171929 0.3607016 0.3022553 0.3648717 0.3148143 0.5543798 0.6985760 0.7065486 0.6990560 0.6784272 0.6589501 0.6161517 0.3433679 0.4953907 0.5535315 0.5635373 1.5493672 
Myrmecophagidae   0.1117752 0.1246174 0.0906014 0.0913901 0.1194150 0.1005266 0.1016283 0.1163906 0.1112005 0.1306064 0.1183509 0.1086559 0.1022394 0.1081765 0.0000000 0.1532055 0.1381990 0.1499568 0.2806936 0.3044778 0.2953945 0.2953803 0.2947006 0.2903833 0.2825426 0.2963569 0.2886538 0.2829392 0.2773449 0.2642144 0.2784199 0.2316183 0.3078947 0.3631266 0.3390030 0.3667503 0.3153534 0.3748380 0.3285569 0.5809884 0.7200961 0.7381633 0.7287922 0.6998731 0.6786907 0.6461999 0.3633827 0.5112966 0.5610285 0.5712887 1.5412343 
Caluromyidae      0.1489834 0.1582231 0.1255087 0.1238767 0.1536462 0.1322429 0.1362352 0.1519094 0.1455967 0.1623191 0.1495131 0.1404583 0.1377023 0.1382057 0.1532055 0.0000000 0.0416061 0.0517782 0.2519205 0.2815312 0.2747161 0.2672878 0.2687085 0.2660274 0.2598754 0.2695906 0.2628736 0.2588025 0.2456792 0.2427287 0.2488574 0.2117376 0.2804212 0.3438939 0.3116448 0.3425263 0.2856892 0.3585166 0.2930616 0.5418968 0.6838230 0.6863699 0.6962137 0.6603454 0.6413994 0.6058325 0.3300373 0.4839486 0.5292283 0.5346909 1.5083204 
Thylacomyidae     0.1328560 0.1405413 0.1098904 0.1082968 0.1398580 0.1164468 0.1203674 0.1364461 0.1298782 0.1452826 0.1319584 0.1248289 0.1190378 0.1227280 0.1381990 0.0416061 0.0000000 0.0315394 0.2387490 0.2658007 0.2601267 0.2537953 0.2561208 0.2502162 0.2451475 0.2547816 0.2475762 0.2417250 0.2329658 0.2276658 0.2387146 0.1953023 0.2704906 0.3250476 0.2946328 0.3282607 0.2680676 0.3444864 0.2812064 0.5281975 0.6653102 0.6709581 0.6820555 0.6503848 0.6313010 0.5924818 0.3147875 0.4701633 0.5147283 0.5251660 1.5167797 
Phalangeridae     0.1413235 0.1536798 0.1200303 0.1184131 0.1517177 0.1255028 0.1310832 0.1478424 0.1403414 0.1574002 0.1433904 0.1368682 0.1309126 0.1330257 0.1499568 0.0517782 0.0315394 0.0000000 0.2457454 0.2750501 0.2693035 0.2614446 0.2642961 0.2597134 0.2531767 0.2608601 0.2561152 0.2520865 0.2419184 0.2393126 0.2477273 0.2068722 0.2776559 0.3368663 0.3021108 0.3347228 0.2744221 0.3446668 0.2950582 0.5345379 0.6740771 0.6841854 0.6943495 0.6600368 0.6455591 0.6041485 0.3232797 0.4871202 0.5246491 0.5326379 1.5115122 
Tityridae         0.2758438 0.2812989 0.2500997 0.2492881 0.2814667 0.2585368 0.2662120 0.2830377 0.2699854 0.2924317 0.2803562 0.2637596 0.2640852 0.2690695 0.2806936 0.2519205 0.2387490 0.2457454 0.0000000 0.0652265 0.0632488 0.0566575 0.0548765 0.0514795 0.0463521 0.0559643 0.0537229 0.0478027 0.0610633 0.1620699 0.1877749 0.1469853 0.2497565 0.3070735 0.2785546 0.3197645 0.2591675 0.3214788 0.3132809 0.5867737 0.6762003 0.7081875 0.7221263 0.6806210 0.6747813 0.6333018 0.3385779 0.5071077 0.5537199 0.5700257 1.4959282 
Ptilonorhynchidae 0.3024977 0.3089177 0.2782762 0.2762733 0.3082752 0.2829977 0.2933864 0.3070541 0.2958251 0.3213415 0.3077481 0.2902390 0.2886037 0.2954185 0.3044778 0.2815312 0.2658007 0.2750501 0.0652265 0.0000000 0.0710633 0.0647469 0.0614812 0.0613477 0.0557900 0.0644277 0.0614168 0.0576475 0.0824215 0.1836608 0.2119077 0.1713910 0.2788177 0.3320471 0.3057707 0.3413530 0.2840056 0.3483248 0.3411102 0.6115929 0.7049624 0.7338736 0.7638490 0.7080706 0.7073358 0.6600582 0.3691997 0.5227360 0.5943489 0.6036165 1.5294802 
Callaeatidae      0.2954457 0.3007295 0.2686354 0.2671316 0.2981433 0.2722956 0.2820371 0.2990456 0.2869004 0.3120123 0.2986024 0.2821498 0.2822390 0.2884622 0.2953945 0.2747161 0.2601267 0.2693035 0.0632488 0.0710633 0.0000000 0.0495148 0.0466670 0.0454868 0.0404235 0.0477651 0.0462541 0.0408021 0.0796148 0.1792432 0.2034897 0.1634002 0.2694272 0.3235348 0.2957893 0.3445436 0.2770962 0.3455392 0.3312399 0.6017799 0.6861349 0.7195497 0.7551999 0.6971378 0.6864812 0.6488848 0.3597902 0.5053332 0.5717553 0.5869838 1.4850005 
Monarchidae       0.2884716 0.2971959 0.2642816 0.2627856 0.2951566 0.2687082 0.2790870 0.2942580 0.2844121 0.3074444 0.2936252 0.2766142 0.2763720 0.2835078 0.2953803 0.2672878 0.2537953 0.2614446 0.0566575 0.0647469 0.0495148 0.0000000 0.0251854 0.0397507 0.0350837 0.0441547 0.0415815 0.0375914 0.0739974 0.1741139 0.2008283 0.1613108 0.2634973 0.3238010 0.2958216 0.3366331 0.2737230 0.3383966 0.3281602 0.6082113 0.6885562 0.7237230 0.7530910 0.7040593 0.6942430 0.6430852 0.3608266 0.5092981 0.5734569 0.5928724 1.5243236 
Malaconotidae     0.2868005 0.2938365 0.2616772 0.2601842 0.2914934 0.2644838 0.2754751 0.2910814 0.2812619 0.3047288 0.2934306 0.2757509 0.2737470 0.2808549 0.2947006 0.2687085 0.2561208 0.2642961 0.0548765 0.0614812 0.0466670 0.0251854 0.0000000 0.0373064 0.0333567 0.0409792 0.0387737 0.0351508 0.0706900 0.1695864 0.1969430 0.1597835 0.2637903 0.3202825 0.2914923 0.3399275 0.2706155 0.3421729 0.3275136 0.6077332 0.6914141 0.7228928 0.7593442 0.6960384 0.6932325 0.6471396 0.3529413 0.5111428 0.5740880 0.5913866 1.5045582 
Certhiidae        0.2820421 0.2895061 0.2565080 0.2555128 0.2871855 0.2611853 0.2727575 0.2882694 0.2765765 0.3002901 0.2874244 0.2722453 0.2715194 0.2775977 0.2903833 0.2660274 0.2502162 0.2597134 0.0514795 0.0613477 0.0454868 0.0397507 0.0373064 0.0000000 0.0237703 0.0326650 0.0301473 0.0255336 0.0701235 0.1708394 0.1987279 0.1577072 0.2608323 0.3150500 0.2873216 0.3317470 0.2676375 0.3362275 0.3207994 0.5924446 0.6889538 0.7084677 0.7394851 0.6861168 0.6852309 0.6414128 0.3550535 0.5040747 0.5638036 0.5768601 1.4997687 
Cinclidae         0.2801733 0.2873175 0.2548744 0.2533994 0.2843191 0.2603455 0.2684998 0.2839315 0.2722895 0.2961401 0.2855308 0.2679581 0.2648906 0.2704042 0.2825426 0.2598754 0.2451475 0.2531767 0.0463521 0.0557900 0.0404235 0.0350837 0.0333567 0.0237703 0.0000000 0.0269849 0.0248450 0.0209688 0.0645073 0.1621732 0.1932227 0.1512771 0.2571549 0.3064593 0.2804928 0.3240645 0.2639164 0.3317476 0.3155339 0.5948037 0.6843587 0.7115852 0.7403743 0.6922916 0.6868973 0.6385553 0.3486496 0.5041442 0.5567667 0.5737963 1.4857307 
Ploceidae         0.2913950 0.2964664 0.2651543 0.2631833 0.2946214 0.2712318 0.2799961 0.2962074 0.2848532 0.3094296 0.2955325 0.2799870 0.2767757 0.2834437 0.2963569 0.2695906 0.2547816 0.2608601 0.0559643 0.0644277 0.0477651 0.0441547 0.0409792 0.0326650 0.0269849 0.0000000 0.0217244 0.0287608 0.0737143 0.1729506 0.2006603 0.1589996 0.2648496 0.3166856 0.2930471 0.3400971 0.2710194 0.3378689 0.3250449 0.6004468 0.6963519 0.7214908 0.7556983 0.7011776 0.7012115 0.6466948 0.3576204 0.5066131 0.5715526 0.5853648 1.4956174 
Thraupidae        0.2832511 0.2919394 0.2587750 0.2572899 0.2879425 0.2633283 0.2712243 0.2875315 0.2758177 0.2995247 0.2888365 0.2709921 0.2683630 0.2744083 0.2886538 0.2628736 0.2475762 0.2561152 0.0537229 0.0614168 0.0462541 0.0415815 0.0387737 0.0301473 0.0248450 0.0217244 0.0000000 0.0266130 0.0702437 0.1684292 0.1932974 0.1544923 0.2605860 0.3105298 0.2872778 0.3321590 0.2657956 0.3346505 0.3195598 0.5925561 0.6891486 0.7124360 0.7444822 0.6906574 0.6848001 0.6372037 0.3465768 0.5034506 0.5678350 0.5809474 1.4962263 
Alaudidae         0.2776021 0.2862249 0.2523726 0.2509000 0.2817663 0.2568756 0.2659737 0.2818583 0.2716945 0.2937460 0.2841182 0.2668846 0.2662128 0.2712542 0.2829392 0.2588025 0.2417250 0.2520865 0.0478027 0.0576475 0.0408021 0.0375914 0.0351508 0.0255336 0.0209688 0.0287608 0.0266130 0.0000000 0.0667734 0.1652260 0.1943397 0.1522870 0.2584656 0.3094166 0.2838543 0.3323062 0.2660406 0.3322818 0.3161476 0.5919132 0.6842377 0.7014525 0.7364246 0.6852563 0.6787401 0.6354549 0.3496483 0.4965879 0.5586541 0.5722962 1.4934141 
Coraciiformes     0.2682762 0.2803852 0.2450309 0.2440349 0.2760355 0.2527686 0.2603588 0.2760650 0.2638159 0.2824811 0.2761863 0.2579045 0.2577774 0.2631792 0.2773449 0.2456792 0.2329658 0.2419184 0.0610633 0.0824215 0.0796148 0.0739974 0.0706900 0.0701235 0.0645073 0.0737143 0.0702437 0.0667734 0.0000000 0.1558176 0.1873876 0.1429978 0.2489287 0.3041778 0.2642303 0.3079420 0.2529296 0.3203210 0.3062256 0.5779593 0.6854691 0.6996496 0.7289364 0.6759941 0.6770066 0.6329999 0.3405252 0.4997704 0.5512839 0.5590070 1.5036922 
Crocodylidae      0.2646120 0.2762757 0.2431133 0.2393539 0.2648038 0.2418837 0.2500114 0.2644927 0.2535107 0.2814915 0.2640159 0.2522081 0.2482219 0.2577755 0.2642144 0.2427287 0.2276658 0.2393126 0.1620699 0.1836608 0.1792432 0.1741139 0.1695864 0.1708394 0.1621732 0.1729506 0.1684292 0.1652260 0.1558176 0.0000000 0.1726661 0.1335738 0.2388363 0.2972713 0.2650930 0.3051414 0.2445751 0.3121946 0.3035871 0.5880647 0.6844962 0.6960171 0.7029400 0.6847520 0.6738615 0.6222451 0.3295409 0.4935288 0.5320951 0.5431589 1.4706836 
Carettochelyidae  0.2716180 0.2843852 0.2442693 0.2465557 0.2736849 0.2465167 0.2592893 0.2706854 0.2639349 0.2858851 0.2702665 0.2585258 0.2552528 0.2621964 0.2784199 0.2488574 0.2387146 0.2477273 0.1877749 0.2119077 0.2034897 0.2008283 0.1969430 0.1987279 0.1932227 0.2006603 0.1932974 0.1943397 0.1873876 0.1726661 0.0000000 0.1130271 0.2548704 0.3173995 0.2811084 0.3223242 0.2707037 0.3367434 0.3110613 0.5801788 0.6934684 0.7143894 0.7127418 0.6859024 0.6733241 0.6176833 0.3543831 0.5059205 0.5473691 0.5550421 1.5022976 
Kinosternidae     0.2297302 0.2419368 0.2048884 0.2061950 0.2351101 0.2088777 0.2207985 0.2343943 0.2233814 0.2460719 0.2313877 0.2201290 0.2147174 0.2235251 0.2316183 0.2117376 0.1953023 0.2068722 0.1469853 0.1713910 0.1634002 0.1613108 0.1597835 0.1577072 0.1512771 0.1589996 0.1544923 0.1522870 0.1429978 0.1335738 0.1130271 0.0000000 0.2122588 0.2742350 0.2424636 0.2826845 0.2249207 0.2919770 0.2743862 0.5439204 0.6512622 0.6724976 0.6700644 0.6646006 0.6346292 0.5961550 0.3053941 0.4562134 0.5027338 0.5105892 1.4902626 
Anomalepididae    0.3003622 0.3093320 0.2788655 0.2763814 0.3053793 0.2822178 0.2921012 0.3077366 0.2948574 0.3139747 0.2978406 0.2901273 0.2842385 0.2900886 0.3078947 0.2804212 0.2704906 0.2776559 0.2497565 0.2788177 0.2694272 0.2634973 0.2637903 0.2608323 0.2571549 0.2648496 0.2605860 0.2584656 0.2489287 0.2388363 0.2548704 0.2122588 0.0000000 0.2328616 0.1986714 0.2400563 0.2030466 0.2895988 0.3383984 0.6036068 0.7095439 0.7067300 0.7336222 0.7103194 0.7044213 0.6434339 0.3799239 0.5356245 0.5959050 0.6000099 1.5209349 
Loxocemidae       0.3624523 0.3714538 0.3442493 0.3422863 0.3651493 0.3476560 0.3488318 0.3609364 0.3536391 0.3781116 0.3603407 0.3557960 0.3476893 0.3504479 0.3631266 0.3438939 0.3250476 0.3368663 0.3070735 0.3320471 0.3235348 0.3238010 0.3202825 0.3150500 0.3064593 0.3166856 0.3105298 0.3094166 0.3041778 0.2972713 0.3173995 0.2742350 0.2328616 0.0000000 0.1925797 0.3159061 0.2597316 0.3476732 0.4102721 0.6794830 0.7758494 0.7808883 0.8124139 0.7851730 0.7990328 0.7241906 0.4473043 0.5853610 0.6381512 0.6463227 1.6441802 
Natricidae        0.3272987 0.3394705 0.3108196 0.3099575 0.3405577 0.3108920 0.3152614 0.3343070 0.3242639 0.3450594 0.3237296 0.3153491 0.3097241 0.3171929 0.3390030 0.3116448 0.2946328 0.3021108 0.2785546 0.3057707 0.2957893 0.2958216 0.2914923 0.2873216 0.2804928 0.2930471 0.2872778 0.2838543 0.2642303 0.2650930 0.2811084 0.2424636 0.1986714 0.1925797 0.0000000 0.2747028 0.2338721 0.3077744 0.3673166 0.6474818 0.7390776 0.7573317 0.7719426 0.7390359 0.7698444 0.6917623 0.4087194 0.5712334 0.6238218 0.6286645 1.5809191 
Xenosauridae      0.3647865 0.3710821 0.3450279 0.3457732 0.3726927 0.3477666 0.3555474 0.3713535 0.3569843 0.3779213 0.3698815 0.3555916 0.3468003 0.3607016 0.3667503 0.3425263 0.3282607 0.3347228 0.3197645 0.3413530 0.3445436 0.3366331 0.3399275 0.3317470 0.3240645 0.3400971 0.3321590 0.3323062 0.3079420 0.3051414 0.3223242 0.2826845 0.2400563 0.3159061 0.2747028 0.0000000 0.2661954 0.3346152 0.4036225 0.6825733 0.7562115 0.7856303 0.8092691 0.7710834 0.7671220 0.7098359 0.4377136 0.6015830 0.6623569 0.6696923 1.6258198 
Teiidae           0.3115396 0.3199679 0.2886573 0.2895700 0.3145947 0.2939785 0.2959221 0.3129367 0.3011760 0.3292395 0.3117966 0.2983958 0.2917820 0.3022553 0.3153534 0.2856892 0.2680676 0.2744221 0.2591675 0.2840056 0.2770962 0.2737230 0.2706155 0.2676375 0.2639164 0.2710194 0.2657956 0.2660406 0.2529296 0.2445751 0.2707037 0.2249207 0.2030466 0.2597316 0.2338721 0.2661954 0.0000000 0.2821108 0.3621142 0.6282718 0.7235679 0.7588987 0.7645122 0.7232277 0.7183490 0.6570869 0.3926101 0.5367900 0.5790337 0.5862232 1.5945719 
Eublepharidae     0.3722218 0.3807425 0.3485276 0.3475888 0.3762929 0.3513560 0.3616491 0.3767198 0.3655395 0.3783785 0.3689743 0.3542713 0.3538192 0.3648717 0.3748380 0.3585166 0.3444864 0.3446668 0.3214788 0.3483248 0.3455392 0.3383966 0.3421729 0.3362275 0.3317476 0.3378689 0.3346505 0.3322818 0.3203210 0.3121946 0.3367434 0.2919770 0.2895988 0.3476732 0.3077744 0.3346152 0.2821108 0.0000000 0.4112155 0.6778457 0.7870563 0.7818728 0.8121414 0.7866579 0.7780547 0.7142268 0.4596074 0.6103962 0.6431742 0.6573841 1.6198653 
Dicamptodontidae  0.3180830 0.3318912 0.2980074 0.2996166 0.3259434 0.3031957 0.3086308 0.3170061 0.3143584 0.3342095 0.3211919 0.3160311 0.3055128 0.3148143 0.3285569 0.2930616 0.2812064 0.2950582 0.3132809 0.3411102 0.3312399 0.3281602 0.3275136 0.3207994 0.3155339 0.3250449 0.3195598 0.3161476 0.3062256 0.3035871 0.3110613 0.2743862 0.3383984 0.4102721 0.3673166 0.4036225 0.3621142 0.4112155 0.0000000 0.4873174 0.6090601 0.6079936 0.6214441 0.6139431 0.5779820 0.5400214 0.2981531 0.5221089 0.5805114 0.5985510 1.5432686 
Alytidae          0.5832183 0.5751102 0.5505598 0.5478171 0.5711033 0.5553853 0.5612523 0.5707422 0.5614135 0.5897232 0.5821059 0.5750330 0.5468267 0.5543798 0.5809884 0.5418968 0.5281975 0.5345379 0.5867737 0.6115929 0.6017799 0.6082113 0.6077332 0.5924446 0.5948037 0.6004468 0.5925561 0.5919132 0.5779593 0.5880647 0.5801788 0.5439204 0.6036068 0.6794830 0.6474818 0.6825733 0.6282718 0.6778457 0.4873174 0.0000000 0.7945347 0.7745598 0.8085688 0.7567110 0.7034414 0.6812990 0.5498816 0.7834700 0.8613712 0.8595646 1.7985756 
Heleophrynidae    0.7122910 0.7232239 0.6830967 0.6850692 0.7154650 0.7050093 0.6842827 0.7185317 0.7008246 0.7122179 0.7123217 0.6962497 0.6922829 0.6985760 0.7200961 0.6838230 0.6653102 0.6740771 0.6762003 0.7049624 0.6861349 0.6885562 0.6914141 0.6889538 0.6843587 0.6963519 0.6891486 0.6842377 0.6854691 0.6844962 0.6934684 0.6512622 0.7095439 0.7758494 0.7390776 0.7562115 0.7235679 0.7870563 0.6090601 0.7945347 0.0000000 0.6444425 0.6918734 0.6876399 0.6365562 0.5970870 0.6569437 0.8997145 0.9816907 0.9702964 1.8673383 
Leptodactylidae   0.7304298 0.7335449 0.6879684 0.6861478 0.7229331 0.7054457 0.6882858 0.7142426 0.7014839 0.7287326 0.7193014 0.7142974 0.6961168 0.7065486 0.7381633 0.6863699 0.6709581 0.6841854 0.7081875 0.7338736 0.7195497 0.7237230 0.7228928 0.7084677 0.7115852 0.7214908 0.7124360 0.7014525 0.6996496 0.6960171 0.7143894 0.6724976 0.7067300 0.7808883 0.7573317 0.7856303 0.7588987 0.7818728 0.6079936 0.7745598 0.6444425 0.0000000 0.2642034 0.6439700 0.6195665 0.5739026 0.6862451 0.9087529 0.9573075 0.9480067 1.9405954 
Strabomantidae    0.7305315 0.7313350 0.6858916 0.6899929 0.7143100 0.7016586 0.6960507 0.7099757 0.7007281 0.7249627 0.7193615 0.7176957 0.6879258 0.6990560 0.7287922 0.6962137 0.6820555 0.6943495 0.7221263 0.7638490 0.7551999 0.7530910 0.7593442 0.7394851 0.7403743 0.7556983 0.7444822 0.7364246 0.7289364 0.7029400 0.7127418 0.6700644 0.7336222 0.8124139 0.7719426 0.8092691 0.7645122 0.8121414 0.6214441 0.8085688 0.6918734 0.2642034 0.0000000 0.6875035 0.6381656 0.6142965 0.6917609 0.9105506 0.9801842 0.9806787 2.0095909 
Micrixalidae      0.7037348 0.7072465 0.6576453 0.6608752 0.6974174 0.6752395 0.6663650 0.6882582 0.6862174 0.7051913 0.6886690 0.6816677 0.6747776 0.6784272 0.6998731 0.6603454 0.6503848 0.6600368 0.6806210 0.7080706 0.6971378 0.7040593 0.6960384 0.6861168 0.6922916 0.7011776 0.6906574 0.6852563 0.6759941 0.6847520 0.6859024 0.6646006 0.7103194 0.7851730 0.7390359 0.7710834 0.7232277 0.7866579 0.6139431 0.7567110 0.6876399 0.6439700 0.6875035 0.0000000 0.4429288 0.3971635 0.6573704 0.8992707 0.9380092 0.9531939 2.0052209 
Hemisotidae       0.6854949 0.6863757 0.6434491 0.6387443 0.6854233 0.6594174 0.6635431 0.6767062 0.6664348 0.6891845 0.6727477 0.6655976 0.6532976 0.6589501 0.6786907 0.6413994 0.6313010 0.6455591 0.6747813 0.7073358 0.6864812 0.6942430 0.6932325 0.6852309 0.6868973 0.7012115 0.6848001 0.6787401 0.6770066 0.6738615 0.6733241 0.6346292 0.7044213 0.7990328 0.7698444 0.7671220 0.7183490 0.7780547 0.5779820 0.7034414 0.6365562 0.6195665 0.6381656 0.4429288 0.0000000 0.3589567 0.6538978 0.8692265 0.9445344 0.9399455 1.8551418 
Asterophryidae    0.6442853 0.6471823 0.6110061 0.6127833 0.6516462 0.6237377 0.6225011 0.6359221 0.6247498 0.6655444 0.6379313 0.6304029 0.6159833 0.6161517 0.6461999 0.6058325 0.5924818 0.6041485 0.6333018 0.6600582 0.6488848 0.6430852 0.6471396 0.6414128 0.6385553 0.6466948 0.6372037 0.6354549 0.6329999 0.6222451 0.6176833 0.5961550 0.6434339 0.7241906 0.6917623 0.7098359 0.6570869 0.7142268 0.5400214 0.6812990 0.5970870 0.5739026 0.6142965 0.3971635 0.3589567 0.0000000 0.5899027 0.8461369 0.9014492 0.8936116 1.9214929 
Caeciliidae2      0.3533125 0.3609231 0.3256053 0.3267222 0.3517588 0.3381844 0.3390963 0.3584790 0.3464282 0.3733502 0.3610868 0.3508210 0.3349577 0.3433679 0.3633827 0.3300373 0.3147875 0.3232797 0.3385779 0.3691997 0.3597902 0.3608266 0.3529413 0.3550535 0.3486496 0.3576204 0.3465768 0.3496483 0.3405252 0.3295409 0.3543831 0.3053941 0.3799239 0.4473043 0.4087194 0.4377136 0.3926101 0.4596074 0.2981531 0.5498816 0.6569437 0.6862451 0.6917609 0.6573704 0.6538978 0.5899027 0.0000000 0.5561094 0.6133110 0.6237687 1.5996270 
Polypteriformes   0.5111270 0.5223731 0.4823741 0.4786703 0.5094340 0.4939440 0.4909029 0.5053067 0.5006777 0.5302591 0.5077016 0.5045716 0.4938645 0.4953907 0.5112966 0.4839486 0.4701633 0.4871202 0.5071077 0.5227360 0.5053332 0.5092981 0.5111428 0.5040747 0.5041442 0.5066131 0.5034506 0.4965879 0.4997704 0.4935288 0.5059205 0.4562134 0.5356245 0.5853610 0.5712334 0.6015830 0.5367900 0.6103962 0.5221089 0.7834700 0.8997145 0.9087529 0.9105506 0.8992707 0.8692265 0.8461369 0.5561094 0.0000000 0.5353433 0.5496046 1.5007149 
Channichthyidae   0.5632073 0.5661501 0.5281438 0.5280479 0.5583646 0.5389991 0.5475530 0.5684505 0.5488161 0.5841582 0.5607583 0.5586031 0.5473938 0.5535315 0.5610285 0.5292283 0.5147283 0.5246491 0.5537199 0.5943489 0.5717553 0.5734569 0.5740880 0.5638036 0.5567667 0.5715526 0.5678350 0.5586541 0.5512839 0.5320951 0.5473691 0.5027338 0.5959050 0.6381512 0.6238218 0.6623569 0.5790337 0.6431742 0.5805114 0.8613712 0.9816907 0.9573075 0.9801842 0.9380092 0.9445344 0.9014492 0.6133110 0.5353433 0.0000000 0.0862652 1.6308883 
Pseudaphritidae   0.5734580 0.5777763 0.5412794 0.5404785 0.5675976 0.5548717 0.5590384 0.5826911 0.5621851 0.5960637 0.5749042 0.5700236 0.5599736 0.5635373 0.5712887 0.5346909 0.5251660 0.5326379 0.5700257 0.6036165 0.5869838 0.5928724 0.5913866 0.5768601 0.5737963 0.5853648 0.5809474 0.5722962 0.5590070 0.5431589 0.5550421 0.5105892 0.6000099 0.6463227 0.6286645 0.6696923 0.5862232 0.6573841 0.5985510 0.8595646 0.9702964 0.9480067 0.9806787 0.9531939 0.9399455 0.8936116 0.6237687 0.5496046 0.0862652 0.0000000 1.6373402 
Carcharhinidae    1.5592605 1.5415984 1.5079122 1.5055901 1.5420673 1.5167852 1.5209312 1.5249828 1.5139462 1.5977384 1.5536052 1.5787824 1.5244015 1.5493672 1.5412343 1.5083204 1.5167797 1.5115122 1.4959282 1.5294802 1.4850005 1.5243236 1.5045582 1.4997687 1.4857307 1.4956174 1.4962263 1.4934141 1.5036922 1.4706836 1.5022976 1.4902626 1.5209349 1.6441802 1.5809191 1.6258198 1.5945719 1.6198653 1.5432686 1.7985756 1.8673383 1.9405954 2.0095909 2.0052209 1.8551418 1.9214929 1.5996270 1.5007149 1.6308883 1.6373402 0.0000000 
