51
Pitheciidae       0.0000000 0.4501636 0.2822318 0.2777121 0.3402313 0.3365852 0.3536376 0.3634097 0.3138239 0.4211616 0.3552814 0.3610381 0.3696847 0.3953885 0.4884737 0.7533561 0.7206057 0.7867973 1.3341090 1.2012454 1.2048861 1.2282910 1.1590027 1.2064887 1.2285474 1.2575921 1.3354930 1.1990352 1.2905101 1.0455019 1.1091503 1.0210003 1.0231279 0.9263352 1.0489914 0.8979426 0.9238350 1.0273618 1.3035616 1.4493659 1.2423425 1.1631860 1.1856944 1.3090595 1.2713105 1.3631768 1.4007543 1.5274443 1.5528735 1.6313467 1.8442161 
Scandentia        0.4501636 0.0000000 0.4315117 0.4519043 0.4702366 0.4760245 0.4638940 0.5044069 0.4651813 0.5782739 0.5420832 0.5315194 0.5259767 0.5803929 0.6112506 0.9278241 0.9232691 0.9735518 1.5950094 1.3829369 1.4227840 1.4740790 1.3535281 1.3893171 1.4523313 1.3876402 1.4872743 1.4393501 1.5579438 1.3771923 1.3536906 1.2634083 1.3540910 1.2559522 1.3078301 1.2014409 1.2952457 1.3297358 1.5791117 1.6575305 1.4813973 1.4824992 1.4909212 1.5072943 1.5678385 1.7524614 1.8094881 1.7856177 2.0008824 2.0510054 2.0620009 
Erethizontidae    0.2822318 0.4315117 0.0000000 0.0619425 0.2127309 0.2334520 0.2629531 0.2850008 0.2254020 0.3221067 0.2918429 0.3032609 0.2945368 0.3146948 0.3805778 0.6812936 0.6640583 0.7299209 1.2735557 1.1352857 1.1559197 1.1884898 1.1293539 1.1562619 1.1531728 1.1848967 1.2394693 1.1212838 1.3222930 1.0183644 1.0438755 0.9609731 1.0124471 0.9025100 0.9848780 0.9038286 0.9015885 0.9635953 1.1906548 1.2609479 1.0920672 1.0588917 1.0777335 1.2195639 1.1153877 1.2079296 1.3913758 1.3108276 1.6044697 1.6334235 1.8095822 
Capromyidae       0.2777121 0.4519043 0.0619425 0.0000000 0.2147234 0.2436709 0.2586679 0.2838984 0.2272544 0.2995544 0.2733498 0.2797856 0.2806892 0.3112313 0.3645119 0.6526493 0.6547597 0.7248847 1.2944902 1.1540695 1.1674588 1.2073194 1.1339428 1.1677113 1.1643074 1.2045134 1.2674706 1.1141569 1.3667258 1.0632087 1.1043821 1.0258195 1.0386665 0.9159907 1.0410029 0.8912006 0.9403096 0.9804572 1.2014035 1.2832783 1.1315788 1.0649945 1.0834067 1.1722518 1.0799774 1.1798396 1.3596628 1.3249501 1.5647393 1.5600299 1.8232122 
Muridae           0.3402313 0.4702366 0.2127309 0.2147234 0.0000000 0.2646188 0.3085811 0.3408259 0.2832737 0.3881393 0.3292784 0.3621102 0.3207574 0.3476991 0.4002702 0.7049021 0.7211765 0.7649112 1.3092219 1.0923034 1.1646143 1.2039459 1.1101232 1.1104561 1.0734872 1.1642296 1.2287435 1.1197099 1.3002506 1.1269424 1.1196874 0.9772350 1.0849145 0.9466396 1.0448055 0.9283642 0.9888809 1.0058322 1.3799712 1.3668589 1.1658854 1.1870616 1.2181454 1.3092379 1.1731996 1.1943794 1.5902778 1.4887058 1.5788657 1.5761886 1.8303484 
Castoridae        0.3365852 0.4760245 0.2334520 0.2436709 0.2646188 0.0000000 0.3424273 0.3740659 0.3021045 0.4098273 0.3648134 0.3787683 0.3512549 0.3847534 0.4707209 0.7354631 0.7828728 0.7951509 1.4302430 1.2308608 1.2292732 1.2782269 1.1818645 1.2094687 1.2156637 1.2474123 1.3626340 1.2245012 1.3260880 1.0374045 1.0492446 0.9592107 1.0599424 0.9372033 1.0452673 0.9258311 0.9724595 1.0529276 1.2984337 1.3075281 1.1441162 1.0873401 1.1086899 1.3018427 1.1232446 1.2072164 1.4159897 1.3164906 1.5523771 1.5852238 1.6386653 
Suidae            0.3536376 0.4638940 0.2629531 0.2586679 0.3085811 0.3424273 0.0000000 0.2472301 0.1815297 0.3584722 0.2851569 0.3153570 0.3023180 0.3492642 0.4432738 0.6360194 0.6957694 0.7721035 1.2810695 1.0732534 1.1824628 1.2109677 1.1029475 1.1329156 1.1273060 1.1615958 1.2490558 1.1035636 1.2824511 1.0384507 1.0468466 0.9919416 1.0008573 0.8424514 0.9240725 0.8648215 0.9239758 0.9425055 1.2058584 1.3115076 1.2102583 1.1457246 1.1598718 1.2149941 1.1702890 1.2516522 1.3900812 1.3350357 1.5889927 1.6107906 1.8079905 
Hippopotamidae    0.3634097 0.5044069 0.2850008 0.2838984 0.3408259 0.3740659 0.2472301 0.0000000 0.1851465 0.3564367 0.3224675 0.3607418 0.3255705 0.3692728 0.4878007 0.6996473 0.7982315 0.8979611 1.3582329 1.1980506 1.2072573 1.2188949 1.1632026 1.1752291 1.2197305 1.2310571 1.2804154 1.1837603 1.4320994 1.0336323 1.0110147 0.9920483 1.0861798 0.9112711 1.0249768 0.9698626 0.9913693 1.0325788 1.2684417 1.4077042 1.1841090 1.1248407 1.1452860 1.2925799 1.2184104 1.3113509 1.4507401 1.3660485 1.6527586 1.7462236 1.7742683 
Hyperoodontidae   0.3138239 0.4651813 0.2254020 0.2272544 0.2832737 0.3021045 0.1815297 0.1851465 0.0000000 0.3201183 0.2642492 0.2762906 0.2734850 0.3076075 0.4470257 0.6471685 0.7228424 0.8002602 1.2829574 1.1155322 1.1533658 1.2073049 1.0888217 1.1421388 1.1510749 1.1718301 1.2486659 1.0986322 1.3438139 1.0148673 1.0771182 0.9883543 1.0647429 0.8822901 1.0340178 0.9061903 0.9353119 1.0031132 1.2848923 1.4226273 1.1401832 1.0848595 1.0979561 1.1618042 1.1387148 1.2275491 1.4359023 1.3633114 1.6289743 1.7310153 1.7528219 
Vespertilionidae  0.4211616 0.5782739 0.3221067 0.2995544 0.3881393 0.4098273 0.3584722 0.3564367 0.3201183 0.0000000 0.2532845 0.2710582 0.3548530 0.3930676 0.4797544 0.7340555 0.8112318 0.8632671 1.3403290 1.1559952 1.2667053 1.2670749 1.1818029 1.2347386 1.2354119 1.2476672 1.3345863 1.2145573 1.3233557 1.1183869 1.2185370 1.0403791 1.1176950 1.0294179 1.1242577 0.9703270 1.0026199 1.0807725 1.3776486 1.6278025 1.2961866 1.2135041 1.2279436 1.5056729 1.2637805 1.3590645 1.5412150 1.3601126 1.7163836 1.7184383 1.8809148 
Furipteridae      0.3552814 0.5420832 0.2918429 0.2733498 0.3292784 0.3648134 0.2851569 0.3224675 0.2642492 0.2532845 0.0000000 0.2239435 0.3204048 0.3625286 0.4637986 0.7120027 0.7593655 0.8541063 1.3678332 1.2060243 1.2911453 1.2742368 1.1710474 1.2372650 1.2302889 1.2119077 1.3100040 1.1899872 1.3698750 1.1249847 1.3017932 1.0554644 1.1470259 0.9756172 1.1086940 0.9601335 0.9446338 1.1449271 1.2960286 1.2897970 1.0860215 1.0708852 1.0818350 1.2859435 1.1308136 1.2620157 1.4353934 1.4562691 1.7955890 1.8261889 1.7736929 
Rhinolophidae     0.3610381 0.5315194 0.3032609 0.2797856 0.3621102 0.3787683 0.3153570 0.3607418 0.2762906 0.2710582 0.2239435 0.0000000 0.3312993 0.3684439 0.4633313 0.7378544 0.7489586 0.8481806 1.3777847 1.2242386 1.2900862 1.2828649 1.2134277 1.2267846 1.2546479 1.2429906 1.3291964 1.2118088 1.5389251 1.0920692 1.2596478 1.0861142 1.1348120 1.0312430 1.1782808 1.0231435 0.9896558 1.1652694 1.3660950 1.5009079 1.2134394 1.2181251 1.2266046 1.3872121 1.2019278 1.3269735 1.5204222 1.5321880 1.5962818 1.6285533 1.8162339 
Viverridae        0.3696847 0.5259767 0.2945368 0.2806892 0.3207574 0.3512549 0.3023180 0.3255705 0.2734850 0.3548530 0.3204048 0.3312993 0.0000000 0.2433801 0.4777882 0.7270130 0.7653480 0.7915567 1.3269128 1.1713225 1.1424447 1.1798660 1.1158937 1.1589174 1.1578888 1.2023807 1.2638510 1.0921106 1.3719800 1.0547802 1.0957473 0.9302670 1.1155615 0.9466021 1.0614541 0.9852473 1.0124539 1.0761530 1.3350678 1.4547639 1.2530648 1.1126377 1.1477942 1.3139137 1.2411157 1.2638631 1.4701640 1.3709038 1.7092583 1.8177942 1.7366208 
Procyonidae       0.3953885 0.5803929 0.3146948 0.3112313 0.3476991 0.3847534 0.3492642 0.3692728 0.3076075 0.3930676 0.3625286 0.3684439 0.2433801 0.0000000 0.5083208 0.8148673 0.7960911 0.8115129 1.3749917 1.1301276 1.2251358 1.2443328 1.1374121 1.1604473 1.1364445 1.1659452 1.2072725 1.0997168 1.4161379 1.0328143 1.0804794 0.9476734 1.1420965 0.9719580 1.1542386 1.0461908 1.0479164 1.0694227 1.3148448 1.3976388 1.2152932 1.1054908 1.1316587 1.3266047 1.2149000 1.2481060 1.4011287 1.3740450 1.5358971 1.6562202 1.9433567 
Myrmecophagidae   0.4884737 0.6112506 0.3805778 0.3645119 0.4002702 0.4707209 0.4432738 0.4878007 0.4470257 0.4797544 0.4637986 0.4633313 0.4777882 0.5083208 0.0000000 0.8036847 0.8703221 0.9313231 1.4129203 1.2801162 1.3501519 1.3550298 1.2320864 1.2800322 1.3052927 1.2447236 1.3464665 1.3424279 1.4937614 1.1597990 1.2052586 1.1244729 1.1966167 1.0493928 1.1389162 1.0307520 1.1563623 1.1847017 1.4443889 1.5845954 1.3928327 1.3263774 1.3669201 1.6441713 1.3585118 1.4732811 1.4650221 1.6605404 1.8324345 1.8331131 2.0664166 
Caluromyidae      0.7533561 0.9278241 0.6812936 0.6526493 0.7049021 0.7354631 0.6360194 0.6996473 0.6471685 0.7340555 0.7120027 0.7378544 0.7270130 0.8148673 0.8036847 0.0000000 0.3347701 0.3875659 1.4019451 1.3792782 1.4158451 1.4279050 1.3513798 1.2899655 1.3974601 1.3530850 1.3695876 1.3324321 1.3927881 0.9980119 1.1946644 1.1193740 1.2246203 1.1674945 1.2719352 1.1360873 1.0684314 1.2443355 1.4145292 1.5046222 1.2852957 1.3407386 1.2961549 1.4768316 1.2782945 1.4637896 1.3433924 1.4781642 1.8701383 1.7706084 2.1334996 
Thylacomyidae     0.7206057 0.9232691 0.6640583 0.6547597 0.7211765 0.7828728 0.6957694 0.7982315 0.7228424 0.8112318 0.7593655 0.7489586 0.7653480 0.7960911 0.8703221 0.3347701 0.0000000 0.2640669 1.2944038 1.2119822 1.2962299 1.3380245 1.2163746 1.2068767 1.2571165 1.2233487 1.3359150 1.2525776 1.2676781 1.0442244 1.3224892 1.0902016 1.1163043 1.1274830 1.2032510 1.1346925 1.0581208 1.2621817 1.3176842 1.4098764 1.2857596 1.2781185 1.2115857 1.3763379 1.2658492 1.4275064 1.5224802 1.5515521 1.7111442 1.5843289 1.9804373 
Phalangeridae     0.7867973 0.9735518 0.7299209 0.7248847 0.7649112 0.7951509 0.7721035 0.8979611 0.8002602 0.8632671 0.8541063 0.8481806 0.7915567 0.8115129 0.9313231 0.3875659 0.2640669 0.0000000 1.5727114 1.4723019 1.5230820 1.5559096 1.4236834 1.3574795 1.4350942 1.4815648 1.5311052 1.4484437 1.3602997 1.2266945 1.4857093 1.2897100 1.3419628 1.4082876 1.3981416 1.3489094 1.2737611 1.5181380 1.7506716 1.6868867 1.5341313 1.5246821 1.4791579 1.4857208 1.4325707 1.6547452 1.6512133 1.5682276 2.0101591 1.8428619 2.1316600 
Tityridae         1.3341090 1.5950094 1.2735557 1.2944902 1.3092219 1.4302430 1.2810695 1.3582329 1.2829574 1.3403290 1.3678332 1.3777847 1.3269128 1.3749917 1.4129203 1.4019451 1.2944038 1.5727114 0.0000000 0.3894027 0.3885751 0.4386059 0.3918550 0.3437579 0.3616362 0.3790204 0.3746893 0.3806657 0.4679427 0.8176097 0.8310554 0.8082537 1.1366112 0.9673286 1.0187412 0.9267242 0.9758580 1.0592556 1.4081464 1.5160798 1.2987883 1.3290914 1.3378332 1.5031473 1.5253115 1.5922852 1.5916353 1.4571259 1.7406760 1.7541622 1.6958125 
Ptilonorhynchidae 1.2012454 1.3829369 1.1352857 1.1540695 1.0923034 1.2308608 1.0732534 1.1980506 1.1155322 1.1559952 1.2060243 1.2242386 1.1713225 1.1301276 1.2801162 1.3792782 1.2119822 1.4723019 0.3894027 0.0000000 0.2158255 0.2440945 0.2081182 0.1556131 0.2027974 0.1741102 0.1946872 0.1923268 0.3663347 0.6158280 0.7284087 0.6410254 0.8825355 0.7686423 0.8442401 0.7783222 0.8100357 0.9571743 1.2883535 1.3253456 1.2532551 1.1879631 1.2309437 1.3841474 1.3729614 1.4426190 1.5275974 1.4662947 1.5744389 1.7108666 1.6580970 
Callaeatidae      1.2048861 1.4227840 1.1559197 1.1674588 1.1646143 1.2292732 1.1824628 1.2072573 1.1533658 1.2667053 1.2911453 1.2900862 1.1424447 1.2251358 1.3501519 1.4158451 1.2962299 1.5230820 0.3885751 0.2158255 0.0000000 0.2086668 0.1750700 0.1471994 0.2051562 0.1706960 0.1949426 0.1860381 0.3765752 0.6742210 0.7368179 0.6648536 0.9909900 0.8145806 0.9120432 0.8068734 0.8584364 1.0547920 1.2946803 1.4842389 1.2703156 1.1146029 1.1308066 1.2658894 1.3178374 1.3737043 1.5127318 1.4972235 1.5840431 1.7107008 1.5559260 
Monarchidae       1.2282910 1.4740790 1.1884898 1.2073194 1.2039459 1.2782269 1.2109677 1.2188949 1.2073049 1.2670749 1.2742368 1.2828649 1.1798660 1.2443328 1.3550298 1.4279050 1.3380245 1.5559096 0.4386059 0.2440945 0.2086668 0.0000000 0.1652279 0.1920105 0.2386527 0.2140201 0.2359776 0.2261512 0.4486966 0.7410784 0.8136224 0.7151067 0.9758737 0.8745316 0.9641934 0.8680942 0.9054522 1.0367261 1.2805675 1.4316687 1.2413960 1.1987093 1.2253192 1.3453329 1.3045331 1.4536068 1.3890112 1.4990356 1.5675349 1.7307946 1.6553799 
Malaconotidae     1.1590027 1.3535281 1.1293539 1.1339428 1.1101232 1.1818645 1.1029475 1.1632026 1.0888217 1.1818029 1.1710474 1.2134277 1.1158937 1.1374121 1.2320864 1.3513798 1.2163746 1.4236834 0.3918550 0.2081182 0.1750700 0.1652279 0.0000000 0.1567836 0.2095222 0.1677376 0.1880317 0.1878171 0.4084676 0.6695592 0.7804677 0.7075827 0.9261600 0.7515434 0.8239286 0.7505023 0.7917738 0.8710439 1.2051533 1.3243203 1.2380430 1.1074003 1.1448026 1.3231391 1.2968481 1.3732035 1.3434104 1.4397806 1.6011305 1.7486065 1.6359631 
Certhiidae        1.2064887 1.3893171 1.1562619 1.1677113 1.1104561 1.2094687 1.1329156 1.1752291 1.1421388 1.2347386 1.2372650 1.2267846 1.1589174 1.1604473 1.2800322 1.2899655 1.2068767 1.3574795 0.3437579 0.1556131 0.1471994 0.1920105 0.1567836 0.0000000 0.1278451 0.0967895 0.1151484 0.1206913 0.3609036 0.5934385 0.7165541 0.6589069 0.8815828 0.7208796 0.8307418 0.7323636 0.7527267 0.9152602 1.1717805 1.3854203 1.1736702 1.0648663 1.0884264 1.3071034 1.2459461 1.4138517 1.3531592 1.3861019 1.5159997 1.6402071 1.5524644 
Cinclidae         1.2285474 1.4523313 1.1531728 1.1643074 1.0734872 1.2156637 1.1273060 1.2197305 1.1510749 1.2354119 1.2302889 1.2546479 1.1578888 1.1364445 1.3052927 1.3974601 1.2571165 1.4350942 0.3616362 0.2027974 0.2051562 0.2386527 0.2095222 0.1278451 0.0000000 0.1460296 0.1632143 0.1773147 0.3913157 0.6529242 0.7832434 0.6744859 0.9680083 0.8225271 0.8478116 0.7645142 0.8159959 0.9843183 1.2642651 1.5037227 1.2629326 1.1756605 1.1940609 1.3025342 1.3439171 1.4436173 1.4597394 1.4072405 1.6639046 1.8043588 1.7059848 
Ploceidae         1.2575921 1.3876402 1.1848967 1.2045134 1.1642296 1.2474123 1.1615958 1.2310571 1.1718301 1.2476672 1.2119077 1.2429906 1.2023807 1.1659452 1.2447236 1.3530850 1.2233487 1.4815648 0.3790204 0.1741102 0.1706960 0.2140201 0.1677376 0.0967895 0.1460296 0.0000000 0.1018342 0.1444731 0.3737225 0.6071244 0.7533954 0.6627124 0.8788625 0.8068773 0.8721771 0.7536738 0.7990091 0.9318339 1.1884342 1.3790849 1.1856754 1.1099649 1.1265698 1.3088622 1.2819087 1.3741478 1.3790220 1.4711540 1.5570989 1.7051955 1.5213104 
Thraupidae        1.3354930 1.4872743 1.2394693 1.2674706 1.2287435 1.3626340 1.2490558 1.2804154 1.2486659 1.3345863 1.3100040 1.3291964 1.2638510 1.2072725 1.3464665 1.3695876 1.3359150 1.5311052 0.3746893 0.1946872 0.1949426 0.2359776 0.1880317 0.1151484 0.1632143 0.1018342 0.0000000 0.1588204 0.3937602 0.6559399 0.7606599 0.6878926 0.9423001 0.8379523 0.9019779 0.7945153 0.8271265 0.9612563 1.1776954 1.3577109 1.2419327 1.0975955 1.1275598 1.2979649 1.3053463 1.4095326 1.4681101 1.5556656 1.6339350 1.7178362 1.6578445 
Alaudidae         1.1990352 1.4393501 1.1212838 1.1141569 1.1197099 1.2245012 1.1035636 1.1837603 1.0986322 1.2145573 1.1899872 1.2118088 1.0921106 1.0997168 1.3424279 1.3324321 1.2525776 1.4484437 0.3806657 0.1923268 0.1860381 0.2261512 0.1878171 0.1206913 0.1773147 0.1444731 0.1588204 0.0000000 0.3989894 0.6266748 0.7788361 0.6580792 0.9097066 0.7571370 0.8732655 0.7744699 0.7745488 0.9336245 1.2577049 1.3075037 1.2484331 1.1389605 1.1643997 1.2730782 1.2603705 1.4166428 1.4471146 1.4359591 1.5116587 1.7023250 1.5685500 
Coraciiformes     1.2905101 1.5579438 1.3222930 1.3667258 1.3002506 1.3260880 1.2824511 1.4320994 1.3438139 1.3233557 1.3698750 1.5389251 1.3719800 1.4161379 1.4937614 1.3927881 1.2676781 1.3602997 0.4679427 0.3663347 0.3765752 0.4486966 0.4084676 0.3609036 0.3913157 0.3737225 0.3937602 0.3989894 0.0000000 0.6605533 0.8023027 0.7521787 0.9364288 0.8919923 0.9301097 0.8094241 0.8859559 1.0340263 1.3090858 1.4412977 1.2178294 1.2476188 1.3011189 1.3228764 1.3396666 1.4610638 1.5367433 1.5791389 1.8717148 1.9628089 1.8338737 
Crocodylidae      1.0455019 1.3771923 1.0183644 1.0632087 1.1269424 1.0374045 1.0384507 1.0336323 1.0148673 1.1183869 1.1249847 1.0920692 1.0547802 1.0328143 1.1597990 0.9980119 1.0442244 1.2266945 0.8176097 0.6158280 0.6742210 0.7410784 0.6695592 0.5934385 0.6529242 0.6071244 0.6559399 0.6266748 0.6605533 0.0000000 0.5608423 0.5070180 0.6970586 0.5666358 0.5998809 0.5751110 0.5596217 0.7511262 0.9678957 1.2180381 0.9114896 0.8793380 0.8635413 1.0650646 0.9953092 1.0905904 1.1701343 1.2525253 1.4415527 1.5329324 1.5044642 
Carettochelyidae  1.1091503 1.3536906 1.0438755 1.1043821 1.1196874 1.0492446 1.0468466 1.0110147 1.0771182 1.2185370 1.3017932 1.2596478 1.0957473 1.0804794 1.2052586 1.1946644 1.3224892 1.4857093 0.8310554 0.7284087 0.7368179 0.8136224 0.7804677 0.7165541 0.7832434 0.7533954 0.7606599 0.7788361 0.8023027 0.5608423 0.0000000 0.4179225 0.6795766 0.6926846 0.7736758 0.6415740 0.7130304 0.7637130 1.2253114 1.2473613 1.0949180 1.0753283 1.0870374 1.2201143 1.1460261 1.3240750 1.2272970 1.3049118 1.2906336 1.2537220 1.5035978 
Kinosternidae     1.0210003 1.2634083 0.9609731 1.0258195 0.9772350 0.9592107 0.9919416 0.9920483 0.9883543 1.0403791 1.0554644 1.0861142 0.9302670 0.9476734 1.1244729 1.1193740 1.0902016 1.2897100 0.8082537 0.6410254 0.6648536 0.7151067 0.7075827 0.6589069 0.6744859 0.6627124 0.6878926 0.6580792 0.7521787 0.5070180 0.4179225 0.0000000 0.6633031 0.5433192 0.6939546 0.6081638 0.5573420 0.7733381 0.9541916 1.1704177 0.8823278 0.8496275 0.8682491 1.0181410 0.9606605 1.0472225 1.0645895 1.0530568 1.2642650 1.3597062 1.2267675 
Anomalepididae    1.0231279 1.3540910 1.0124471 1.0386665 1.0849145 1.0599424 1.0008573 1.0861798 1.0647429 1.1176950 1.1470259 1.1348120 1.1155615 1.1420965 1.1966167 1.2246203 1.1163043 1.3419628 1.1366112 0.8825355 0.9909900 0.9758737 0.9261600 0.8815828 0.9680083 0.8788625 0.9423001 0.9097066 0.9364288 0.6970586 0.6795766 0.6633031 0.0000000 0.3829170 0.4429496 0.3552286 0.3863701 0.5605096 1.0424484 1.1903399 0.9868207 1.0452869 1.0358170 1.1008824 1.0049811 1.0349614 1.1761197 1.3127297 1.4022092 1.4541933 1.1936037 
Loxocemidae       0.9263352 1.2559522 0.9025100 0.9159907 0.9466396 0.9372033 0.8424514 0.9112711 0.8822901 1.0294179 0.9756172 1.0312430 0.9466021 0.9719580 1.0493928 1.1674945 1.1274830 1.4082876 0.9673286 0.7686423 0.8145806 0.8745316 0.7515434 0.7208796 0.8225271 0.8068773 0.8379523 0.7571370 0.8919923 0.5666358 0.6926846 0.5433192 0.3829170 0.0000000 0.2388312 0.2995019 0.3192542 0.4715458 0.8533220 1.0491096 0.7909389 0.8302645 0.8307809 0.9704804 0.8500993 0.9552832 1.0127219 1.0086992 1.2764309 1.2934639 1.3424103 
Natricidae        1.0489914 1.3078301 0.9848780 1.0410029 1.0448055 1.0452673 0.9240725 1.0249768 1.0340178 1.1242577 1.1086940 1.1782808 1.0614541 1.1542386 1.1389162 1.2719352 1.2032510 1.3981416 1.0187412 0.8442401 0.9120432 0.9641934 0.8239286 0.8307418 0.8478116 0.8721771 0.9019779 0.8732655 0.9301097 0.5998809 0.7736758 0.6939546 0.4429496 0.2388312 0.0000000 0.3542044 0.3851627 0.5604198 0.8997789 1.1867244 0.9279712 0.9508410 0.9389169 1.0620563 0.9767712 1.0280394 1.1403883 1.1751231 1.4149885 1.4578827 1.2515638 
Xenosauridae      0.8979426 1.2014409 0.9038286 0.8912006 0.9283642 0.9258311 0.8648215 0.9698626 0.9061903 0.9703270 0.9601335 1.0231435 0.9852473 1.0461908 1.0307520 1.1360873 1.1346925 1.3489094 0.9267242 0.7783222 0.8068734 0.8680942 0.7505023 0.7323636 0.7645142 0.7536738 0.7945153 0.7744699 0.8094241 0.5751110 0.6415740 0.6081638 0.3552286 0.2995019 0.3542044 0.0000000 0.2889352 0.4652933 0.9350998 1.1463424 0.8617373 0.8838936 0.8911674 1.0494179 0.8918137 0.9854626 1.0434076 1.0586783 1.3656224 1.4084061 1.3111902 
Teiidae           0.9238350 1.2952457 0.9015885 0.9403096 0.9888809 0.9724595 0.9239758 0.9913693 0.9353119 1.0026199 0.9446338 0.9896558 1.0124539 1.0479164 1.1563623 1.0684314 1.0581208 1.2737611 0.9758580 0.8100357 0.8584364 0.9054522 0.7917738 0.7527267 0.8159959 0.7990091 0.8271265 0.7745488 0.8859559 0.5596217 0.7130304 0.5573420 0.3863701 0.3192542 0.3851627 0.2889352 0.0000000 0.5047618 0.9084376 1.1613245 0.8927235 0.8792946 0.8921836 1.0144160 0.8986207 0.9933387 1.0579417 1.0771880 1.2122894 1.2525035 1.2582604 
Eublepharidae     1.0273618 1.3297358 0.9635953 0.9804572 1.0058322 1.0529276 0.9425055 1.0325788 1.0031132 1.0807725 1.1449271 1.1652694 1.0761530 1.0694227 1.1847017 1.2443355 1.2621817 1.5181380 1.0592556 0.9571743 1.0547920 1.0367261 0.8710439 0.9152602 0.9843183 0.9318339 0.9612563 0.9336245 1.0340263 0.7511262 0.7637130 0.7733381 0.5605096 0.4715458 0.5604198 0.4652933 0.5047618 0.0000000 0.8994452 1.2257220 1.0460038 1.0152551 1.0308023 1.2539576 1.0813643 1.1754695 1.0759186 1.1522078 1.3099677 1.4027037 1.5377780 
Dicamptodontidae  1.3035616 1.5791117 1.1906548 1.2014035 1.3799712 1.2984337 1.2058584 1.2684417 1.2848923 1.3776486 1.2960286 1.3660950 1.3350678 1.3148448 1.4443889 1.4145292 1.3176842 1.7506716 1.4081464 1.2883535 1.2946803 1.2805675 1.2051533 1.1717805 1.2642651 1.1884342 1.1776954 1.2577049 1.3090858 0.9678957 1.2253114 0.9541916 1.0424484 0.8533220 0.8997789 0.9350998 0.9084376 0.8994452 0.0000000 0.7388715 0.5887505 0.5093378 0.5121834 0.7043754 0.6031302 0.7405969 0.7836817 1.1587266 1.4056603 1.4205903 1.5195258 
Alytidae          1.4493659 1.6575305 1.2609479 1.2832783 1.3668589 1.3075281 1.3115076 1.4077042 1.4226273 1.6278025 1.2897970 1.5009079 1.4547639 1.3976388 1.5845954 1.5046222 1.4098764 1.6868867 1.5160798 1.3253456 1.4842389 1.4316687 1.3243203 1.3854203 1.5037227 1.3790849 1.3577109 1.3075037 1.4412977 1.2180381 1.2473613 1.1704177 1.1903399 1.0491096 1.1867244 1.1463424 1.1613245 1.2257220 0.7388715 0.0000000 0.6420893 0.6348581 0.6388120 0.7820784 0.7139897 0.8411739 0.9866993 1.4251639 1.5265039 1.6693951 1.5017646 
Heleophrynidae    1.2423425 1.4813973 1.0920672 1.1315788 1.1658854 1.1441162 1.2102583 1.1841090 1.1401832 1.2961866 1.0860215 1.2134394 1.2530648 1.2152932 1.3928327 1.2852957 1.2857596 1.5341313 1.2987883 1.2532551 1.2703156 1.2413960 1.2380430 1.1736702 1.2629326 1.1856754 1.2419327 1.2484331 1.2178294 0.9114896 1.0949180 0.8823278 0.9868207 0.7909389 0.9279712 0.8617373 0.8927235 1.0460038 0.5887505 0.6420893 0.0000000 0.2437628 0.2417512 0.3972157 0.2887091 0.4270651 0.7929771 1.2029512 1.3697333 1.3190082 1.4533576 
Leptodactylidae   1.1631860 1.4824992 1.0588917 1.0649945 1.1870616 1.0873401 1.1457246 1.1248407 1.0848595 1.2135041 1.0708852 1.2181251 1.1126377 1.1054908 1.3263774 1.3407386 1.2781185 1.5246821 1.3290914 1.1879631 1.1146029 1.1987093 1.1074003 1.0648663 1.1756605 1.1099649 1.0975955 1.1389605 1.2476188 0.8793380 1.0753283 0.8496275 1.0452869 0.8302645 0.9508410 0.8838936 0.8792946 1.0152551 0.5093378 0.6348581 0.2437628 0.0000000 0.0291127 0.3776713 0.2724495 0.4032750 0.7753213 1.1175029 1.4675253 1.4361639 1.4103736 
Strabomantidae    1.1856944 1.4909212 1.0777335 1.0834067 1.2181454 1.1086899 1.1598718 1.1452860 1.0979561 1.2279436 1.0818350 1.2266046 1.1477942 1.1316587 1.3669201 1.2961549 1.2115857 1.4791579 1.3378332 1.2309437 1.1308066 1.2253192 1.1448026 1.0884264 1.1940609 1.1265698 1.1275598 1.1643997 1.3011189 0.8635413 1.0870374 0.8682491 1.0358170 0.8307809 0.9389169 0.8911674 0.8921836 1.0308023 0.5121834 0.6388120 0.2417512 0.0291127 0.0000000 0.3933364 0.2981198 0.4083580 0.7695901 1.1319875 1.5043322 1.4498110 1.4398133 
Micrixalidae      1.3090595 1.5072943 1.2195639 1.1722518 1.3092379 1.3018427 1.2149941 1.2925799 1.1618042 1.5056729 1.2859435 1.3872121 1.3139137 1.3266047 1.6441713 1.4768316 1.3763379 1.4857208 1.5031473 1.3841474 1.2658894 1.3453329 1.3231391 1.3071034 1.3025342 1.3088622 1.2979649 1.2730782 1.3228764 1.0650646 1.2201143 1.0181410 1.1008824 0.9704804 1.0620563 1.0494179 1.0144160 1.2539576 0.7043754 0.7820784 0.3972157 0.3776713 0.3933364 0.0000000 0.3529973 0.4568036 0.8170168 1.3166657 1.4503177 1.5250753 1.5551230 
Hemisotidae       1.2713105 1.5678385 1.1153877 1.0799774 1.1731996 1.1232446 1.1702890 1.2184104 1.1387148 1.2637805 1.1308136 1.2019278 1.2411157 1.2149000 1.3585118 1.2782945 1.2658492 1.4325707 1.5253115 1.3729614 1.3178374 1.3045331 1.2968481 1.2459461 1.3439171 1.2819087 1.3053463 1.2603705 1.3396666 0.9953092 1.1460261 0.9606605 1.0049811 0.8500993 0.9767712 0.8918137 0.8986207 1.0813643 0.6031302 0.7139897 0.2887091 0.2724495 0.2981198 0.3529973 0.0000000 0.3584285 0.8123254 1.1687348 1.3608075 1.3635867 1.3825394 
Asterophryidae    1.3631768 1.7524614 1.2079296 1.1798396 1.1943794 1.2072164 1.2516522 1.3113509 1.2275491 1.3590645 1.2620157 1.3269735 1.2638631 1.2481060 1.4732811 1.4637896 1.4275064 1.6547452 1.5922852 1.4426190 1.3737043 1.4536068 1.3732035 1.4138517 1.4436173 1.3741478 1.4095326 1.4166428 1.4610638 1.0905904 1.3240750 1.0472225 1.0349614 0.9552832 1.0280394 0.9854626 0.9933387 1.1754695 0.7405969 0.8411739 0.4270651 0.4032750 0.4083580 0.4568036 0.3584285 0.0000000 0.9782407 1.3686219 1.4657522 1.5746946 1.5454743 
Caeciliidae2      1.4007543 1.8094881 1.3913758 1.3596628 1.5902778 1.4159897 1.3900812 1.4507401 1.4359023 1.5412150 1.4353934 1.5204222 1.4701640 1.4011287 1.4650221 1.3433924 1.5224802 1.6512133 1.5916353 1.5275974 1.5127318 1.3890112 1.3434104 1.3531592 1.4597394 1.3790220 1.4681101 1.4471146 1.5367433 1.1701343 1.2272970 1.0645895 1.1761197 1.0127219 1.1403883 1.0434076 1.0579417 1.0759186 0.7836817 0.9866993 0.7929771 0.7753213 0.7695901 0.8170168 0.8123254 0.9782407 0.0000000 1.2197770 1.5719644 1.6371689 1.7938152 
Polypteriformes   1.5274443 1.7856177 1.3108276 1.3249501 1.4887058 1.3164906 1.3350357 1.3660485 1.3633114 1.3601126 1.4562691 1.5321880 1.3709038 1.3740450 1.6605404 1.4781642 1.5515521 1.5682276 1.4571259 1.4662947 1.4972235 1.4990356 1.4397806 1.3861019 1.4072405 1.4711540 1.5556656 1.4359591 1.5791389 1.2525253 1.3049118 1.0530568 1.3127297 1.0086992 1.1751231 1.0586783 1.0771880 1.1522078 1.1587266 1.4251639 1.2029512 1.1175029 1.1319875 1.3166657 1.1687348 1.3686219 1.2197770 0.0000000 1.2313011 1.2571653 1.5305277 
Channichthyidae   1.5528735 2.0008824 1.6044697 1.5647393 1.5788657 1.5523771 1.5889927 1.6527586 1.6289743 1.7163836 1.7955890 1.5962818 1.7092583 1.5358971 1.8324345 1.8701383 1.7111442 2.0101591 1.7406760 1.5744389 1.5840431 1.5675349 1.6011305 1.5159997 1.6639046 1.5570989 1.6339350 1.5116587 1.8717148 1.4415527 1.2906336 1.2642650 1.4022092 1.2764309 1.4149885 1.3656224 1.2122894 1.3099677 1.4056603 1.5265039 1.3697333 1.4675253 1.5043322 1.4503177 1.3608075 1.4657522 1.5719644 1.2313011 0.0000000 0.1761969 1.4990706 
Pseudaphritidae   1.6313467 2.0510054 1.6334235 1.5600299 1.5761886 1.5852238 1.6107906 1.7462236 1.7310153 1.7184383 1.8261889 1.6285533 1.8177942 1.6562202 1.8331131 1.7706084 1.5843289 1.8428619 1.7541622 1.7108666 1.7107008 1.7307946 1.7486065 1.6402071 1.8043588 1.7051955 1.7178362 1.7023250 1.9628089 1.5329324 1.2537220 1.3597062 1.4541933 1.2934639 1.4578827 1.4084061 1.2525035 1.4027037 1.4205903 1.6693951 1.3190082 1.4361639 1.4498110 1.5250753 1.3635867 1.5746946 1.6371689 1.2571653 0.1761969 0.0000000 1.6379377 
Carcharhinidae    1.8442161 2.0620009 1.8095822 1.8232122 1.8303484 1.6386653 1.8079905 1.7742683 1.7528219 1.8809148 1.7736929 1.8162339 1.7366208 1.9433567 2.0664166 2.1334996 1.9804373 2.1316600 1.6958125 1.6580970 1.5559260 1.6553799 1.6359631 1.5524644 1.7059848 1.5213104 1.6578445 1.5685500 1.8338737 1.5044642 1.5035978 1.2267675 1.1936037 1.3424103 1.2515638 1.3111902 1.2582604 1.5377780 1.5195258 1.5017646 1.4533576 1.4103736 1.4398133 1.5551230 1.3825394 1.5454743 1.7938152 1.5305277 1.4990706 1.6379377 0.0000000 
