51
Pitheciidae       0.0000000 0.3523495 0.4072610 0.4090596 0.3962516 0.3408759 0.4131022 0.4146201 0.3684106 0.3696069 0.4048243 0.3612577 0.4007828 0.3823249 0.4774712 0.6882549 0.7180345 0.7483664 1.3480052 1.3215449 1.3331996 1.3269898 1.3398209 1.3338670 1.3306874 1.3488224 1.3472189 1.3276907 1.3544819 1.5905060 1.6859638 1.5688198 1.7338223 1.6790104 1.6381606 1.7845593 1.6205662 1.8416886 1.9415664 2.4200061 2.3147614 2.2372894 2.0957312 1.8962304 1.8518638 1.9840774 1.8273190 2.5398269 3.4895520 3.3403753 3.1149641 
Scandentia        0.3523495 0.0000000 0.4501460 0.4327063 0.4224416 0.3669610 0.4274042 0.4374917 0.3819067 0.3903949 0.4060107 0.3769559 0.4294640 0.3916964 0.5042681 0.6798258 0.7179823 0.7630770 1.3239407 1.3038978 1.3087828 1.3053737 1.3099136 1.3014694 1.3168807 1.3173873 1.3229237 1.3048944 1.3320651 1.5515861 1.5977016 1.5760624 1.7116940 1.6404245 1.5529560 1.7384949 1.6030973 1.7854484 1.9735697 2.4386217 2.2442976 2.1702074 2.0561566 1.8501710 1.8237856 1.9391950 1.8157868 2.5242548 3.3202080 3.1918577 3.1800302 
Erethizontidae    0.4072610 0.4501460 0.0000000 0.2178769 0.4362984 0.3770998 0.4772885 0.4874595 0.4318141 0.4357477 0.4549391 0.4210399 0.4554510 0.4407160 0.5343870 0.7343354 0.7692667 0.8083584 1.3549780 1.3493211 1.3422037 1.3391533 1.3560148 1.3476106 1.3564675 1.3574794 1.3492584 1.3393211 1.3580050 1.5962168 1.7172490 1.6035006 1.8163856 1.7505292 1.7129215 1.8120534 1.6793850 1.9056639 1.9594958 2.5243005 2.3520836 2.3120405 2.1889460 1.9582331 1.9587131 2.0466748 1.8632198 2.6293709 3.5986383 3.3582156 3.3079037 
Capromyidae       0.4090596 0.4327063 0.2178769 0.0000000 0.4238213 0.3696260 0.4751546 0.4868244 0.4271299 0.4386899 0.4641189 0.4172393 0.4604855 0.4457697 0.5445717 0.7295257 0.7724818 0.8033379 1.3756293 1.3621460 1.3556257 1.3571007 1.3723161 1.3685875 1.3767704 1.3745843 1.3754235 1.3585529 1.3864502 1.6027768 1.7046532 1.6070203 1.8485120 1.7549694 1.7001735 1.8500946 1.6754893 1.9428260 2.0221267 2.4649120 2.3517019 2.2889474 2.1414471 1.9033795 1.9007677 2.0302182 1.8685340 2.6494032 3.5821978 3.4708719 3.1522875 
Muridae           0.3962516 0.4224416 0.4362984 0.4238213 0.0000000 0.3428225 0.4679878 0.4738671 0.4186510 0.4249202 0.4421114 0.4129937 0.4534304 0.4322747 0.5358483 0.7271361 0.7635659 0.7972565 1.4163231 1.4003248 1.4059840 1.4046295 1.4172222 1.4073405 1.4242701 1.4257055 1.4264196 1.4037721 1.4197404 1.5983287 1.7446106 1.6491799 1.8417742 1.7338208 1.7119184 1.8812651 1.6996218 1.9237557 2.0422227 2.5675108 2.2742265 2.2054307 2.0722844 1.9202357 1.9064469 2.0477141 1.9053193 2.5655194 3.5185908 3.2968573 3.2338690 
Castoridae        0.3408759 0.3669610 0.3770998 0.3696260 0.3428225 0.0000000 0.4027834 0.4088264 0.3474984 0.3633026 0.3853939 0.3550320 0.3876123 0.3641287 0.4823320 0.6739961 0.6993420 0.7306105 1.3170107 1.3014735 1.2996813 1.3010112 1.3098990 1.3003705 1.3098107 1.3199872 1.3196190 1.2967853 1.3318095 1.5132739 1.6494712 1.5770251 1.7201114 1.6367794 1.5834639 1.7176716 1.5655613 1.8228531 1.9599491 2.3938646 2.2651399 2.1687574 2.0182803 1.8330517 1.8432332 1.9355140 1.7599368 2.5999678 3.5952327 3.3603730 3.1942723 
Suidae            0.4131022 0.4274042 0.4772885 0.4751546 0.4679878 0.4027834 0.0000000 0.2897936 0.2382980 0.3515700 0.3802711 0.3326804 0.3732269 0.3428936 0.5153974 0.7226528 0.7613570 0.7914484 1.3561381 1.3356082 1.3293481 1.3445613 1.3542854 1.3509293 1.3528023 1.3601194 1.3560784 1.3484499 1.3757420 1.5766627 1.7349721 1.6294667 1.7805683 1.7178687 1.6721216 1.7913294 1.6041676 1.8868134 2.0063875 2.4765015 2.3126546 2.2712357 2.1163466 1.9197819 1.8844650 2.0019332 1.8741288 2.5794953 3.4397215 3.3349827 3.2369195 
Hippopotamidae    0.4146201 0.4374917 0.4874595 0.4868244 0.4738671 0.4088264 0.2897936 0.0000000 0.1888197 0.3477627 0.3709634 0.3484660 0.3779646 0.3512859 0.4987420 0.7041702 0.7479752 0.7728839 1.3785197 1.3656283 1.3710316 1.3730241 1.3826337 1.3770194 1.3769717 1.3954275 1.3800535 1.3669110 1.3968131 1.6058787 1.7261848 1.6450315 1.8532956 1.7747731 1.7316862 1.8480193 1.6325500 1.9221294 1.9336362 2.5085601 2.3081821 2.3432759 2.1644029 1.9529929 1.9006380 2.0387575 1.8690601 2.4905693 3.3504477 3.2052780 3.3365358 
Hyperoodontidae   0.3684106 0.3819067 0.4318141 0.4271299 0.4186510 0.3474984 0.2382980 0.1888197 0.0000000 0.2937733 0.3228113 0.2879245 0.3219623 0.2988629 0.4593859 0.6636537 0.6899664 0.7173973 1.3425503 1.3241170 1.3260254 1.3284645 1.3346835 1.3303537 1.3408887 1.3375789 1.3348357 1.3214555 1.3521391 1.5535033 1.6923901 1.6160419 1.7930774 1.6893083 1.6512743 1.7939327 1.5998075 1.8577268 1.9109992 2.4669201 2.2578856 2.2085706 2.0737352 1.8485270 1.8411972 1.9172610 1.8388085 2.5818242 3.3102744 3.2184182 3.2989829 
Vespertilionidae  0.3696069 0.3903949 0.4357477 0.4386899 0.4249202 0.3633026 0.3515700 0.3477627 0.2937733 0.0000000 0.2086036 0.2113266 0.3421701 0.3157286 0.4757407 0.6625965 0.6995643 0.7329350 1.3193040 1.3113432 1.3111633 1.3102719 1.3223618 1.3136569 1.3362132 1.3372231 1.3350819 1.3174829 1.3440322 1.5037041 1.6304597 1.5918044 1.7180534 1.6819660 1.6294491 1.7450662 1.5714177 1.8550992 1.9428401 2.4414341 2.2535322 2.2256259 2.0751596 1.9010416 1.8665456 1.9765424 1.8345158 2.5682387 3.5406535 3.4114130 3.1824866 
Furipteridae      0.4048243 0.4060107 0.4549391 0.4641189 0.4421114 0.3853939 0.3802711 0.3709634 0.3228113 0.2086036 0.0000000 0.2307819 0.3633073 0.3347445 0.5073909 0.6797309 0.7213704 0.7596405 1.3701657 1.3366865 1.3408327 1.3637939 1.3609099 1.3514525 1.3526642 1.3700155 1.3632359 1.3451283 1.3649449 1.5804491 1.7008446 1.6238198 1.7549979 1.7323969 1.6706857 1.7772433 1.5973566 1.8789608 1.9221895 2.4043463 2.3313227 2.2837511 2.1289111 1.9195162 1.8977451 1.9828548 1.8270070 2.5900595 3.4785980 3.2727830 3.1531128 
Rhinolophidae     0.3612577 0.3769559 0.4210399 0.4172393 0.4129937 0.3550320 0.3326804 0.3484660 0.2879245 0.2113266 0.2307819 0.0000000 0.3265450 0.2934519 0.4687983 0.6754583 0.6910760 0.7398352 1.3232302 1.2945389 1.3057227 1.3093235 1.3064868 1.3071151 1.3160136 1.3220394 1.3154607 1.3017103 1.3350765 1.5350076 1.6564193 1.5939728 1.7453206 1.7110809 1.6439854 1.7460793 1.5872854 1.8355502 1.9382490 2.4628114 2.2321510 2.2493886 2.1039790 1.8735828 1.8535263 1.9313224 1.8127063 2.5543010 3.4524400 3.3084664 3.1401338 
Viverridae        0.4007828 0.4294640 0.4554510 0.4604855 0.4534304 0.3876123 0.3732269 0.3779646 0.3219623 0.3421701 0.3633073 0.3265450 0.0000000 0.2169391 0.5122673 0.7223584 0.7258088 0.7788056 1.3760882 1.3598093 1.3618624 1.3633155 1.3688591 1.3631006 1.3728943 1.3743726 1.3694856 1.3605606 1.3932064 1.6109803 1.7224372 1.6398364 1.7625792 1.7599902 1.7190153 1.8275688 1.6149142 1.8861883 1.9783912 2.4540284 2.3432753 2.3277579 2.1819713 1.9515561 1.9415199 2.0413610 1.8424629 2.5759782 3.3781044 3.1594481 3.2155750 
Procyonidae       0.3823249 0.3916964 0.4407160 0.4457697 0.4322747 0.3641287 0.3428936 0.3512859 0.2988629 0.3157286 0.3347445 0.2934519 0.2169391 0.0000000 0.4852302 0.6789473 0.6995470 0.7486341 1.3274833 1.3144519 1.3196785 1.3215921 1.3346711 1.3224686 1.3295798 1.3432848 1.3426725 1.3246285 1.3503127 1.5296726 1.6626143 1.5836309 1.7493259 1.7177404 1.6867708 1.7713671 1.5676942 1.8692388 1.9639795 2.4428983 2.3322200 2.2477018 2.1267780 1.9362724 1.9337756 2.0295935 1.7969300 2.5270868 3.4982516 3.2449888 3.2058549 
Myrmecophagidae   0.4774712 0.5042681 0.5343870 0.5445717 0.5358483 0.4823320 0.5153974 0.4987420 0.4593859 0.4757407 0.5073909 0.4687983 0.5122673 0.4852302 0.0000000 0.7561367 0.7965185 0.8318598 1.4377237 1.4147752 1.4213896 1.4265437 1.4353685 1.4287424 1.4458466 1.4309646 1.4350946 1.4218984 1.4552119 1.6353829 1.7757756 1.7031818 1.8648914 1.7649215 1.7362690 1.8613633 1.7231617 1.9019608 2.0841181 2.7339178 2.4425248 2.3303984 2.2188377 2.0177542 2.0171353 2.1174817 1.8928681 2.6342256 3.6515393 3.5414271 3.1512521 
Caluromyidae      0.6882549 0.6798258 0.7343354 0.7295257 0.7271361 0.6739961 0.7226528 0.7041702 0.6636537 0.6625965 0.6797309 0.6754583 0.7223584 0.6789473 0.7561367 0.0000000 0.1859758 0.2249544 1.1970625 1.1888257 1.1819574 1.1895588 1.1841678 1.1854686 1.2057892 1.2071176 1.2094366 1.1853598 1.2077686 1.4451513 1.5309793 1.4434078 1.6113103 1.5268648 1.5115502 1.6404937 1.4948339 1.6802138 1.8724834 2.3112887 2.1390004 2.0698318 1.9272875 1.7195504 1.7068220 1.8338680 1.6153917 2.5202012 3.4254464 3.1491933 3.1492184 
Thylacomyidae     0.7180345 0.7179823 0.7692667 0.7724818 0.7635659 0.6993420 0.7613570 0.7479752 0.6899664 0.6995643 0.7213704 0.6910760 0.7258088 0.6995470 0.7965185 0.1859758 0.0000000 0.2026068 1.2470397 1.2339222 1.2368061 1.2398421 1.2382577 1.2280081 1.2586252 1.2536082 1.2562427 1.2381695 1.2373775 1.4804367 1.5571796 1.4812846 1.6707214 1.5604761 1.5713847 1.6345700 1.5152686 1.7408557 1.9100195 2.2984364 2.1452242 2.1438323 2.0137510 1.7564269 1.7632023 1.8701840 1.6536720 2.4778593 3.4102382 3.1046073 3.1744044 
Phalangeridae     0.7483664 0.7630770 0.8083584 0.8033379 0.7972565 0.7306105 0.7914484 0.7728839 0.7173973 0.7329350 0.7596405 0.7398352 0.7788056 0.7486341 0.8318598 0.2249544 0.2026068 0.0000000 1.2946887 1.2839232 1.2778988 1.2856076 1.2887491 1.2866780 1.2944846 1.3096192 1.2960783 1.2842102 1.3030147 1.5555210 1.6090230 1.5445725 1.7092664 1.5940850 1.5779593 1.7003522 1.5495310 1.7594518 1.9193838 2.3729839 2.1894084 2.2086536 2.0279426 1.8016413 1.7915334 1.8814464 1.7098007 2.5996257 3.4470719 3.1953576 3.1481215 
Tityridae         1.3480052 1.3239407 1.3549780 1.3756293 1.4163231 1.3170107 1.3561381 1.3785197 1.3425503 1.3193040 1.3701657 1.3232302 1.3760882 1.3274833 1.4377237 1.1970625 1.2470397 1.2946887 0.0000000 0.0892212 0.0869482 0.0922874 0.0916490 0.0882787 0.0971538 0.0961719 0.0946235 0.0909345 0.1221369 0.5940708 0.7924183 0.6585242 1.1026489 0.9369440 0.9031968 1.1022864 0.9445449 1.0631230 1.4389670 1.8204490 1.6752311 1.6056008 1.4702298 1.3288509 1.3041284 1.4681429 1.2532244 2.1165076 2.9367501 2.9592260 2.6558056 
Ptilonorhynchidae 1.3215449 1.3038978 1.3493211 1.3621460 1.4003248 1.3014735 1.3356082 1.3656283 1.3241170 1.3113432 1.3366865 1.2945389 1.3598093 1.3144519 1.4147752 1.1888257 1.2339222 1.2839232 0.0892212 0.0000000 0.0497797 0.0562985 0.0554807 0.0520120 0.0587545 0.0613477 0.0585346 0.0532450 0.1062605 0.5919768 0.7798679 0.6396680 1.0950009 0.9307452 0.8990335 1.0904664 0.9352991 1.0677826 1.4005847 1.7825745 1.6729844 1.6013914 1.4708285 1.3320635 1.2886301 1.4233463 1.2206093 2.0744333 2.9441562 2.8807890 2.5972372 
Callaeatidae      1.3331996 1.3087828 1.3422037 1.3556257 1.4059840 1.2996813 1.3293481 1.3710316 1.3260254 1.3111633 1.3408327 1.3057227 1.3618624 1.3196785 1.4213896 1.1819574 1.2368061 1.2778988 0.0869482 0.0497797 0.0000000 0.0386763 0.0370973 0.0360814 0.0423847 0.0446029 0.0421569 0.0373150 0.1033745 0.5804486 0.7619920 0.6298936 1.0923153 0.9338897 0.8862309 1.0784324 0.9381152 1.0550260 1.3801422 1.7726029 1.6527235 1.5896434 1.4524468 1.3112356 1.2677053 1.4100434 1.2088852 2.0637812 2.9176406 2.8901520 2.5989413 
Monarchidae       1.3269898 1.3053737 1.3391533 1.3571007 1.4046295 1.3010112 1.3445613 1.3730241 1.3284645 1.3102719 1.3637939 1.3093235 1.3633155 1.3215921 1.4265437 1.1895588 1.2398421 1.2856076 0.0922874 0.0562985 0.0386763 0.0000000 0.0321591 0.0432439 0.0520326 0.0497366 0.0480525 0.0442193 0.1108695 0.5963858 0.7850864 0.6318427 1.0941069 0.9486300 0.9076849 1.1075986 0.9333605 1.0697544 1.3908155 1.8078146 1.6769444 1.6253558 1.4587554 1.3370625 1.2879448 1.4217877 1.2247130 2.0830617 2.8858757 2.8678455 2.6201168 
Malaconotidae     1.3398209 1.3099136 1.3560148 1.3723161 1.4172222 1.3098990 1.3542854 1.3826337 1.3346835 1.3223618 1.3609099 1.3064868 1.3688591 1.3346711 1.4353685 1.1841678 1.2382577 1.2887491 0.0916490 0.0554807 0.0370973 0.0321591 0.0000000 0.0413905 0.0501537 0.0494836 0.0475295 0.0420995 0.1090833 0.5845287 0.7750821 0.6304434 1.0831571 0.9492346 0.9020817 1.0980377 0.9269147 1.0708801 1.3889409 1.7940977 1.6751921 1.6103796 1.4671386 1.3318689 1.2918042 1.4254115 1.2216694 2.0632479 2.9117127 2.9010065 2.6156294 
Certhiidae        1.3338670 1.3014694 1.3476106 1.3685875 1.4073405 1.3003705 1.3509293 1.3770194 1.3303537 1.3136569 1.3514525 1.3071151 1.3631006 1.3224686 1.4287424 1.1854686 1.2280081 1.2866780 0.0882787 0.0520120 0.0360814 0.0432439 0.0413905 0.0000000 0.0403164 0.0417377 0.0398207 0.0347659 0.1030398 0.5881690 0.7708961 0.6365994 1.0940355 0.9403142 0.9020278 1.0968625 0.9343898 1.0601842 1.4092756 1.8046136 1.6839232 1.6169028 1.4716442 1.3462437 1.2938599 1.4460905 1.2280489 2.0665120 2.9123593 2.8878311 2.6170850 
Cinclidae         1.3306874 1.3168807 1.3564675 1.3767704 1.4242701 1.3098107 1.3528023 1.3769717 1.3408887 1.3362132 1.3526642 1.3160136 1.3728943 1.3295798 1.4458466 1.2057892 1.2586252 1.2944846 0.0971538 0.0587545 0.0423847 0.0520326 0.0501537 0.0403164 0.0000000 0.0497171 0.0472418 0.0439518 0.1132660 0.5933938 0.7724928 0.6459994 1.1071267 0.9489506 0.9082092 1.0909234 0.9353879 1.0437172 1.4086290 1.7990818 1.6591953 1.6274725 1.4803127 1.3303994 1.2779977 1.4287020 1.2380488 2.0776694 2.9096951 2.8758240 2.5857267 
Ploceidae         1.3488224 1.3173873 1.3574794 1.3745843 1.4257055 1.3199872 1.3601194 1.3954275 1.3375789 1.3372231 1.3700155 1.3220394 1.3743726 1.3432848 1.4309646 1.2071176 1.2536082 1.3096192 0.0961719 0.0613477 0.0446029 0.0497366 0.0494836 0.0417377 0.0497171 0.0000000 0.0322263 0.0427454 0.1159324 0.5990792 0.7890727 0.6465233 1.1075470 0.9432890 0.9039780 1.1067190 0.9384248 1.0595260 1.4009677 1.8171386 1.6962469 1.6094514 1.4823689 1.3333665 1.2979896 1.4272510 1.2363149 2.0707020 2.9743731 2.9039461 2.6482616 
Thraupidae        1.3472189 1.3229237 1.3492584 1.3754235 1.4264196 1.3196190 1.3560784 1.3800535 1.3348357 1.3350819 1.3632359 1.3154607 1.3694856 1.3426725 1.4350946 1.2094366 1.2562427 1.2960783 0.0946235 0.0585346 0.0421569 0.0480525 0.0475295 0.0398207 0.0472418 0.0322263 0.0000000 0.0413412 0.1145600 0.5944228 0.7821539 0.6452831 1.1129334 0.9441881 0.9047714 1.1115384 0.9271775 1.0691338 1.4073156 1.8049055 1.6922899 1.6222998 1.4903333 1.3490389 1.3128987 1.4460522 1.2292369 2.0557564 2.9125301 2.8824017 2.6027865 
Alaudidae         1.3276907 1.3048944 1.3393211 1.3585529 1.4037721 1.2967853 1.3484499 1.3669110 1.3214555 1.3174829 1.3451283 1.3017103 1.3605606 1.3246285 1.4218984 1.1853598 1.2381695 1.2842102 0.0909345 0.0532450 0.0373150 0.0442193 0.0420995 0.0347659 0.0439518 0.0427454 0.0413412 0.0000000 0.1051227 0.5862020 0.7712935 0.6344498 1.1050703 0.9425894 0.8949862 1.0919269 0.9303687 1.0495893 1.4009315 1.8067610 1.6664401 1.5981230 1.4649040 1.3334723 1.2961545 1.4327899 1.2280638 2.0684445 2.9270470 2.9097872 2.6138979 
Coraciiformes     1.3544819 1.3320651 1.3580050 1.3864502 1.4197404 1.3318095 1.3757420 1.3968131 1.3521391 1.3440322 1.3649449 1.3350765 1.3932064 1.3503127 1.4552119 1.2077686 1.2373775 1.3030147 0.1221369 0.1062605 0.1033745 0.1108695 0.1090833 0.1030398 0.1132660 0.1159324 0.1145600 0.1051227 0.0000000 0.5929670 0.7734520 0.6279216 1.0807476 0.9308469 0.8968522 1.0668176 0.9246341 1.0559182 1.4031272 1.7841261 1.6678021 1.6105598 1.4616005 1.3080851 1.2745700 1.4282803 1.2171989 2.1382850 2.9690697 2.9861302 2.6187585 
Crocodylidae      1.5905060 1.5515861 1.5962168 1.6027768 1.5983287 1.5132739 1.5766627 1.6058787 1.5535033 1.5037041 1.5804491 1.5350076 1.6109803 1.5296726 1.6353829 1.4451513 1.4804367 1.5555210 0.5940708 0.5919768 0.5804486 0.5963858 0.5845287 0.5881690 0.5933938 0.5990792 0.5944228 0.5862020 0.5929670 0.0000000 0.9875218 0.8449491 1.3375608 1.1625901 1.1373666 1.3220701 1.1200958 1.3102772 1.7543171 2.0305947 1.9094736 1.8836822 1.7133300 1.5966630 1.5435342 1.6726851 1.4647778 2.3376256 3.2529557 3.2771639 2.8671192 
Carettochelyidae  1.6859638 1.5977016 1.7172490 1.7046532 1.7446106 1.6494712 1.7349721 1.7261848 1.6923901 1.6304597 1.7008446 1.6564193 1.7224372 1.6626143 1.7757756 1.5309793 1.5571796 1.6090230 0.7924183 0.7798679 0.7619920 0.7850864 0.7750821 0.7708961 0.7724928 0.7890727 0.7821539 0.7712935 0.7734520 0.9875218 0.0000000 0.7897355 1.3883789 1.2930189 1.2726661 1.4464035 1.2727809 1.4398463 1.8311022 2.1311141 2.1071921 2.0407425 1.9411343 1.7415397 1.7136643 1.8073617 1.6360112 2.5924951 3.3042858 3.2517752 2.9401355 
Kinosternidae     1.5688198 1.5760624 1.6035006 1.6070203 1.6491799 1.5770251 1.6294667 1.6450315 1.6160419 1.5918044 1.6238198 1.5939728 1.6398364 1.5836309 1.7031818 1.4434078 1.4812846 1.5445725 0.6585242 0.6396680 0.6298936 0.6318427 0.6304434 0.6365994 0.6459994 0.6465233 0.6452831 0.6344498 0.6279216 0.8449491 0.7897355 0.0000000 1.3052554 1.1716398 1.1167863 1.3065672 1.1567164 1.2836678 1.6575015 2.0002153 1.9150329 1.8640819 1.7101604 1.5668550 1.5517787 1.6218395 1.5261929 2.4671811 3.2360295 3.3303416 2.9493147 
Anomalepididae    1.7338223 1.7116940 1.8163856 1.8485120 1.8417742 1.7201114 1.7805683 1.8532956 1.7930774 1.7180534 1.7549979 1.7453206 1.7625792 1.7493259 1.8648914 1.6113103 1.6707214 1.7092664 1.1026489 1.0950009 1.0923153 1.0941069 1.0831571 1.0940355 1.1071267 1.1075470 1.1129334 1.1050703 1.0807476 1.3375608 1.3883789 1.3052554 0.0000000 0.8073342 0.7948568 1.0264795 0.9492990 1.1842726 1.9623707 2.2390716 2.1542275 2.1525583 2.0301750 1.7818280 1.8007467 1.9293126 1.7465632 2.7722416 3.3887487 3.2541578 2.9271208 
Loxocemidae       1.6790104 1.6404245 1.7505292 1.7549694 1.7338208 1.6367794 1.7178687 1.7747731 1.6893083 1.6819660 1.7323969 1.7110809 1.7599902 1.7177404 1.7649215 1.5268648 1.5604761 1.5940850 0.9369440 0.9307452 0.9338897 0.9486300 0.9492346 0.9403142 0.9489506 0.9432890 0.9441881 0.9425894 0.9308469 1.1625901 1.2930189 1.1716398 0.8073342 0.0000000 0.3488925 0.8500538 0.7752291 1.0284181 1.7413871 2.0996333 1.8790292 1.9742223 1.8415351 1.5774175 1.6122709 1.7560153 1.5502532 2.5450523 3.4086690 3.2928829 2.9456172 
Natricidae        1.6381606 1.5529560 1.7129215 1.7001735 1.7119184 1.5834639 1.6721216 1.7316862 1.6512743 1.6294491 1.6706857 1.6439854 1.7190153 1.6867708 1.7362690 1.5115502 1.5713847 1.5779593 0.9031968 0.8990335 0.8862309 0.9076849 0.9020817 0.9020278 0.9082092 0.9039780 0.9047714 0.8949862 0.8968522 1.1373666 1.2726661 1.1167863 0.7948568 0.3488925 0.0000000 0.8142008 0.7692885 0.9999487 1.7401096 2.0241220 1.9345460 1.9166360 1.7971422 1.5538393 1.5826846 1.7293912 1.5615494 2.5402703 3.4760072 3.4860068 2.9587895 
Xenosauridae      1.7845593 1.7384949 1.8120534 1.8500946 1.8812651 1.7176716 1.7913294 1.8480193 1.7939327 1.7450662 1.7772433 1.7460793 1.8275688 1.7713671 1.8613633 1.6404937 1.6345700 1.7003522 1.1022864 1.0904664 1.0784324 1.1075986 1.0980377 1.0968625 1.0909234 1.1067190 1.1115384 1.0919269 1.0668176 1.3220701 1.4464035 1.3065672 1.0264795 0.8500538 0.8142008 0.0000000 0.9180996 1.1517763 1.8725829 2.1801301 2.0990542 2.0969976 2.0117613 1.7257173 1.7728241 1.8853489 1.7712356 2.7276327 3.4168918 3.5350160 3.1952246 
Teiidae           1.6205662 1.6030973 1.6793850 1.6754893 1.6996218 1.5655613 1.6041676 1.6325500 1.5998075 1.5714177 1.5973566 1.5872854 1.6149142 1.5676942 1.7231617 1.4948339 1.5152686 1.5495310 0.9445449 0.9352991 0.9381152 0.9333605 0.9269147 0.9343898 0.9353879 0.9384248 0.9271775 0.9303687 0.9246341 1.1200958 1.2727809 1.1567164 0.9492990 0.7752291 0.7692885 0.9180996 0.0000000 0.9857880 1.7652462 2.1131137 1.8880504 1.9109426 1.8310442 1.5721855 1.6380227 1.6712703 1.6772740 2.5285884 3.4619707 3.3687350 2.9540697 
Eublepharidae     1.8416886 1.7854484 1.9056639 1.9428260 1.9237557 1.8228531 1.8868134 1.9221294 1.8577268 1.8550992 1.8789608 1.8355502 1.8861883 1.8692388 1.9019608 1.6802138 1.7408557 1.7594518 1.0631230 1.0677826 1.0550260 1.0697544 1.0708801 1.0601842 1.0437172 1.0595260 1.0691338 1.0495893 1.0559182 1.3102772 1.4398463 1.2836678 1.1842726 1.0284181 0.9999487 1.1517763 0.9857880 0.0000000 1.9281771 2.2145519 2.0510259 2.0383831 1.8890108 1.7377177 1.7182272 1.8750516 1.7556018 2.6531193 3.4355740 3.4412129 3.0888764 
Dicamptodontidae  1.9415664 1.9735697 1.9594958 2.0221267 2.0422227 1.9599491 2.0063875 1.9336362 1.9109992 1.9428401 1.9221895 1.9382490 1.9783912 1.9639795 2.0841181 1.8724834 1.9100195 1.9193838 1.4389670 1.4005847 1.3801422 1.3908155 1.3889409 1.4092756 1.4086290 1.4009677 1.4073156 1.4009315 1.4031272 1.7543171 1.8311022 1.6575015 1.9623707 1.7413871 1.7401096 1.8725829 1.7652462 1.9281771 0.0000000 1.6701540 1.6554242 1.4902646 1.4065373 1.2431168 1.2462116 1.3901621 1.3126214 2.6551717 3.1787547 3.1935443 3.0023745 
Alytidae          2.4200061 2.4386217 2.5243005 2.4649120 2.5675108 2.3938646 2.4765015 2.5085601 2.4669201 2.4414341 2.4043463 2.4628114 2.4540284 2.4428983 2.7339178 2.3112887 2.2984364 2.3729839 1.8204490 1.7825745 1.7726029 1.8078146 1.7940977 1.8046136 1.7990818 1.8171386 1.8049055 1.8067610 1.7841261 2.0305947 2.1311141 2.0002153 2.2390716 2.0996333 2.0241220 2.1801301 2.1131137 2.2145519 1.6701540 0.0000000 1.8480230 1.7540953 1.6657510 1.4117074 1.4263302 1.5144508 1.6544756 2.8100967 3.6706789 3.9920193 3.7279124 
Heleophrynidae    2.3147614 2.2442976 2.3520836 2.3517019 2.2742265 2.2651399 2.3126546 2.3081821 2.2578856 2.2535322 2.3313227 2.2321510 2.3432753 2.3322200 2.4425248 2.1390004 2.1452242 2.1894084 1.6752311 1.6729844 1.6527235 1.6769444 1.6751921 1.6839232 1.6591953 1.6962469 1.6922899 1.6664401 1.6678021 1.9094736 2.1071921 1.9150329 2.1542275 1.8790292 1.9345460 2.0990542 1.8880504 2.0510259 1.6554242 1.8480230 0.0000000 1.2951365 1.2076080 0.9513620 0.9673312 1.1066270 1.6274034 2.7239152 3.5614180 3.6551949 3.1134175 
Leptodactylidae   2.2372894 2.1702074 2.3120405 2.2889474 2.2054307 2.1687574 2.2712357 2.3432759 2.2085706 2.2256259 2.2837511 2.2493886 2.3277579 2.2477018 2.3303984 2.0698318 2.1438323 2.2086536 1.6056008 1.6013914 1.5896434 1.6253558 1.6103796 1.6169028 1.6274725 1.6094514 1.6222998 1.5981230 1.6105598 1.8836822 2.0407425 1.8640819 2.1525583 1.9742223 1.9166360 2.0969976 1.9109426 2.0383831 1.4902646 1.7540953 1.2951365 0.0000000 0.3558121 0.7663896 0.7902019 0.9282922 1.5101554 2.6939202 3.5812180 3.7103623 3.0601956 
Strabomantidae    2.0957312 2.0561566 2.1889460 2.1414471 2.0722844 2.0182803 2.1163466 2.1644029 2.0737352 2.0751596 2.1289111 2.1039790 2.1819713 2.1267780 2.2188377 1.9272875 2.0137510 2.0279426 1.4702298 1.4708285 1.4524468 1.4587554 1.4671386 1.4716442 1.4803127 1.4823689 1.4903333 1.4649040 1.4616005 1.7133300 1.9411343 1.7101604 2.0301750 1.8415351 1.7971422 2.0117613 1.8310442 1.8890108 1.4065373 1.6657510 1.2076080 0.3558121 0.0000000 0.7211721 0.7447460 0.8607490 1.3699993 2.5872951 3.4905495 3.5292801 3.1514191 
Micrixalidae      1.8962304 1.8501710 1.9582331 1.9033795 1.9202357 1.8330517 1.9197819 1.9529929 1.8485270 1.9010416 1.9195162 1.8735828 1.9515561 1.9362724 2.0177542 1.7195504 1.7564269 1.8016413 1.3288509 1.3320635 1.3112356 1.3370625 1.3318689 1.3462437 1.3303994 1.3333665 1.3490389 1.3334723 1.3080851 1.5966630 1.7415397 1.5668550 1.7818280 1.5774175 1.5538393 1.7257173 1.5721855 1.7377177 1.2431168 1.4117074 0.9513620 0.7663896 0.7211721 0.0000000 0.3090796 0.4287469 1.2013023 2.3169623 3.2998015 3.2337608 2.9108764 
Hemisotidae       1.8518638 1.8237856 1.9587131 1.9007677 1.9064469 1.8432332 1.8844650 1.9006380 1.8411972 1.8665456 1.8977451 1.8535263 1.9415199 1.9337756 2.0171353 1.7068220 1.7632023 1.7915334 1.3041284 1.2886301 1.2677053 1.2879448 1.2918042 1.2938599 1.2779977 1.2979896 1.3128987 1.2961545 1.2745700 1.5435342 1.7136643 1.5517787 1.8007467 1.6122709 1.5826846 1.7728241 1.6380227 1.7182272 1.2462116 1.4263302 0.9673312 0.7902019 0.7447460 0.3090796 0.0000000 0.4521730 1.2449701 2.3867335 3.1028033 3.1666999 2.9609205 
Asterophryidae    1.9840774 1.9391950 2.0466748 2.0302182 2.0477141 1.9355140 2.0019332 2.0387575 1.9172610 1.9765424 1.9828548 1.9313224 2.0413610 2.0295935 2.1174817 1.8338680 1.8701840 1.8814464 1.4681429 1.4233463 1.4100434 1.4217877 1.4254115 1.4460905 1.4287020 1.4272510 1.4460522 1.4327899 1.4282803 1.6726851 1.8073617 1.6218395 1.9293126 1.7560153 1.7293912 1.8853489 1.6712703 1.8750516 1.3901621 1.5144508 1.1066270 0.9282922 0.8607490 0.4287469 0.4521730 0.0000000 1.3613907 2.4604541 3.1997017 3.1997686 3.0853599 
Caeciliidae2      1.8273190 1.8157868 1.8632198 1.8685340 1.9053193 1.7599368 1.8741288 1.8690601 1.8388085 1.8345158 1.8270070 1.8127063 1.8424629 1.7969300 1.8928681 1.6153917 1.6536720 1.7098007 1.2532244 1.2206093 1.2088852 1.2247130 1.2216694 1.2280489 1.2380488 1.2363149 1.2292369 1.2280638 1.2171989 1.4647778 1.6360112 1.5261929 1.7465632 1.5502532 1.5615494 1.7712356 1.6772740 1.7556018 1.3126214 1.6544756 1.6274034 1.5101554 1.3699993 1.2013023 1.2449701 1.3613907 0.0000000 2.4146814 3.1383479 3.0587542 3.0381246 
Polypteriformes   2.5398269 2.5242548 2.6293709 2.6494032 2.5655194 2.5999678 2.5794953 2.4905693 2.5818242 2.5682387 2.5900595 2.5543010 2.5759782 2.5270868 2.6342256 2.5202012 2.4778593 2.5996257 2.1165076 2.0744333 2.0637812 2.0830617 2.0632479 2.0665120 2.0776694 2.0707020 2.0557564 2.0684445 2.1382850 2.3376256 2.5924951 2.4671811 2.7722416 2.5450523 2.5402703 2.7276327 2.5285884 2.6531193 2.6551717 2.8100967 2.7239152 2.6939202 2.5872951 2.3169623 2.3867335 2.4604541 2.4146814 0.0000000 3.0942211 3.0785447 3.2954618 
Channichthyidae   3.4895520 3.3202080 3.5986383 3.5821978 3.5185908 3.5952327 3.4397215 3.3504477 3.3102744 3.5406535 3.4785980 3.4524400 3.3781044 3.4982516 3.6515393 3.4254464 3.4102382 3.4470719 2.9367501 2.9441562 2.9176406 2.8858757 2.9117127 2.9123593 2.9096951 2.9743731 2.9125301 2.9270470 2.9690697 3.2529557 3.3042858 3.2360295 3.3887487 3.4086690 3.4760072 3.4168918 3.4619707 3.4355740 3.1787547 3.6706789 3.5614180 3.5812180 3.4905495 3.2998015 3.1028033 3.1997017 3.1383479 3.0942211 0.0000000 0.6717052 3.9690816 
Pseudaphritidae   3.3403753 3.1918577 3.3582156 3.4708719 3.2968573 3.3603730 3.3349827 3.2052780 3.2184182 3.4114130 3.2727830 3.3084664 3.1594481 3.2449888 3.5414271 3.1491933 3.1046073 3.1953576 2.9592260 2.8807890 2.8901520 2.8678455 2.9010065 2.8878311 2.8758240 2.9039461 2.8824017 2.9097872 2.9861302 3.2771639 3.2517752 3.3303416 3.2541578 3.2928829 3.4860068 3.5350160 3.3687350 3.4412129 3.1935443 3.9920193 3.6551949 3.7103623 3.5292801 3.2337608 3.1666999 3.1997686 3.0587542 3.0785447 0.6717052 0.0000000 3.8140038 
Carcharhinidae    3.1149641 3.1800302 3.3079037 3.1522875 3.2338690 3.1942723 3.2369195 3.3365358 3.2989829 3.1824866 3.1531128 3.1401338 3.2155750 3.2058549 3.1512521 3.1492184 3.1744044 3.1481215 2.6558056 2.5972372 2.5989413 2.6201168 2.6156294 2.6170850 2.5857267 2.6482616 2.6027865 2.6138979 2.6187585 2.8671192 2.9401355 2.9493147 2.9271208 2.9456172 2.9587895 3.1952246 2.9540697 3.0888764 3.0023745 3.7279124 3.1134175 3.0601956 3.1514191 2.9108764 2.9609205 3.0853599 3.0381246 3.2954618 3.9690816 3.8140038 0.0000000 
