50
Pitheciidae       0.0000000 0.0212715 0.0195714 0.0259986 0.0244667 0.0260154 0.0193147 0.0273354 0.0244812 0.0294018 0.0328812 0.0279381 0.0275262 0.0227574 0.0214298 0.0621063 0.0542103 0.0499824 0.0949656 0.0931025 0.0959677 0.0949884 0.0968496 0.0931025 0.0960040 0.1008846 0.0949884 0.1003612 0.1257596 0.1262461 0.1468166 0.1053618 0.1054951 0.1096027 0.1089756 0.1145129 0.1205170 0.1050890 0.0872452 0.0891866 0.1021134 0.1002250 0.0901201 0.0911380 0.0892189 0.1562952 0.6220642 0.3603833 0.3491265 0.5609093 
Scandentia        0.0212715 0.0000000 0.0195991 0.0227939 0.0245012 0.0228084 0.0193421 0.0209674 0.0181035 0.0261357 0.0295510 0.0279783 0.0211102 0.0164585 0.0214604 0.0662815 0.0582208 0.0538748 0.1048217 0.1029194 0.1059762 0.1048473 0.1067472 0.1029194 0.1060190 0.1111492 0.1048473 0.1105405 0.1413318 0.1320459 0.1529979 0.1073639 0.1074581 0.1116156 0.1110340 0.1276421 0.1226832 0.1052194 0.0920778 0.0940433 0.1072164 0.1053077 0.0997103 0.1058810 0.0989188 0.1632645 0.6436107 0.3642621 0.3656642 0.5950001 
Erethizontidae    0.0195714 0.0195991 0.0000000 0.0117765 0.0227574 0.0210929 0.0207982 0.0256158 0.0227708 0.0276311 0.0310592 0.0294883 0.0257925 0.0210757 0.0197431 0.0638166 0.0558945 0.0478758 0.1016103 0.0997320 0.1027074 0.1016349 0.1035110 0.0997320 0.1027478 0.1077636 0.1016349 0.1022278 0.1392611 0.1338017 0.1547135 0.1023799 0.1072499 0.1113950 0.1107936 0.1273669 0.1171151 0.0973113 0.0890770 0.0910163 0.1039583 0.1020737 0.0966124 0.1026169 0.0957894 0.1651188 0.6426697 0.3276367 0.3392508 0.5607326 
Capromyidae       0.0259986 0.0227939 0.0117765 0.0000000 0.0292882 0.0275487 0.0271519 0.0288559 0.0260147 0.0343215 0.0344494 0.0328646 0.0290580 0.0242776 0.0262327 0.0679305 0.0598513 0.0516470 0.1116085 0.1096923 0.1128666 0.1116360 0.1135494 0.1096923 0.1129140 0.1181846 0.1116360 0.1123131 0.1515007 0.1338655 0.1488058 0.1120415 0.1120431 0.1214253 0.1158572 0.1389292 0.1224796 0.1118907 0.0938273 0.0957894 0.1089690 0.1070651 0.1014438 0.1076495 0.1006779 0.1721266 0.6428306 0.3505673 0.3639287 0.5791601 
Muridae           0.0244667 0.0245012 0.0227574 0.0292882 0.0000000 0.0260160 0.0256426 0.0306103 0.0277608 0.0327597 0.0363107 0.0347102 0.0275270 0.0259942 0.0279960 0.0661912 0.0621479 0.0537970 0.0997703 0.0978883 0.1008451 0.0997944 0.1016742 0.0978883 0.1008846 0.1058840 0.0997944 0.1003757 0.1351706 0.1376240 0.1589216 0.1053618 0.1102673 0.1145425 0.1139773 0.1310933 0.1152220 0.1081577 0.0900710 0.0920361 0.1051743 0.0983341 0.0929447 0.0988672 0.0920703 0.1608610 0.6573613 0.3581458 0.3593100 0.5585972 
Castoridae        0.0260154 0.0228084 0.0210929 0.0275487 0.0260160 0.0000000 0.0239676 0.0288744 0.0227897 0.0309728 0.0310861 0.0328867 0.0290769 0.0242930 0.0229783 0.0721822 0.0639312 0.0594381 0.1066657 0.1047661 0.1078436 0.1066918 0.1085888 0.1047661 0.1078875 0.1130373 0.1066918 0.1073272 0.1495578 0.1397616 0.1610764 0.1171606 0.1170573 0.1164788 0.1210864 0.1275253 0.1280777 0.1171060 0.0987550 0.1007418 0.1141805 0.1122553 0.1064601 0.1128858 0.1057559 0.1586965 0.6237989 0.3508744 0.3517451 0.5425912 
Suidae            0.0193147 0.0193421 0.0207982 0.0271519 0.0256426 0.0239676 0.0000000 0.0160007 0.0131837 0.0272553 0.0306284 0.0290809 0.0254471 0.0207986 0.0226510 0.0667674 0.0588622 0.0545898 0.0996145 0.0977786 0.1006607 0.0996380 0.1014715 0.0977786 0.1006990 0.1055688 0.0996380 0.1050218 0.1339750 0.1307939 0.1510728 0.1050738 0.1052094 0.1092086 0.1085921 0.1245323 0.1197976 0.1000972 0.0873893 0.0892853 0.1018989 0.1000573 0.0947579 0.1005744 0.0939292 0.1586075 0.6168679 0.3599445 0.3611346 0.5363054 
Hippopotamidae    0.0273354 0.0209674 0.0256158 0.0288559 0.0306103 0.0288744 0.0160007 0.0000000 0.0147427 0.0289660 0.0357528 0.0341790 0.0271256 0.0224320 0.0275801 0.0732128 0.0610431 0.0605720 0.1073229 0.1054510 0.1084922 0.1073487 0.1092179 0.1054510 0.1085359 0.1085359 0.1073487 0.1130005 0.1375592 0.1342637 0.1548616 0.1078948 0.1127092 0.1169826 0.1115206 0.1335171 0.1230354 0.1125850 0.0947345 0.0966716 0.1047638 0.1078140 0.0974955 0.0986104 0.1015074 0.1718775 0.6141204 0.3457016 0.3463604 0.5134175 
Hyperoodontidae   0.0244812 0.0181035 0.0227708 0.0260147 0.0277608 0.0227897 0.0131837 0.0147427 0.0000000 0.0294202 0.0329022 0.0313157 0.0242930 0.0195836 0.0247013 0.0662359 0.0581789 0.0577329 0.1098094 0.1078875 0.1110460 0.1098365 0.1117558 0.1078875 0.1059628 0.1163521 0.1098365 0.1156990 0.1474459 0.1377637 0.1590907 0.1152939 0.1152290 0.1146246 0.1090712 0.1311967 0.1316714 0.1101242 0.0968507 0.0988391 0.1122553 0.1103270 0.1045650 0.1109441 0.1038330 0.1631568 0.6058327 0.3607021 0.3619575 0.5425912 
Vespertilionidae  0.0294018 0.0261357 0.0276311 0.0343215 0.0327597 0.0309728 0.0272553 0.0289660 0.0294202 0.0000000 0.0213175 0.0230059 0.0324971 0.0243702 0.0296711 0.0682557 0.0641745 0.0596589 0.1021930 0.1003026 0.1033050 0.1022179 0.1041060 0.1003026 0.1033460 0.1084037 0.1022179 0.1078197 0.1380940 0.1346456 0.1557693 0.1077568 0.1031411 0.1071670 0.1164924 0.1281913 0.1178311 0.1125191 0.0943231 0.0962969 0.1095667 0.1076513 0.0971413 0.1082436 0.1012215 0.1686405 0.6406740 0.3402582 0.3530583 0.5941766 
Furipteridae      0.0328812 0.0295510 0.0310592 0.0344494 0.0363107 0.0310861 0.0306284 0.0357528 0.0329022 0.0213175 0.0000000 0.0263765 0.0360136 0.0277317 0.0331877 0.0815656 0.0686222 0.0680639 0.1058151 0.1038904 0.1069981 0.1058413 0.1077636 0.1038904 0.1070421 0.1122497 0.1058413 0.1116263 0.1492681 0.1392967 0.1609864 0.1113979 0.1065853 0.1107731 0.1152171 0.1269133 0.1219305 0.1183224 0.0997407 0.1017509 0.1153740 0.1134257 0.1075357 0.1140718 0.1068387 0.1676777 0.6395897 0.3580398 0.3591998 0.5950892 
Rhinolophidae     0.0279381 0.0279783 0.0294883 0.0328646 0.0347102 0.0328867 0.0290809 0.0341790 0.0313157 0.0230059 0.0263765 0.0000000 0.0344273 0.0261751 0.0315866 0.0709867 0.0668160 0.0621813 0.1007811 0.0988773 0.1018821 0.1008058 0.1027074 0.0988773 0.1019226 0.1069981 0.1008058 0.1064189 0.1308963 0.1333607 0.1485988 0.1113530 0.1065445 0.1058453 0.1203712 0.1212510 0.1164715 0.1111868 0.0928740 0.0900615 0.1031569 0.1012464 0.0909945 0.0920361 0.0900947 0.1583693 0.6195152 0.3555783 0.3441699 0.6090644 
Viverridae        0.0275262 0.0211102 0.0257925 0.0290580 0.0275270 0.0290769 0.0254471 0.0271256 0.0242930 0.0324971 0.0360136 0.0344273 0.0000000 0.0163135 0.0277746 0.0655543 0.0615604 0.0571607 0.1035013 0.1016251 0.1046223 0.1035263 0.1054002 0.1016251 0.1046637 0.1097009 0.1035263 0.1091122 0.1392570 0.1302084 0.1507894 0.1042058 0.1043596 0.1083857 0.1077670 0.1238316 0.1244071 0.1087904 0.0909496 0.0928883 0.1058563 0.1039739 0.0984793 0.1045298 0.0976820 0.1605933 0.6278169 0.3647150 0.3661067 0.5646158 
Procyonidae       0.0227574 0.0164585 0.0210757 0.0242776 0.0259942 0.0242930 0.0207986 0.0224320 0.0195836 0.0243702 0.0277317 0.0261751 0.0163135 0.0000000 0.0229597 0.0679209 0.0598424 0.0554734 0.0968033 0.0949429 0.0978273 0.0968264 0.0986848 0.0949429 0.0978646 0.1027631 0.0968264 0.1022278 0.1371662 0.1281995 0.1429735 0.1023943 0.1025830 0.1065695 0.1059250 0.1218420 0.1171151 0.1069122 0.0890770 0.0910163 0.1039583 0.1020737 0.0966124 0.1026169 0.0957894 0.1651188 0.6258659 0.3504650 0.3513199 0.5436006 
Myrmecophagidae   0.0214298 0.0214604 0.0197431 0.0262327 0.0279960 0.0229783 0.0226510 0.0275801 0.0247013 0.0296711 0.0331877 0.0315866 0.0277746 0.0229597 0.0000000 0.0627727 0.0587591 0.0543586 0.1060252 0.1040973 0.1072132 0.1060515 0.1079771 0.1040973 0.1072574 0.1124772 0.1060515 0.1118510 0.1393293 0.1396235 0.1613304 0.1066599 0.1067694 0.1109674 0.1154425 0.1215339 0.1221557 0.1114508 0.0930939 0.0950854 0.1084589 0.1065242 0.1008268 0.1071152 0.1000402 0.1801655 0.6551457 0.3454117 0.3460923 0.5855750 
Caluromyidae      0.0621063 0.0662815 0.0638166 0.0679305 0.0661912 0.0721822 0.0667674 0.0732128 0.0662359 0.0682557 0.0815656 0.0709867 0.0655543 0.0679209 0.0627727 0.0000000 0.0404652 0.0293247 0.1040899 0.1021120 0.1052810 0.1041163 0.1060922 0.1021120 0.1053252 0.1106572 0.1060922 0.1154555 0.1510924 0.1367131 0.1481245 0.1098636 0.1049591 0.1092148 0.1245735 0.1199576 0.1205751 0.0995222 0.0908812 0.0929204 0.1065944 0.1046081 0.0988195 0.0949737 0.0880536 0.1776097 0.5496484 0.3648864 0.3663504 0.6009400 
Thylacomyidae     0.0542103 0.0582208 0.0558945 0.0598513 0.0621479 0.0639312 0.0588622 0.0610431 0.0581789 0.0641745 0.0686222 0.0668160 0.0615604 0.0598424 0.0587591 0.0404652 0.0000000 0.0328966 0.1041858 0.1022058 0.1053796 0.1042123 0.1061903 0.1022058 0.1054239 0.1107632 0.1061903 0.1101324 0.1424734 0.1309130 0.1482828 0.0999629 0.1002213 0.1144550 0.1192095 0.1144400 0.1264047 0.0947005 0.0860821 0.0880975 0.1015237 0.0995576 0.0988940 0.0950455 0.0881194 0.1679305 0.5535262 0.3655661 0.3670584 0.5857206 
Phalangeridae     0.0499824 0.0538748 0.0478758 0.0516470 0.0537970 0.0594381 0.0545898 0.0605720 0.0577329 0.0596589 0.0680639 0.0621813 0.0571607 0.0554734 0.0543586 0.0293247 0.0328966 0.0000000 0.0931874 0.0912737 0.0941937 0.0932103 0.0951224 0.0912737 0.0942300 0.0992244 0.0951224 0.1037767 0.1366640 0.1237578 0.1405190 0.0942576 0.0992746 0.1082353 0.1179595 0.1132071 0.1193791 0.0890793 0.0805786 0.0825461 0.0955500 0.0888015 0.0930253 0.0892589 0.0825663 0.1803309 0.6113172 0.3718466 0.3735869 0.6020280 
Tityridae         0.0949656 0.1048217 0.1016103 0.1116085 0.0997703 0.1066657 0.0996145 0.1073229 0.1098094 0.1021930 0.1058151 0.1007811 0.1035013 0.0968033 0.1060252 0.1040899 0.1041858 0.0931874 0.0000000 0.0015109 0.0030440 0.0030237 0.0045372 0.0015109 0.0030447 0.0061384 0.0045372 0.0092543 0.0875313 0.0783833 0.0898959 0.0833035 0.0794782 0.0784672 0.0939668 0.0886164 0.1099693 0.1018720 0.0835274 0.0855236 0.0987724 0.0968240 0.0961884 0.0875174 0.0855447 0.1916870 0.6231657 0.4111321 0.3993950 0.6659972 
Ptilonorhynchidae 0.0931025 0.1029194 0.0997320 0.1096923 0.0978883 0.1047661 0.0977786 0.1054510 0.1078875 0.1003026 0.1038904 0.0988773 0.1016251 0.0949429 0.1040973 0.1021120 0.1022058 0.0912737 0.0015109 0.0000000 0.0015214 0.0015112 0.0030237 0.0000010 0.0015217 0.0046019 0.0030237 0.0077088 0.0856083 0.0765471 0.0880580 0.0814867 0.0777105 0.0766781 0.0920798 0.0866652 0.1079562 0.0999442 0.0816074 0.0836038 0.0968240 0.0948735 0.0942521 0.0855973 0.0836245 0.1892592 0.6208897 0.4087697 0.3969462 0.6644222 
Callaeatidae      0.0959677 0.1059762 0.1027074 0.1128666 0.1008451 0.1078436 0.1006607 0.1084922 0.1110460 0.1033050 0.1069981 0.1018821 0.1046223 0.0978273 0.1072132 0.1052810 0.1053796 0.0941937 0.0030440 0.0015214 0.0000000 0.0030446 0.0045688 0.0015214 0.0030659 0.0061820 0.0045688 0.0093208 0.0884693 0.0791686 0.0908210 0.0841384 0.0802462 0.0792330 0.0949688 0.0895835 0.1059130 0.0979895 0.0796665 0.0816625 0.0948497 0.0928977 0.0922907 0.0884538 0.0816827 0.1867646 0.6208897 0.4062614 0.3943495 0.6626819 
Monarchidae       0.0949884 0.1048473 0.1016349 0.1116360 0.0997944 0.1066918 0.0996380 0.1073487 0.1098365 0.1022179 0.1058413 0.1008058 0.1035263 0.0968264 0.1060515 0.1041163 0.1042123 0.0932103 0.0030237 0.0015112 0.0030446 0.0000000 0.0015003 0.0015112 0.0030452 0.0061396 0.0045381 0.0092561 0.0875529 0.0784018 0.0899172 0.0833230 0.0794963 0.0784852 0.0939896 0.0886386 0.1099978 0.1018973 0.0835480 0.0855447 0.0987972 0.0968483 0.0962123 0.0875390 0.0855658 0.1917471 0.6233609 0.4112610 0.3995245 0.6661430 
Malaconotidae     0.0968496 0.1067472 0.1035110 0.1135494 0.1016742 0.1085888 0.1014715 0.1092179 0.1117558 0.1041060 0.1077636 0.1027074 0.1054002 0.0986848 0.1079771 0.1060922 0.1061903 0.0951224 0.0045372 0.0030237 0.0045688 0.0015003 0.0000000 0.0030237 0.0045698 0.0076777 0.0060530 0.0108029 0.0894748 0.0802370 0.0917534 0.0851385 0.0812626 0.0802730 0.0958748 0.0905888 0.1120086 0.1038231 0.0854672 0.0874634 0.1007437 0.0987972 0.0981470 0.0894580 0.0874850 0.1941676 0.6256017 0.3991393 0.3873922 0.6677001 
Certhiidae        0.0931025 0.1029194 0.0997320 0.1096923 0.0978883 0.1047661 0.0977786 0.1054510 0.1078875 0.1003026 0.1038904 0.0988773 0.1016251 0.0949429 0.1040973 0.1021120 0.1022058 0.0912737 0.0015109 0.0000010 0.0015214 0.0015112 0.0030237 0.0000000 0.0015217 0.0046019 0.0030237 0.0077088 0.0856083 0.0765471 0.0880580 0.0814867 0.0777105 0.0766781 0.0920798 0.0866652 0.1079562 0.0999442 0.0816074 0.0836038 0.0968240 0.0948735 0.0942521 0.0855973 0.0836245 0.1892592 0.6208897 0.4087697 0.3969462 0.6644222 
Cinclidae         0.0960040 0.1060190 0.1027478 0.1129140 0.1008846 0.1078875 0.1006990 0.1085359 0.1059628 0.1033460 0.1070421 0.1019226 0.1046637 0.0978646 0.1072574 0.1053252 0.1054239 0.0942300 0.0030447 0.0015217 0.0030659 0.0030452 0.0045698 0.0015217 0.0000000 0.0061833 0.0045698 0.0093228 0.0885027 0.0791959 0.0908541 0.0841678 0.0802730 0.0792596 0.0950051 0.0896180 0.1113161 0.1030436 0.0844443 0.0864667 0.0999137 0.0979390 0.0972861 0.0884872 0.0864883 0.1950962 0.6185807 0.4063905 0.3944793 0.6628302 
Thraupidae        0.1008846 0.1111492 0.1077636 0.1181846 0.1058840 0.1130373 0.1055688 0.1085359 0.1163521 0.1084037 0.1122497 0.1069981 0.1097009 0.1027631 0.1124772 0.1106572 0.1107632 0.0992244 0.0061384 0.0046019 0.0061820 0.0061396 0.0076777 0.0046019 0.0061833 0.0000000 0.0076777 0.0125340 0.0885027 0.0791959 0.0955978 0.0887695 0.0846984 0.0837280 0.0999369 0.0946494 0.1168400 0.1082027 0.0893214 0.0913700 0.0999137 0.1030858 0.1023846 0.0884872 0.0913931 0.2036981 0.6185807 0.3918804 0.3798751 0.6628302 
Alaudidae         0.0949884 0.1048473 0.1016349 0.1116360 0.0997944 0.1066918 0.0996380 0.1073487 0.1098365 0.1022179 0.1058413 0.1008058 0.1035263 0.0968264 0.1060515 0.1060922 0.1061903 0.0951224 0.0045372 0.0030237 0.0045688 0.0045381 0.0060530 0.0030237 0.0045698 0.0076777 0.0000000 0.0108029 0.0894748 0.0802370 0.0917534 0.0851385 0.0812626 0.0802730 0.0958748 0.0905888 0.1120086 0.1038231 0.0854672 0.0874634 0.1007437 0.0987972 0.0981470 0.0894580 0.0874850 0.1861021 0.6256017 0.4136067 0.4019551 0.6677001 
Coraciiformes     0.1003612 0.1105405 0.1022278 0.1123131 0.1003757 0.1073272 0.1050218 0.1130005 0.1156990 0.1078197 0.1116263 0.1064189 0.1091122 0.1022278 0.1118510 0.1154555 0.1101324 0.1037767 0.0092543 0.0077088 0.0093208 0.0092561 0.0108029 0.0077088 0.0093228 0.0125340 0.0108029 0.0000000 0.0880514 0.0880438 0.0951167 0.0883374 0.0887944 0.0878704 0.0994131 0.0992659 0.1161725 0.1128543 0.0938237 0.0958852 0.1097646 0.1077585 0.1070164 0.0979490 0.0959096 0.1934884 0.6771623 0.4175198 0.4056280 0.6788914 
Crocodylidae      0.1257596 0.1413318 0.1392611 0.1515007 0.1351706 0.1495578 0.1339750 0.1375592 0.1474459 0.1380940 0.1492681 0.1308963 0.1392570 0.1371662 0.1393293 0.1510924 0.1424734 0.1366640 0.0875313 0.0856083 0.0884693 0.0875529 0.0894748 0.0856083 0.0885027 0.0885027 0.0894748 0.0880514 0.0000000 0.1214053 0.1288442 0.1283887 0.1280183 0.1166552 0.1491598 0.1388480 0.1612752 0.1470778 0.1445537 0.1469132 0.1571578 0.1549223 0.1407041 0.1428142 0.1469958 0.2184090 0.7492164 0.4112987 0.3840084 0.6932429 
Carettochelyidae  0.1262461 0.1320459 0.1338017 0.1338655 0.1376240 0.1397616 0.1307939 0.1342637 0.1377637 0.1346456 0.1392967 0.1333607 0.1302084 0.1281995 0.1396235 0.1367131 0.1309130 0.1237578 0.0783833 0.0765471 0.0791686 0.0784018 0.0802370 0.0765471 0.0791959 0.0791959 0.0802370 0.0880438 0.1214053 0.0000000 0.0618942 0.0995718 0.1027603 0.0971579 0.1094766 0.1097929 0.1333515 0.1043883 0.0839683 0.0859762 0.0993136 0.0973537 0.1017466 0.0948092 0.0927995 0.2015545 0.6616107 0.4213184 0.4096131 0.6940760 
Kinosternidae     0.1468166 0.1529979 0.1547135 0.1488058 0.1589216 0.1610764 0.1510728 0.1548616 0.1590907 0.1557693 0.1609864 0.1485988 0.1507894 0.1429735 0.1613304 0.1481245 0.1482828 0.1405190 0.0898959 0.0880580 0.0908210 0.0899172 0.0917534 0.0880580 0.0908541 0.0955978 0.0917534 0.0951167 0.1288442 0.0618942 0.0000000 0.1269913 0.1214572 0.1209717 0.1293542 0.1307246 0.1576894 0.1329103 0.1082082 0.1102718 0.1244313 0.1224358 0.1270691 0.1176648 0.1155932 0.2392784 0.6984514 0.4401705 0.4139092 0.7125056 
Anomalepididae    0.1053618 0.1073639 0.1023799 0.1120415 0.1053618 0.1171606 0.1050738 0.1078948 0.1152939 0.1077568 0.1113979 0.1113530 0.1042058 0.1023943 0.1066599 0.1098636 0.0999629 0.0942576 0.0833035 0.0814867 0.0841384 0.0833230 0.0851385 0.0814867 0.0841678 0.0887695 0.0851385 0.0883374 0.1283887 0.0995718 0.1269913 0.0000000 0.0461039 0.0448715 0.0547679 0.0824654 0.0880855 0.0978781 0.0849304 0.0868617 0.0996834 0.0930222 0.0924420 0.0887908 0.0868825 0.1805637 0.6215483 0.3518625 0.3527781 0.5986699 
Loxocemidae       0.1054951 0.1074581 0.1072499 0.1120431 0.1102673 0.1170573 0.1052094 0.1127092 0.1152290 0.1031411 0.1065853 0.1065445 0.1043596 0.1025830 0.1067694 0.1049591 0.1002213 0.0992746 0.0794782 0.0777105 0.0802462 0.0794963 0.0812626 0.0777105 0.0802730 0.0846984 0.0812626 0.0887944 0.1280183 0.1027603 0.1214572 0.0461039 0.0000000 0.0256624 0.0633636 0.0875276 0.0840689 0.1028407 0.0836004 0.0854964 0.0980520 0.0962069 0.0909755 0.0966991 0.0900970 0.1836271 0.5586139 0.3615622 0.3628262 0.5749445 
Natricidae        0.1096027 0.1116156 0.1113950 0.1214253 0.1145425 0.1164788 0.1092086 0.1169826 0.1146246 0.1071670 0.1107731 0.1058453 0.1083857 0.1065695 0.1109674 0.1092148 0.1144550 0.1082353 0.0784672 0.0766781 0.0792330 0.0784852 0.0802730 0.0766781 0.0792596 0.0837280 0.0802730 0.0878704 0.1166552 0.0971579 0.1209717 0.0448715 0.0256624 0.0000000 0.0545221 0.0820164 0.0830900 0.0973522 0.0844719 0.0863911 0.0991211 0.0972529 0.0919366 0.0977583 0.0910597 0.1865029 0.5867379 0.3596835 0.3608856 0.5686440 
Xenosauridae      0.1089756 0.1110340 0.1107936 0.1158572 0.1139773 0.1210864 0.1085921 0.1115206 0.1090712 0.1164924 0.1152171 0.1203712 0.1077670 0.1059250 0.1154425 0.1245735 0.1192095 0.1179595 0.0939668 0.0920798 0.0949688 0.0939896 0.0958748 0.0920798 0.0950051 0.0999369 0.0958748 0.0994131 0.1491598 0.1094766 0.1293542 0.0547679 0.0633636 0.0545221 0.0000000 0.0903652 0.0913757 0.1013743 0.0862902 0.0901682 0.1032900 0.1013758 0.0958468 0.1019226 0.0950009 0.1797017 0.5777711 0.3687648 0.3833449 0.5764620 
Teiidae           0.1145129 0.1276421 0.1273669 0.1389292 0.1310933 0.1275253 0.1245323 0.1335171 0.1311967 0.1281913 0.1269133 0.1212510 0.1238316 0.1218420 0.1215339 0.1199576 0.1144400 0.1132071 0.0886164 0.0866652 0.0895835 0.0886386 0.0905888 0.0866652 0.0896180 0.0946494 0.0905888 0.0992659 0.1388480 0.1097929 0.1307246 0.0824654 0.0875276 0.0820164 0.0903652 0.0000000 0.1170976 0.1064375 0.0826442 0.0779663 0.0911386 0.0843203 0.0935279 0.0896403 0.0876074 0.1771617 0.5813615 0.3626830 0.3506516 0.5959626 
Eublepharidae     0.1205170 0.1226832 0.1171151 0.1224796 0.1152220 0.1280777 0.1197976 0.1230354 0.1316714 0.1178311 0.1219305 0.1164715 0.1244071 0.1171151 0.1221557 0.1205751 0.1264047 0.1193791 0.1099693 0.1079562 0.1059130 0.1099978 0.1120086 0.1079562 0.1113161 0.1168400 0.1120086 0.1161725 0.1612752 0.1333515 0.1576894 0.0880855 0.0840689 0.0830900 0.0913757 0.1170976 0.0000000 0.1289259 0.1037650 0.1006454 0.1147412 0.1127203 0.1066350 0.1189087 0.1058996 0.1950971 0.6460016 0.4154186 0.4068342 0.6496376 
Dicamptodontidae  0.1050890 0.1052194 0.0973113 0.1118907 0.1081577 0.1171060 0.1000972 0.1125850 0.1101242 0.1125191 0.1183224 0.1111868 0.1087904 0.1069122 0.1114508 0.0995222 0.0947005 0.0890793 0.1018720 0.0999442 0.0979895 0.1018973 0.1038231 0.0999442 0.1030436 0.1082027 0.1038231 0.1128543 0.1470778 0.1043883 0.1329103 0.0978781 0.1028407 0.0973522 0.1013743 0.1064375 0.1289259 0.0000000 0.0401454 0.0401742 0.0510249 0.0493123 0.0490483 0.0534351 0.0439388 0.1425629 0.5522765 0.3250787 0.3249526 0.5808653 
Alytidae          0.0872452 0.0920778 0.0890770 0.0938273 0.0900710 0.0987550 0.0873893 0.0947345 0.0968507 0.0943231 0.0997407 0.0928740 0.0909496 0.0890770 0.0930939 0.0908812 0.0860821 0.0805786 0.0835274 0.0816074 0.0796665 0.0835480 0.0854672 0.0816074 0.0844443 0.0893214 0.0854672 0.0938237 0.1445537 0.0839683 0.1082082 0.0849304 0.0836004 0.0844719 0.0862902 0.0826442 0.1037650 0.0401454 0.0000000 0.0194755 0.0313440 0.0280223 0.0314445 0.0353925 0.0264455 0.1139291 0.5188652 0.3560596 0.3571814 0.5871590 
Heleophrynidae    0.0891866 0.0940433 0.0910163 0.0957894 0.0920361 0.1007418 0.0892853 0.0966716 0.0988391 0.0962969 0.1017509 0.0900615 0.0928883 0.0910163 0.0950854 0.0929204 0.0880975 0.0825461 0.0855236 0.0836038 0.0816625 0.0855447 0.0874634 0.0836038 0.0864667 0.0913700 0.0874634 0.0958852 0.1469132 0.0859762 0.1102718 0.0868617 0.0854964 0.0863911 0.0901682 0.0779663 0.1006454 0.0401742 0.0194755 0.0000000 0.0108600 0.0077507 0.0108903 0.0142323 0.0062148 0.1139991 0.5491938 0.3548355 0.3559295 0.6143193 
Leptodactylidae   0.1021134 0.1072164 0.1039583 0.1089690 0.1051743 0.1141805 0.1018989 0.1047638 0.1122553 0.1095667 0.1153740 0.1031569 0.1058563 0.1039583 0.1084589 0.1065944 0.1015237 0.0955500 0.0987724 0.0968240 0.0948497 0.0987972 0.1007437 0.0968240 0.0999137 0.0999137 0.1007437 0.1097646 0.1571578 0.0993136 0.1244313 0.0996834 0.0980520 0.0991211 0.1032900 0.0911386 0.1147412 0.0510249 0.0313440 0.0108600 0.0000000 0.0123652 0.0221117 0.0222940 0.0173552 0.1313253 0.5531004 0.3567970 0.3579573 0.6189592 
Strabomantidae    0.1002250 0.1053077 0.1020737 0.1070651 0.0983341 0.1122553 0.1000573 0.1078140 0.1103270 0.1076513 0.1134257 0.1012464 0.1039739 0.1020737 0.1065242 0.1046081 0.0995576 0.0888015 0.0968240 0.0948735 0.0928977 0.0968483 0.0987972 0.0948735 0.0979390 0.1030858 0.0987972 0.1077585 0.1549223 0.0973537 0.1224358 0.0930222 0.0962069 0.0972529 0.1013758 0.0843203 0.1127203 0.0493123 0.0280223 0.0077507 0.0123652 0.0000000 0.0189400 0.0224700 0.0141884 0.1270695 0.5914757 0.3670213 0.3685976 0.6171897 
Micrixalidae      0.0901201 0.0997103 0.0966124 0.1014438 0.0929447 0.1064601 0.0947579 0.0974955 0.1045650 0.0971413 0.1075357 0.0909945 0.0984793 0.0966124 0.1008268 0.0988195 0.0988940 0.0930253 0.0961884 0.0942521 0.0922907 0.0962123 0.0981470 0.0942521 0.0972861 0.1023846 0.0981470 0.1070164 0.1407041 0.1017466 0.1270691 0.0924420 0.0909755 0.0919366 0.0958468 0.0935279 0.1066350 0.0490483 0.0314445 0.0108903 0.0221117 0.0189400 0.0000000 0.0157038 0.0077168 0.1203080 0.5569802 0.3619706 0.3633273 0.6339798 
Hemisotidae       0.0911380 0.1058810 0.1026169 0.1076495 0.0988672 0.1128858 0.1005744 0.0986104 0.1109441 0.1082436 0.1140718 0.0920361 0.1045298 0.1026169 0.1071152 0.0949737 0.0950455 0.0892589 0.0875174 0.0855973 0.0884538 0.0875390 0.0894580 0.0855973 0.0884872 0.0884872 0.0894580 0.0979490 0.1428142 0.0948092 0.1176648 0.0887908 0.0966991 0.0977583 0.1019226 0.0896403 0.1189087 0.0534351 0.0353925 0.0142323 0.0222940 0.0224700 0.0157038 0.0000000 0.0077769 0.1278654 0.5495814 0.3839442 0.3722421 0.6311004 
Asterophryidae    0.0892189 0.0989188 0.0957894 0.1006779 0.0920703 0.1057559 0.0939292 0.1015074 0.1038330 0.1012215 0.1068387 0.0900947 0.0976820 0.0957894 0.1000402 0.0880536 0.0881194 0.0825663 0.0855447 0.0836245 0.0816827 0.0855658 0.0874850 0.0836245 0.0864883 0.0913931 0.0874850 0.0959096 0.1469958 0.0927995 0.1155932 0.0868825 0.0900970 0.0910597 0.0950009 0.0876074 0.1058996 0.0439388 0.0264455 0.0062148 0.0173552 0.0141884 0.0077168 0.0077769 0.0000000 0.1197534 0.5493876 0.3679476 0.3695689 0.6435911 
Caeciliidae2      0.1562952 0.1632645 0.1651188 0.1721266 0.1608610 0.1586965 0.1586075 0.1718775 0.1631568 0.1686405 0.1676777 0.1583693 0.1605933 0.1651188 0.1801655 0.1776097 0.1679305 0.1803309 0.1916870 0.1892592 0.1867646 0.1917471 0.1941676 0.1892592 0.1950962 0.2036981 0.1861021 0.1934884 0.2184090 0.2015545 0.2392784 0.1805637 0.1836271 0.1865029 0.1797017 0.1771617 0.1950971 0.1425629 0.1139291 0.1139991 0.1313253 0.1270695 0.1203080 0.1278654 0.1197534 0.0000000 0.6733036 0.4373145 0.4099869 0.6551322 
Polypteriformes   0.6220642 0.6436107 0.6426697 0.6428306 0.6573613 0.6237989 0.6168679 0.6141204 0.6058327 0.6406740 0.6395897 0.6195152 0.6278169 0.6258659 0.6551457 0.5496484 0.5535262 0.6113172 0.6231657 0.6208897 0.6208897 0.6233609 0.6256017 0.6208897 0.6185807 0.6185807 0.6256017 0.6771623 0.7492164 0.6616107 0.6984514 0.6215483 0.5586139 0.5867379 0.5777711 0.5813615 0.6460016 0.5522765 0.5188652 0.5491938 0.5531004 0.5914757 0.5569802 0.5495814 0.5493876 0.6733036 0.0000000 0.5680243 0.5643766 0.7956844 
Channichthyidae   0.3603833 0.3642621 0.3276367 0.3505673 0.3581458 0.3508744 0.3599445 0.3457016 0.3607021 0.3402582 0.3580398 0.3555783 0.3647150 0.3504650 0.3454117 0.3648864 0.3655661 0.3718466 0.4111321 0.4087697 0.4062614 0.4112610 0.3991393 0.4087697 0.4063905 0.3918804 0.4136067 0.4175198 0.4112987 0.4213184 0.4401705 0.3518625 0.3615622 0.3596835 0.3687648 0.3626830 0.4154186 0.3250787 0.3560596 0.3548355 0.3567970 0.3670213 0.3619706 0.3839442 0.3679476 0.4373145 0.5680243 0.0000000 0.0224351 0.6020996 
Pseudaphritidae   0.3491265 0.3656642 0.3392508 0.3639287 0.3593100 0.3517451 0.3611346 0.3463604 0.3619575 0.3530583 0.3591998 0.3441699 0.3661067 0.3513199 0.3460923 0.3663504 0.3670584 0.3735869 0.3993950 0.3969462 0.3943495 0.3995245 0.3873922 0.3969462 0.3944793 0.3798751 0.4019551 0.4056280 0.3840084 0.4096131 0.4139092 0.3527781 0.3628262 0.3608856 0.3833449 0.3506516 0.4068342 0.3249526 0.3571814 0.3559295 0.3579573 0.3685976 0.3633273 0.3722421 0.3695689 0.4099869 0.5643766 0.0224351 0.0000000 0.5737722 
Carcharhinidae    0.5609093 0.5950001 0.5607326 0.5791601 0.5585972 0.5425912 0.5363054 0.5134175 0.5425912 0.5941766 0.5950892 0.6090644 0.5646158 0.5436006 0.5855750 0.6009400 0.5857206 0.6020280 0.6659972 0.6644222 0.6626819 0.6661430 0.6677001 0.6644222 0.6628302 0.6628302 0.6677001 0.6788914 0.6932429 0.6940760 0.7125056 0.5986699 0.5749445 0.5686440 0.5764620 0.5959626 0.6496376 0.5808653 0.5871590 0.6143193 0.6189592 0.6171897 0.6339798 0.6311004 0.6435911 0.6551322 0.7956844 0.6020996 0.5737722 0.0000000 
