51
Pitheciidae       0.0000000 0.1693122 0.1502944 0.1410534 0.1312127 0.1716755 0.1725878 0.1727917 0.1892038 0.1928220 0.1790436 0.2009960 0.2130602 0.1953175 0.2606429 0.4655097 0.4900293 0.4239745 1.6723155 1.6087605 1.7265369 1.6201330 1.7254779 1.6715535 1.7486865 1.6884913 1.7327348 1.5751025 1.6089852 1.8466653 2.1210421 1.6417278 1.3964667 1.5355420 1.3923803 1.4441477 1.4148128 1.2574197 2.1906732 3.9441833 3.8180935 4.5878028 5.2071356 2.8314945 3.2661272 2.9013162 2.7349597 2.3589485 2.0915366 2.1463455 2.5894724 
Scandentia        0.1693122 0.0000000 0.1351683 0.1294656 0.1190243 0.1558623 0.1384624 0.1542989 0.1604171 0.1701315 0.1695858 0.1910034 0.1867415 0.1885279 0.2736607 0.4365581 0.4789982 0.4317286 1.5657545 1.5254287 1.6097468 1.5439467 1.6336615 1.5745683 1.5996988 1.5759561 1.6362731 1.4965174 1.5455802 1.6663310 1.9246640 1.5965113 1.3335695 1.5491120 1.4454703 1.3430110 1.4488202 1.3156197 2.1107939 3.7818569 3.5614708 3.9972407 4.7758220 2.5222561 2.9830511 2.9439579 2.7733903 2.3832294 2.0580063 2.1201227 2.4210212 
Erethizontidae    0.1502944 0.1351683 0.0000000 0.0656238 0.0861177 0.1356496 0.1543940 0.1573366 0.1569707 0.1695508 0.1509008 0.1704290 0.1634277 0.1550061 0.2747819 0.4431531 0.4817981 0.4307467 1.6836614 1.6102089 1.7576707 1.6522649 1.7425535 1.6598124 1.7402989 1.6913788 1.7276260 1.5808469 1.6562416 1.8156568 1.8985644 1.6577676 1.4497218 1.6097473 1.4895158 1.3956990 1.4914565 1.3370690 2.1343036 4.0564385 3.6017316 4.4342727 4.6782828 2.7494009 3.2655224 3.0589201 2.8020108 2.4168470 2.2061152 2.2704302 2.5824307 
Capromyidae       0.1410534 0.1294656 0.0656238 0.0000000 0.0833429 0.1265743 0.1384733 0.1293279 0.1285043 0.1596607 0.1535701 0.1672223 0.1603907 0.1614158 0.2592100 0.4582805 0.5020618 0.4386597 1.6088445 1.5309033 1.6579180 1.5508978 1.6502044 1.5452039 1.6397401 1.5895481 1.6296402 1.4825378 1.5728266 1.6702102 1.9043206 1.6437258 1.3927185 1.5010652 1.4376465 1.3646527 1.4354137 1.3043932 2.0373188 3.9444798 3.4121805 4.3049178 4.6879478 2.6100096 3.1000099 2.9044077 2.8053975 2.2873567 2.0379282 2.0961352 2.3884987 
Muridae           0.1312127 0.1190243 0.0861177 0.0833429 0.0000000 0.0987147 0.1376541 0.1472944 0.1431649 0.1554056 0.1428675 0.1698871 0.1635778 0.1617091 0.2737624 0.4392032 0.4871145 0.4035220 1.5536918 1.5612737 1.6957058 1.5988084 1.6788221 1.6085145 1.6867969 1.6224229 1.6757959 1.5380226 1.5966980 1.8352892 1.8531000 1.6582822 1.4148516 1.5347383 1.4978310 1.4133736 1.4368387 1.3047800 2.1273654 3.9420141 3.6045821 4.1725913 4.6846987 2.7551834 3.1817161 2.9079088 2.8755322 2.3607345 2.0410392 2.1025382 2.5154405 
Castoridae        0.1716755 0.1558623 0.1356496 0.1265743 0.0987147 0.0000000 0.1630079 0.1552578 0.1651410 0.1857266 0.1857092 0.2001021 0.1993266 0.1812570 0.2834117 0.4578826 0.5186655 0.4756961 1.7070882 1.6682870 1.7604332 1.6785871 1.7564924 1.6216476 1.7468914 1.6617980 1.7256454 1.6331622 1.6544265 1.7989737 1.9058494 1.7984373 1.4713513 1.6301775 1.5319444 1.4786610 1.5326400 1.3417113 2.0068219 4.0652117 3.6095683 3.9355032 4.6914617 2.6847501 3.1013611 3.0659876 2.8036691 2.4863501 2.0994294 2.1582099 2.5808818 
Suidae            0.1725878 0.1384624 0.1543940 0.1384733 0.1376541 0.1630079 0.0000000 0.0858307 0.0874231 0.1229342 0.1144283 0.1393657 0.1429358 0.1507127 0.2456926 0.4445552 0.4682036 0.4143698 1.5904380 1.5005549 1.6048732 1.5130960 1.6062150 1.5665045 1.6196846 1.5445938 1.6173487 1.4651505 1.5059654 1.7354330 1.9376849 1.6234538 1.2728638 1.3913237 1.2800634 1.3356849 1.4456877 1.1998969 2.1128329 3.8295081 3.7084955 4.4399181 4.6847491 2.8291139 3.2691197 3.1430736 2.6581109 2.4196863 1.9247625 2.0374545 2.3884242 
Hippopotamidae    0.1727917 0.1542989 0.1573366 0.1293279 0.1472944 0.1552578 0.0858307 0.0000000 0.0687303 0.1355941 0.1240877 0.1362525 0.1422392 0.1497771 0.2594025 0.4667845 0.4987420 0.4510810 1.6195146 1.5276435 1.6373956 1.5353067 1.6246512 1.5245811 1.5929297 1.5830142 1.6327921 1.4516924 1.5233003 1.7726303 1.9457053 1.6510313 1.2889134 1.4672671 1.3641337 1.3452110 1.4038248 1.2313338 2.0423425 4.0044261 3.7659824 4.2407484 4.7690435 2.7207929 3.1436266 3.1030819 2.6326846 2.4446103 1.9967088 2.0566499 2.5484450 
Hyperoodontidae   0.1892038 0.1604171 0.1569707 0.1285043 0.1431649 0.1651410 0.0874231 0.0687303 0.0000000 0.1449072 0.1420276 0.1296601 0.1546623 0.1562885 0.2530241 0.4651579 0.5094473 0.4476959 1.5492760 1.4778170 1.5466627 1.4651504 1.5405911 1.4925888 1.5529791 1.5200892 1.5577265 1.4433093 1.4800369 1.7551625 1.8928171 1.6743675 1.2935390 1.4445996 1.3415855 1.2951057 1.3970079 1.1994308 1.9572122 3.8338371 3.8208834 4.3078195 4.8529043 2.6844875 3.2724887 3.0631950 2.4600811 2.3581806 2.0425218 2.0952595 2.5808503 
Vespertilionidae  0.1928220 0.1701315 0.1695508 0.1596607 0.1554056 0.1857266 0.1229342 0.1355941 0.1449072 0.0000000 0.0815731 0.1041611 0.1476370 0.1356745 0.2824505 0.4117347 0.4654888 0.4256494 1.6642774 1.5982970 1.7288652 1.6512610 1.7182657 1.6242353 1.7395596 1.6540202 1.7141857 1.5724635 1.6168449 1.7658460 2.0213400 1.6090256 1.3408551 1.4562509 1.3605175 1.2915651 1.4254282 1.2700789 2.1551922 3.8879803 3.5579819 4.6654383 5.3073301 2.9486459 3.3139084 3.2759023 2.7653132 2.4520347 2.0105889 2.0681493 2.6147952 
Furipteridae      0.1790436 0.1695858 0.1509008 0.1535701 0.1428675 0.1857092 0.1144283 0.1240877 0.1420276 0.0815731 0.0000000 0.1058802 0.1515226 0.1429120 0.2477105 0.4077571 0.4447213 0.4173550 1.6175649 1.5564845 1.6995181 1.6167968 1.6966623 1.6038862 1.6618172 1.6134013 1.6897149 1.5207484 1.6026715 1.7732393 1.9845523 1.6456352 1.3120263 1.4270762 1.3455915 1.2516367 1.4249902 1.2429266 2.1817263 3.8311352 3.7103506 4.5878908 5.0217666 2.7584587 3.1839260 3.1472568 2.7303713 2.4173246 2.0404715 2.0983752 2.5146689 
Rhinolophidae     0.2009960 0.1910034 0.1704290 0.1672223 0.1698871 0.2001021 0.1393657 0.1362525 0.1296601 0.1041611 0.1058802 0.0000000 0.1678210 0.1525173 0.2637164 0.4320649 0.4718206 0.4311826 1.7085986 1.6511917 1.7713222 1.6474550 1.7767384 1.6904405 1.7805468 1.7040258 1.7581030 1.5988438 1.6615812 1.8654713 2.1308471 1.6687055 1.3512316 1.5240583 1.3981317 1.3085630 1.4790729 1.3030550 2.2091366 4.0061314 3.6620451 4.8282816 4.9396456 2.8698601 3.1438290 3.1926063 2.7652114 2.4451997 2.0626591 2.0665664 2.5480457 
Viverridae        0.2130602 0.1867415 0.1634277 0.1603907 0.1635778 0.1993266 0.1429358 0.1422392 0.1546623 0.1476370 0.1515226 0.1678210 0.0000000 0.1088718 0.3031057 0.4370255 0.4596245 0.4577293 1.6412949 1.5710520 1.6840077 1.5708425 1.7024753 1.6479125 1.7049601 1.6152617 1.6639100 1.5039749 1.5651401 1.7402817 1.9745742 1.5737825 1.3001147 1.4365745 1.3036333 1.3503977 1.4078581 1.2855082 2.1428545 3.7227205 3.7113732 4.4425601 5.2070119 2.7588609 3.2703084 3.1458485 2.5915580 2.4226493 2.0847514 2.1480806 2.5760283 
Procyonidae       0.1953175 0.1885279 0.1550061 0.1614158 0.1617091 0.1812570 0.1507127 0.1497771 0.1562885 0.1356745 0.1429120 0.1525173 0.1088718 0.0000000 0.2970524 0.4570807 0.4713837 0.4634672 1.5731265 1.5152839 1.6203818 1.5071729 1.6197626 1.5516435 1.6291744 1.5690611 1.5679885 1.4766385 1.5587839 1.7463135 2.0629408 1.6207399 1.3451127 1.5470616 1.3931754 1.3308574 1.4684949 1.3145582 2.0569951 3.8907087 3.6622949 4.3767933 5.1186868 2.7235379 3.2292648 3.1063163 2.6276116 2.5197557 2.1258224 2.1842868 2.6140881 
Myrmecophagidae   0.2606429 0.2736607 0.2747819 0.2592100 0.2737624 0.2834117 0.2456926 0.2594025 0.2530241 0.2824505 0.2477105 0.2637164 0.3031057 0.2970524 0.0000000 0.5228722 0.5772363 0.5384555 1.8806230 1.8284478 1.8975882 1.8537728 1.9483078 1.7854501 1.9401168 1.8805333 1.9294253 1.7722349 1.7965621 2.0452727 2.2290475 1.8786331 1.6454885 1.6977526 1.5760138 1.5285538 1.6636105 1.5099074 2.3506831 4.1851691 3.8169795 4.1727757 5.0180452 2.6107203 3.3593222 3.3177464 2.9497270 2.5560401 2.2009804 2.2675553 2.5829602 
Caluromyidae      0.4655097 0.4365581 0.4431531 0.4582805 0.4392032 0.4578826 0.4445552 0.4667845 0.4651579 0.4117347 0.4077571 0.4320649 0.4370255 0.4570807 0.5228722 0.0000000 0.2082312 0.1843820 1.3698541 1.3773757 1.5018034 1.4039632 1.4773203 1.4071989 1.4164694 1.4151211 1.4192237 1.3289189 1.3576685 1.5772536 1.8135992 1.3350631 1.1372872 1.2074651 1.1069686 1.0142266 1.1520084 0.9839686 1.9889990 3.7809985 3.1921411 4.1184446 4.9433899 2.7994404 3.6024100 3.1053907 2.4831714 2.0444077 1.8986900 1.9114748 2.2333445 
Thylacomyidae     0.4900293 0.4789982 0.4817981 0.5020618 0.4871145 0.5186655 0.4682036 0.4987420 0.5094473 0.4654888 0.4447213 0.4718206 0.4596245 0.4713837 0.5772363 0.2082312 0.0000000 0.1713348 1.3273292 1.2621160 1.4735000 1.3247194 1.3959306 1.3802010 1.4121488 1.4539233 1.3767393 1.3023830 1.3480512 1.5588898 1.7975618 1.2881089 1.1263196 1.1457418 1.1268518 1.1065295 1.1823474 0.9048675 1.9982708 3.9447876 3.0639063 4.3050219 4.6881245 2.8395007 3.5485951 2.9760788 2.6581302 2.0623802 1.9062217 1.9700775 2.2727678 
Phalangeridae     0.4239745 0.4317286 0.4307467 0.4386597 0.4035220 0.4756961 0.4143698 0.4510810 0.4476959 0.4256494 0.4173550 0.4311826 0.4577293 0.4634672 0.5384555 0.1843820 0.1713348 0.0000000 1.2574527 1.3314267 1.4624645 1.3367972 1.3762977 1.3521145 1.3719467 1.4207991 1.4176200 1.3390282 1.3433197 1.5679628 1.7281787 1.3371437 1.0931615 1.1405093 1.0770582 1.0387689 1.1714712 0.9311497 2.0396746 3.8329267 3.0622466 4.1763091 4.5397343 2.6923848 3.6508057 2.9830995 2.6498552 2.0107939 1.8743750 1.8995340 2.2080429 
Tityridae         1.6723155 1.5657545 1.6836614 1.6088445 1.5536918 1.7070882 1.5904380 1.6195146 1.5492760 1.6642774 1.6175649 1.7085986 1.6412949 1.5731265 1.8806230 1.3698541 1.3273292 1.2574527 0.0000000 0.2849505 0.3484883 0.2833118 0.2442288 0.3025379 0.3026709 0.3178933 0.3035925 0.3457397 0.3840523 1.3607972 1.8580416 1.3363179 1.2044563 1.3025823 1.1663562 1.2583569 1.0865909 1.1083601 2.6107221 3.3304078 3.7064747 3.8118971 4.6789302 3.2373907 4.2155099 3.2243490 2.4524826 2.3652400 2.6471518 2.5164715 2.5281782 
Ptilonorhynchidae 1.6087605 1.5254287 1.6102089 1.5309033 1.5612737 1.6682870 1.5005549 1.5276435 1.4778170 1.5982970 1.5564845 1.6511917 1.5710520 1.5152839 1.8284478 1.3773757 1.2621160 1.3314267 0.2849505 0.0000000 0.2441994 0.2114162 0.1845701 0.2453146 0.2560128 0.2528573 0.2147722 0.2675591 0.3056711 1.3060433 1.7599555 1.3105175 1.0229650 1.1796800 1.0238703 1.1853890 1.1155676 1.0039449 2.4861545 3.5159518 3.4092287 3.7091038 4.8427114 3.3239251 3.8588138 3.3175460 2.7962237 2.2120376 2.4340361 2.3760134 2.4588209 
Callaeatidae      1.7265369 1.6097468 1.7576707 1.6579180 1.6957058 1.7604332 1.6048732 1.6373956 1.5466627 1.7288652 1.6995181 1.7713222 1.6840077 1.6203818 1.8975882 1.5018034 1.4735000 1.4624645 0.3484883 0.2441994 0.0000000 0.1868943 0.1933297 0.2689086 0.2193867 0.2229019 0.2024305 0.2618034 0.4059727 1.3878201 1.8858782 1.3881013 1.2045405 1.3068569 1.1860010 1.3267901 1.2844389 1.1493799 2.6551797 3.7746130 3.7613399 3.7628722 4.4600484 3.4639126 4.2845654 3.4578926 2.6184020 2.4737607 2.6145567 2.4815544 2.7596936 
Monarchidae       1.6201330 1.5439467 1.6522649 1.5508978 1.5988084 1.6785871 1.5130960 1.5353067 1.4651504 1.6512610 1.6167968 1.6474550 1.5708425 1.5071729 1.8537728 1.4039632 1.3247194 1.3367972 0.2833118 0.2114162 0.1868943 0.0000000 0.1118034 0.2165069 0.2175927 0.2115001 0.1851666 0.2444688 0.3728408 1.3300794 1.9364009 1.3950408 1.1143907 1.2717245 1.1070248 1.2647667 1.1023714 0.9749248 2.5253038 3.4743130 3.6618217 3.5609260 4.7727918 3.3750724 3.9225888 3.4627569 2.5580716 2.3574517 2.6159234 2.4889348 2.6941241 
Malaconotidae     1.7254779 1.6336615 1.7425535 1.6502044 1.6788221 1.7564924 1.6062150 1.6246512 1.5405911 1.7182657 1.6966623 1.7767384 1.7024753 1.6197626 1.9483078 1.4773203 1.3959306 1.3762977 0.2442288 0.1845701 0.1933297 0.1118034 0.0000000 0.2375055 0.2133935 0.2114190 0.1837162 0.2458758 0.3733508 1.2906431 1.9787768 1.4554184 1.1832695 1.3201133 1.1946897 1.2676012 1.2478959 1.0186510 2.6911359 3.8285804 3.8139214 3.5047104 4.5309231 3.2356567 3.9734215 3.4095691 2.7249676 2.3771029 2.6523170 2.3997497 2.6572809 
Certhiidae        1.6715535 1.5745683 1.6598124 1.5452039 1.6085145 1.6216476 1.5665045 1.5245811 1.4925888 1.6242353 1.6038862 1.6904405 1.6479125 1.5516435 1.7854501 1.4071989 1.3802010 1.3521145 0.3025379 0.2453146 0.2689086 0.2165069 0.2375055 0.0000000 0.2190816 0.2092898 0.2094877 0.2667773 0.4271970 1.3635733 1.8448428 1.4076305 1.0987073 1.2725651 1.1217841 1.2406329 1.2008849 1.0440047 2.6258769 3.8305985 3.7094089 3.6055536 4.5338757 3.2382210 3.9755008 3.3183724 2.7253506 2.3296984 2.5122737 2.3876714 2.5254120 
Cinclidae         1.7486865 1.5996988 1.7402989 1.6397401 1.6867969 1.7468914 1.6196846 1.5929297 1.5529791 1.7395596 1.6618172 1.7805468 1.7049601 1.6291744 1.9401168 1.4164694 1.4121488 1.3719467 0.3026709 0.2560128 0.2193867 0.2175927 0.2133935 0.2190816 0.0000000 0.2413113 0.2085404 0.2588458 0.4186898 1.3215249 1.7500545 1.4514845 1.2155298 1.3798290 1.2060810 1.3343894 1.1557937 1.1008686 2.3932987 3.5662308 3.7609790 3.5553414 4.7626300 3.3699487 4.0328251 3.2733881 2.6876178 2.3459242 2.6173981 2.4856938 2.7588721 
Ploceidae         1.6884913 1.5759561 1.6913788 1.5895481 1.6224229 1.6617980 1.5445938 1.5830142 1.5200892 1.6540202 1.6134013 1.7040258 1.6152617 1.5690611 1.8805333 1.4151211 1.4539233 1.4207991 0.3178933 0.2528573 0.2229019 0.2115001 0.2114190 0.2092898 0.2413113 0.0000000 0.1180009 0.2417933 0.4236262 1.3560739 1.8982413 1.3898504 1.1090442 1.3128735 1.0932682 1.3199987 1.1759317 1.1461396 2.5633698 3.7240045 3.7119860 3.6079940 4.8496014 3.5126223 3.9778021 3.4136913 2.5927020 2.2622163 2.5797831 2.5130598 2.6523217 
Thraupidae        1.7327348 1.6362731 1.7276260 1.6296402 1.6757959 1.7256454 1.6173487 1.6327921 1.5577265 1.7141857 1.6897149 1.7581030 1.6639100 1.5679885 1.9294253 1.4192237 1.3767393 1.4176200 0.3035925 0.2147722 0.2024305 0.1851666 0.1837162 0.2094877 0.2085404 0.1180009 0.0000000 0.1949191 0.3683247 1.3599290 1.8690209 1.3650860 1.1825431 1.2467845 1.0652486 1.2876315 1.1040499 1.0534723 2.4998521 3.4191478 3.4062906 3.4083682 4.6753938 3.1479972 3.7459967 3.2286220 2.6488016 2.3784420 2.6420129 2.5097354 2.5864387 
Alaudidae         1.5751025 1.4965174 1.5808469 1.4825378 1.5380226 1.6331622 1.4651505 1.4516924 1.4433093 1.5724635 1.5207484 1.5988438 1.5039749 1.4766385 1.7722349 1.3289189 1.3023830 1.3390282 0.3457397 0.2675591 0.2618034 0.2444688 0.2458758 0.2667773 0.2588458 0.2417933 0.1949191 0.0000000 0.4494119 1.3031349 1.7764355 1.2925979 1.2063398 1.3001570 1.1254668 1.2554925 1.1205416 1.0652067 2.4959230 3.6154126 3.8148496 3.4098978 4.5308263 3.4157000 3.7488003 3.2324593 2.5828854 2.2584649 2.4407531 2.2583302 2.4593305 
Coraciiformes     1.6089852 1.5455802 1.6562416 1.5728266 1.5966980 1.6544265 1.5059654 1.5233003 1.4800369 1.6168449 1.6026715 1.6615812 1.5651401 1.5587839 1.7965621 1.3576685 1.3480512 1.3433197 0.3840523 0.3056711 0.4059727 0.3728408 0.3733508 0.4271970 0.4186898 0.4236262 0.3683247 0.4494119 0.0000000 1.2601182 1.8006838 1.4107711 1.2647565 1.1815048 1.1782662 1.2435624 1.2680552 1.0898256 2.3317141 3.6660371 3.5540387 3.6574315 4.3188813 3.5576891 4.0312803 3.3621440 2.6897740 2.2356209 2.6001954 2.5385961 2.9052391 
Crocodylidae      1.8466653 1.6663310 1.8156568 1.6702102 1.8352892 1.7989737 1.7354330 1.7726303 1.7551625 1.7658460 1.7732393 1.8654713 1.7402817 1.7463135 2.0452727 1.5772536 1.5588898 1.5679628 1.3607972 1.3060433 1.3878201 1.3300794 1.2906431 1.3635733 1.3215249 1.3560739 1.3599290 1.3031349 1.2601182 0.0000000 1.8755297 1.7788447 1.6023172 1.6742598 1.5370366 1.4395319 1.6313191 1.2796340 3.0291223 3.8925702 3.8783496 4.5216536 5.7547491 3.2825908 4.4310925 3.9915665 2.9109735 2.8056725 2.7658339 2.6254938 3.0652666 
Carettochelyidae  2.1210421 1.9246640 1.8985644 1.9043206 1.8531000 1.9058494 1.9376849 1.9457053 1.8928171 2.0213400 1.9845523 2.1308471 1.9745742 2.0629408 2.2290475 1.8135992 1.7975618 1.7281787 1.8580416 1.7599555 1.8858782 1.9364009 1.9787768 1.8448428 1.7500545 1.8982413 1.8690209 1.7764355 1.8006838 1.8755297 0.0000000 1.4667485 2.0191000 2.1485406 2.0333874 1.9532121 1.9142050 1.9637506 3.0265926 4.2453792 4.8113389 4.5073373 6.5620132 4.3664673 4.7126822 3.9807136 3.7088176 2.6555086 3.4124293 3.3215684 3.0546661 
Kinosternidae     1.6417278 1.5965113 1.6577676 1.6437258 1.6582822 1.7984373 1.6234538 1.6510313 1.6743675 1.6090256 1.6456352 1.6687055 1.5737825 1.6207399 1.8786331 1.3350631 1.2881089 1.3371437 1.3363179 1.3105175 1.3881013 1.3950408 1.4554184 1.4076305 1.4514845 1.3898504 1.3650860 1.2925979 1.4107711 1.7788447 1.4667485 0.0000000 1.5123527 1.6940983 1.5734602 1.5435591 1.3988690 1.4343401 2.9200416 3.6284813 4.3181587 4.3214587 5.6561587 4.0659172 5.1736680 4.4512452 2.9553306 2.6303130 2.9523833 3.0373522 3.1192169 
Anomalepididae    1.3964667 1.3335695 1.4497218 1.3927185 1.4148516 1.4713513 1.2728638 1.2889134 1.2935390 1.3408551 1.3120263 1.3512316 1.3001147 1.3451127 1.6454885 1.1372872 1.1263196 1.0931615 1.2044563 1.0229650 1.2045405 1.1143907 1.1832695 1.0987073 1.2155298 1.1090442 1.1825431 1.2063398 1.2647565 1.6023172 2.0191000 1.5123527 0.0000000 0.5212123 0.3830721 0.5129118 0.6452210 0.5650132 2.5415427 3.5242286 3.7161868 3.8281026 4.5455442 3.6163549 4.6527923 3.5103994 2.3941400 2.3079412 2.2795233 2.2227339 2.5199747 
Loxocemidae       1.5355420 1.5491120 1.6097473 1.5010652 1.5347383 1.6301775 1.3913237 1.4672671 1.4445996 1.4562509 1.4270762 1.5240583 1.4365745 1.5470616 1.6977526 1.2074651 1.1457418 1.1405093 1.3025823 1.1796800 1.3068569 1.2717245 1.3201133 1.2725651 1.3798290 1.3128735 1.2467845 1.3001570 1.1815048 1.6742598 2.1485406 1.6940983 0.5212123 0.0000000 0.2661671 0.7442133 0.6848312 0.6405090 2.6206168 3.7209383 3.8163794 4.3021783 4.5331765 4.0499877 4.7971682 3.8131074 2.5652999 2.4182711 2.3907356 2.3934821 2.4563613 
Natricidae        1.3923803 1.4454703 1.4895158 1.4376465 1.4978310 1.5319444 1.2800634 1.3641337 1.3415855 1.3605175 1.3455915 1.3981317 1.3036333 1.3931754 1.5760138 1.1069686 1.1268518 1.0770582 1.1663562 1.0238703 1.1860010 1.1070248 1.1946897 1.1217841 1.2060810 1.0932682 1.0652486 1.1254668 1.1782662 1.5370366 2.0333874 1.5734602 0.3830721 0.2661671 0.0000000 0.4918123 0.5670539 0.4764954 2.4920172 3.5226504 3.5130067 4.1802720 4.5424249 3.6133129 4.5005900 3.3221349 2.4361081 2.3822799 2.2771181 2.2347754 2.4670558 
Xenosauridae      1.4441477 1.3430110 1.3956990 1.3646527 1.4133736 1.4786610 1.3356849 1.3452110 1.2951057 1.2915651 1.2516367 1.3085630 1.3503977 1.3308574 1.5285538 1.0142266 1.1065295 1.0387689 1.2583569 1.1853890 1.3267901 1.2647667 1.2676012 1.2406329 1.3343894 1.3199987 1.2876315 1.2554925 1.2435624 1.4395319 1.9532121 1.5435591 0.5129118 0.7442133 0.4918123 0.0000000 0.7011073 0.5641210 2.5839845 3.7779344 3.8750800 3.8781108 4.9358647 4.2402457 4.8850105 3.4600028 2.6176791 2.4650384 2.4843807 2.3706312 2.5536308 
Teiidae           1.4148128 1.4488202 1.4914565 1.4354137 1.4368387 1.5326400 1.4456877 1.4038248 1.3970079 1.4254282 1.4249902 1.4790729 1.4078581 1.4684949 1.6636105 1.1520084 1.1823474 1.1714712 1.0865909 1.1155676 1.2844389 1.1023714 1.2478959 1.2008849 1.1557937 1.1759317 1.1040499 1.1205416 1.2680552 1.6313191 1.9142050 1.3988690 0.6452210 0.6848312 0.5670539 0.7011073 0.0000000 0.6156537 2.3548094 3.0759625 3.8246686 4.4512315 4.8598712 3.5177722 4.2305801 3.2374192 2.6465952 2.3764699 2.5913032 2.4635612 2.4640577 
Eublepharidae     1.2574197 1.3156197 1.3370690 1.3043932 1.3047800 1.3417113 1.1998969 1.2313338 1.1994308 1.2700789 1.2429266 1.3030550 1.2855082 1.3145582 1.5099074 0.9839686 0.9048675 0.9311497 1.1083601 1.0039449 1.1493799 0.9749248 1.0186510 1.0440047 1.1008686 1.1461396 1.0534723 1.0652067 1.0898256 1.2796340 1.9637506 1.4343401 0.5650132 0.6405090 0.4764954 0.5641210 0.6156537 0.0000000 2.3999069 3.2866641 4.1110299 3.7678547 4.4651411 3.3673999 4.4250283 3.2693698 2.2854357 2.2984349 2.2531389 2.1352048 2.3667554 
Dicamptodontidae  2.1906732 2.1107939 2.1343036 2.0373188 2.1273654 2.0068219 2.1128329 2.0423425 1.9572122 2.1551922 2.1817263 2.2091366 2.1428545 2.0569951 2.3506831 1.9889990 1.9982708 2.0396746 2.6107221 2.4861545 2.6551797 2.5253038 2.6911359 2.6258769 2.3932987 2.5633698 2.4998521 2.4959230 2.3317141 3.0291223 3.0265926 2.9200416 2.5415427 2.6206168 2.4920172 2.5839845 2.3548094 2.3999069 0.0000000 3.0692633 2.9064252 3.7104408 3.7795638 3.1524579 3.4515616 2.9079477 2.4375765 2.5550341 2.9448943 3.1101397 3.1036537 
Alytidae          3.9441833 3.7818569 4.0564385 3.9444798 3.9420141 4.0652117 3.8295081 4.0044261 3.8338371 3.8879803 3.8311352 4.0061314 3.7227205 3.8907087 4.1851691 3.7809985 3.9447876 3.8329267 3.3304078 3.5159518 3.7746130 3.4743130 3.8285804 3.8305985 3.5662308 3.7240045 3.4191478 3.6154126 3.6660371 3.8925702 4.2453792 3.6284813 3.5242286 3.7209383 3.5226504 3.7779344 3.0759625 3.2866641 3.0692633 0.0000000 4.4485065 4.5974387 6.4437080 3.7192214 4.6527829 3.8224303 3.4677827 3.7289892 3.5659601 3.7756470 3.7707196 
Heleophrynidae    3.8180935 3.5614708 3.6017316 3.4121805 3.6045821 3.6095683 3.7084955 3.7659824 3.8208834 3.5579819 3.7103506 3.6620451 3.7113732 3.6622949 3.8169795 3.1921411 3.0639063 3.0622466 3.7064747 3.4092287 3.7613399 3.6618217 3.8139214 3.7094089 3.7609790 3.7119860 3.4062906 3.8148496 3.5540387 3.8783496 4.8113389 4.3181587 3.7161868 3.8163794 3.5130067 3.8750800 3.8246686 4.1110299 2.9064252 4.4485065 0.0000000 3.3174127 3.2854812 2.0732147 2.5144850 2.6757785 4.5039225 3.8277055 3.9873939 3.9888682 5.1570404 
Leptodactylidae   4.5878028 3.9972407 4.4342727 4.3049178 4.1725913 3.9355032 4.4399181 4.2407484 4.3078195 4.6654383 4.5878908 4.8282816 4.4425601 4.3767933 4.1727757 4.1184446 4.3050219 4.1763091 3.8118971 3.7091038 3.7628722 3.5609260 3.5047104 3.6055536 3.5553414 3.6079940 3.4083682 3.4098978 3.6574315 4.5216536 4.5073373 4.3214587 3.8281026 4.3021783 4.1802720 3.8781108 4.4512315 3.7678547 3.7104408 4.5974387 3.3174127 0.0000000 1.6759490 2.8442040 3.2651062 3.2266057 3.6553097 3.6136932 3.8736624 3.6612535 5.3565824 
Strabomantidae    5.2071356 4.7758220 4.6782828 4.6879478 4.6846987 4.6914617 4.6847491 4.7690435 4.8529043 5.3073301 5.0217666 4.9396456 5.2070119 5.1186868 5.0180452 4.9433899 4.6881245 4.5397343 4.6789302 4.8427114 4.4600484 4.7727918 4.5309231 4.5338757 4.7626300 4.8496014 4.6753938 4.5308263 4.3188813 5.7547491 6.5620132 5.6561587 4.5455442 4.5331765 4.5424249 4.9358647 4.8598712 4.4651411 3.7795638 6.4437080 3.2854812 1.6759490 0.0000000 3.2872337 3.8191539 3.0279799 4.9249041 5.4259068 5.5062113 5.1107753 5.2896872 
Micrixalidae      2.8314945 2.5222561 2.7494009 2.6100096 2.7551834 2.6847501 2.8291139 2.7207929 2.6844875 2.9486459 2.7584587 2.8698601 2.7588609 2.7235379 2.6107203 2.7994404 2.8395007 2.6923848 3.2373907 3.3239251 3.4639126 3.3750724 3.2356567 3.2382210 3.3699487 3.5126223 3.1479972 3.4157000 3.5576891 3.2825908 4.3664673 4.0659172 3.6163549 4.0499877 3.6133129 4.2402457 3.5177722 3.3673999 3.1524579 3.7192214 2.0732147 2.8442040 3.2872337 0.0000000 1.5078662 1.6222724 3.8718358 3.9427820 3.5584542 3.2783356 3.6542929 
Hemisotidae       3.2661272 2.9830511 3.2655224 3.1000099 3.1817161 3.1013611 3.2691197 3.1436266 3.2724887 3.3139084 3.1839260 3.1438290 3.2703084 3.2292648 3.3593222 3.6024100 3.5485951 3.6508057 4.2155099 3.8588138 4.2845654 3.9225888 3.9734215 3.9755008 4.0328251 3.9778021 3.7459967 3.7488003 4.0312803 4.4310925 4.7126822 5.1736680 4.6527923 4.7971682 4.5005900 4.8850105 4.2305801 4.4250283 3.4515616 4.6527829 2.5144850 3.2651062 3.8191539 1.5078662 0.0000000 1.5480751 4.0305832 4.1065884 3.5976156 3.4976435 4.2788665 
Asterophryidae    2.9013162 2.9439579 3.0589201 2.9044077 2.9079088 3.0659876 3.1430736 3.1030819 3.0631950 3.2759023 3.1472568 3.1926063 3.1458485 3.1063163 3.3177464 3.1053907 2.9760788 2.9830995 3.2243490 3.3175460 3.4578926 3.4627569 3.4095691 3.3183724 3.2733881 3.4136913 3.2286220 3.2324593 3.3621440 3.9915665 3.9807136 4.4512452 3.5103994 3.8131074 3.3221349 3.4600028 3.2374192 3.2693698 2.9079477 3.8224303 2.6757785 3.2266057 3.0279799 1.6222724 1.5480751 0.0000000 4.8043994 4.9103789 4.1019475 4.1040183 4.9688534 
Caeciliidae2      2.7349597 2.7733903 2.8020108 2.8053975 2.8755322 2.8036691 2.6581109 2.6326846 2.4600811 2.7653132 2.7303713 2.7652114 2.5915580 2.6276116 2.9497270 2.4831714 2.6581302 2.6498552 2.4524826 2.7962237 2.6184020 2.5580716 2.7249676 2.7253506 2.6876178 2.5927020 2.6488016 2.5828854 2.6897740 2.9109735 3.7088176 2.9553306 2.3941400 2.5652999 2.4361081 2.6176791 2.6465952 2.2854357 2.4375765 3.4677827 4.5039225 3.6553097 4.9249041 3.8718358 4.0305832 4.8043994 0.0000000 2.6578007 2.8394649 2.7674544 3.2245388 
Polypteriformes   2.3589485 2.3832294 2.4168470 2.2873567 2.3607345 2.4863501 2.4196863 2.4446103 2.3581806 2.4520347 2.4173246 2.4451997 2.4226493 2.5197557 2.5560401 2.0444077 2.0623802 2.0107939 2.3652400 2.2120376 2.4737607 2.3574517 2.3771029 2.3296984 2.3459242 2.2622163 2.3784420 2.2584649 2.2356209 2.8056725 2.6555086 2.6303130 2.3079412 2.4182711 2.3822799 2.4650384 2.3764699 2.2984349 2.5550341 3.7289892 3.8277055 3.6136932 5.4259068 3.9427820 4.1065884 4.9103789 2.6578007 0.0000000 1.9696396 1.8417852 2.4044094 
Channichthyidae   2.0915366 2.0580063 2.2061152 2.0379282 2.0410392 2.0994294 1.9247625 1.9967088 2.0425218 2.0105889 2.0404715 2.0626591 2.0847514 2.1258224 2.2009804 1.8986900 1.9062217 1.8743750 2.6471518 2.4340361 2.6145567 2.6159234 2.6523170 2.5122737 2.6173981 2.5797831 2.6420129 2.4407531 2.6001954 2.7658339 3.4124293 2.9523833 2.2795233 2.3907356 2.2771181 2.4843807 2.5913032 2.2531389 2.9448943 3.5659601 3.9873939 3.8736624 5.5062113 3.5584542 3.5976156 4.1019475 2.8394649 1.9696396 0.0000000 0.1675058 2.5597263 
Pseudaphritidae   2.1463455 2.1201227 2.2704302 2.0961352 2.1025382 2.1582099 2.0374545 2.0566499 2.0952595 2.0681493 2.0983752 2.0665664 2.1480806 2.1842868 2.2675553 1.9114748 1.9700775 1.8995340 2.5164715 2.3760134 2.4815544 2.4889348 2.3997497 2.3876714 2.4856938 2.5130598 2.5097354 2.2583302 2.5385961 2.6254938 3.3215684 3.0373522 2.2227339 2.3934821 2.2347754 2.3706312 2.4635612 2.1352048 3.1101397 3.7756470 3.9888682 3.6612535 5.1107753 3.2783356 3.4976435 4.1040183 2.7674544 1.8417852 0.1675058 0.0000000 2.4252207 
Carcharhinidae    2.5894724 2.4210212 2.5824307 2.3884987 2.5154405 2.5808818 2.3884242 2.5484450 2.5808503 2.6147952 2.5146689 2.5480457 2.5760283 2.6140881 2.5829602 2.2333445 2.2727678 2.2080429 2.5281782 2.4588209 2.7596936 2.6941241 2.6572809 2.5254120 2.7588721 2.6523217 2.5864387 2.4593305 2.9052391 3.0652666 3.0546661 3.1192169 2.5199747 2.4563613 2.4670558 2.5536308 2.4640577 2.3667554 3.1036537 3.7707196 5.1570404 5.3565824 5.2896872 3.6542929 4.2788665 4.9688534 3.2245388 2.4044094 2.5597263 2.4252207 0.0000000 
