51
Pitheciidae       0.0000000 0.1597625 0.1865297 0.1705293 0.1790758 0.2028640 0.2076796 0.1938597 0.1908683 0.2108534 0.2331291 0.2230098 0.2450222 0.2262384 0.2807849 0.5240799 0.5317595 0.4612012 1.5494687 1.5227998 1.5675130 1.5224911 1.6235106 1.4986923 1.6109345 1.5615060 1.5205294 1.5764974 1.6215416 1.1369158 1.2810194 1.3155146 0.8594850 1.0471618 1.0289617 0.9165252 0.9214922 0.8564383 0.5409593 0.5971270 0.5757621 0.6083537 0.6146754 0.6698214 0.6251000 0.6077141 0.5439990 0.9528758 1.0158380 1.0451245 1.3888142 
Scandentia        0.1597625 0.0000000 0.2144161 0.1959808 0.2108891 0.2428001 0.2356400 0.2292836 0.2231335 0.2351446 0.2608292 0.2531052 0.2720848 0.2438314 0.3193957 0.5544293 0.5645853 0.4885336 1.6252472 1.6598153 1.6002376 1.5792190 1.6535345 1.5608614 1.6834080 1.6093997 1.6026808 1.6437532 1.6865402 1.1925803 1.2884347 1.3245929 0.8804701 1.0836526 1.0260843 0.9567359 0.9216789 0.9103992 0.5614125 0.6120038 0.5961962 0.6441410 0.6558636 0.6893541 0.6737283 0.6509522 0.5566957 0.9662956 1.0241316 1.0664431 1.4285580 
Erethizontidae    0.1865297 0.2144161 0.0000000 0.0952260 0.2116224 0.2374805 0.2549328 0.2453111 0.2369449 0.2747940 0.2756749 0.2721712 0.3001852 0.2743976 0.3238643 0.5689379 0.5638326 0.5053598 1.6194162 1.6312968 1.6236793 1.5354212 1.6539579 1.5430637 1.7250782 1.6635993 1.6229947 1.6136870 1.7486593 1.1641242 1.3268300 1.3580089 0.8992938 1.1028886 1.0788504 0.9643566 0.9593100 0.9006836 0.5874627 0.6332326 0.6098818 0.6479482 0.6530539 0.7078678 0.6783030 0.6718164 0.5703508 1.0249764 1.0357039 1.0454995 1.4545809 
Capromyidae       0.1705293 0.1959808 0.0952260 0.0000000 0.1864237 0.2097589 0.2359761 0.2266540 0.2148226 0.2407803 0.2435885 0.2432147 0.2836679 0.2508139 0.3095711 0.5508713 0.5459477 0.4856946 1.5714170 1.5946977 1.5868846 1.5374466 1.6262680 1.5161865 1.6642852 1.6139156 1.5812677 1.5632233 1.6699003 1.2077023 1.3029360 1.3095536 0.8895622 1.0809775 1.0429092 0.9149200 0.9170384 0.8772376 0.5756806 0.6063066 0.5972724 0.6276970 0.6325193 0.7072549 0.6587485 0.6495980 0.5429494 0.9872617 1.0178549 1.0489015 1.3417534 
Muridae           0.1790758 0.2108891 0.2116224 0.1864237 0.0000000 0.2123775 0.2493522 0.2456510 0.2279858 0.2602862 0.2715433 0.2713633 0.2914090 0.2692696 0.3340782 0.5716657 0.5777956 0.5141987 1.6296211 1.6578229 1.6273001 1.5939878 1.6619562 1.6088418 1.7123678 1.6665386 1.6411606 1.6656272 1.7326816 1.2795250 1.3266451 1.3951456 0.9254795 1.1442375 1.0940945 0.9820033 0.9580576 0.9081342 0.6132517 0.6533149 0.6463424 0.6773008 0.6860904 0.7489107 0.7176701 0.6944672 0.5918869 0.9616100 1.0355791 1.0806646 1.3096442 
Castoridae        0.2028640 0.2428001 0.2374805 0.2097589 0.2123775 0.0000000 0.2728165 0.2644366 0.2571348 0.2751807 0.3060718 0.2956270 0.3019619 0.2773111 0.3364835 0.6120533 0.6038705 0.5282218 1.6382645 1.6237294 1.6291642 1.6290045 1.7192190 1.6601576 1.7165195 1.6723313 1.6339688 1.6776453 1.7617733 1.2368618 1.3697172 1.3268433 0.9293371 1.1896648 1.1116816 1.0360649 1.0119395 0.9474261 0.6098968 0.6589483 0.6500082 0.6798424 0.6839544 0.7365147 0.6925998 0.6851739 0.5923248 1.0237634 1.0797746 1.1474846 1.4351122 
Suidae            0.2076796 0.2356400 0.2549328 0.2359761 0.2493522 0.2728165 0.0000000 0.1585315 0.1502529 0.2185424 0.2397596 0.2386745 0.2659673 0.2445895 0.3381453 0.5887748 0.5998077 0.5144733 1.6767905 1.6288476 1.5978322 1.5416726 1.6525584 1.5976085 1.6732361 1.6181964 1.6053426 1.6376755 1.7559878 1.2196532 1.3156035 1.3643339 0.9201623 1.1344630 1.0750889 1.0189418 1.0108334 0.9788002 0.6062137 0.6602519 0.6365567 0.6529671 0.6748327 0.7301134 0.6933595 0.6874611 0.6008995 0.9724299 1.0743872 1.1132061 1.4095366 
Hippopotamidae    0.1938597 0.2292836 0.2453111 0.2266540 0.2456510 0.2644366 0.1585315 0.0000000 0.1098554 0.2197774 0.2398924 0.2438454 0.2588083 0.2359070 0.3316253 0.5885576 0.5772612 0.4922980 1.6709848 1.6116874 1.6151683 1.5894588 1.6887005 1.5626685 1.7118720 1.6027909 1.6069648 1.6004749 1.6868554 1.2167251 1.2995155 1.3573724 0.9031578 1.1442177 1.0614333 0.9791000 0.9756247 0.9334829 0.6051092 0.6485973 0.6260122 0.6570249 0.6626164 0.7513179 0.6868822 0.6875010 0.5897469 0.9945218 1.0369542 1.0760875 1.4370076 
Hyperoodontidae   0.1908683 0.2231335 0.2369449 0.2148226 0.2279858 0.2571348 0.1502529 0.1098554 0.0000000 0.2108638 0.2365677 0.2306773 0.2473681 0.2317356 0.3189280 0.5743210 0.5751105 0.4815343 1.6334984 1.5999312 1.5782582 1.5209214 1.6568607 1.5447258 1.6522456 1.6020817 1.5909076 1.6039738 1.7048528 1.2257716 1.2782305 1.3000426 0.9163967 1.1247519 1.0283674 1.0092278 0.9669254 0.9466275 0.6058766 0.6548773 0.6294596 0.6591998 0.6792489 0.7346141 0.6941764 0.6854540 0.5909501 0.9824084 1.0257560 1.0795463 1.3909841 
Vespertilionidae  0.2108534 0.2351446 0.2747940 0.2407803 0.2602862 0.2751807 0.2185424 0.2197774 0.2108638 0.0000000 0.1574753 0.1682887 0.2668851 0.2509075 0.3485743 0.5972115 0.5732432 0.5200585 1.6601515 1.6128882 1.6421368 1.5764153 1.6533675 1.5901257 1.7189022 1.6492020 1.6431311 1.6109186 1.7228170 1.1531277 1.3447127 1.3438729 0.9260505 1.1626511 1.0668652 0.9939694 0.9929021 0.9298751 0.5832361 0.6406138 0.6305192 0.6600019 0.6790638 0.7221151 0.6880001 0.6785825 0.5890421 0.9964008 1.0506388 1.0721276 1.4292556 
Furipteridae      0.2331291 0.2608292 0.2756749 0.2435885 0.2715433 0.3060718 0.2397596 0.2398924 0.2365677 0.1574753 0.0000000 0.1950735 0.3046797 0.2862208 0.3584208 0.6217993 0.5984697 0.5365103 1.6461024 1.6263732 1.5985037 1.5673534 1.6440089 1.5856090 1.6847217 1.6038055 1.6100903 1.6053406 1.7145513 1.1487049 1.3340847 1.3726613 0.9128628 1.1368442 1.0586363 0.9524617 0.9694499 0.9359048 0.6180013 0.6384726 0.6442951 0.6588313 0.6649033 0.7249754 0.6965441 0.6971525 0.5844481 1.0137221 1.0186087 1.0300420 1.4117378 
Rhinolophidae     0.2230098 0.2531052 0.2721712 0.2432147 0.2713633 0.2956270 0.2386745 0.2438454 0.2306773 0.1682887 0.1950735 0.0000000 0.2843478 0.2687897 0.3428541 0.5639264 0.5472314 0.4971330 1.6486088 1.6293651 1.6211002 1.5551415 1.6238266 1.5686312 1.6929917 1.6452403 1.6056002 1.6200150 1.7322551 1.1508118 1.3622032 1.2692349 0.9369715 1.1523376 1.0791806 0.9789092 0.9553096 0.9225765 0.5922712 0.6382527 0.6274372 0.6463859 0.6588704 0.7225407 0.6896370 0.6682504 0.5819578 1.0227440 1.0663869 1.0942624 1.3721561 
Viverridae        0.2450222 0.2720848 0.3001852 0.2836679 0.2914090 0.3019619 0.2659673 0.2588083 0.2473681 0.2668851 0.3046797 0.2843478 0.0000000 0.1745443 0.3655473 0.6270001 0.6078428 0.5548437 1.7046581 1.6532546 1.6246979 1.5558597 1.6732946 1.6104818 1.7494144 1.6410723 1.6393524 1.7145875 1.6938405 1.2376534 1.3762853 1.4378485 0.9531006 1.1501121 1.1010846 1.0713143 0.9869484 0.9903371 0.6440912 0.6924375 0.6789447 0.7131876 0.7254442 0.7879312 0.7361239 0.7344229 0.6486867 1.0683857 1.0845994 1.1238876 1.4415591 
Procyonidae       0.2262384 0.2438314 0.2743976 0.2508139 0.2692696 0.2773111 0.2445895 0.2359070 0.2317356 0.2509075 0.2862208 0.2687897 0.1745443 0.0000000 0.3442445 0.6149126 0.6164513 0.5521147 1.6260843 1.6187416 1.5958749 1.5309721 1.6468236 1.5744654 1.6764110 1.5657357 1.5670424 1.6187473 1.6278279 1.1578785 1.3087831 1.3985435 0.9211271 1.0916989 1.0882107 1.0215298 0.9460563 0.9455888 0.6147322 0.6654708 0.6473305 0.6744232 0.6863334 0.7549210 0.6910893 0.6809972 0.6075858 0.9991090 1.0466915 1.0911616 1.4310845 
Myrmecophagidae   0.2807849 0.3193957 0.3238643 0.3095711 0.3340782 0.3364835 0.3381453 0.3316253 0.3189280 0.3485743 0.3584208 0.3428541 0.3655473 0.3442445 0.0000000 0.6218152 0.6234793 0.5595553 1.7211022 1.6426102 1.7114939 1.6395182 1.7364190 1.7076967 1.8257289 1.6994707 1.6602048 1.7199369 1.7709892 1.3165584 1.4054412 1.4693614 0.9556314 1.2025254 1.1468724 1.0541825 1.0182157 1.0007730 0.6640559 0.7216533 0.6931931 0.7129275 0.7217788 0.7659666 0.7451255 0.7307609 0.6435223 1.0685191 1.0880166 1.0750548 1.3567075 
Caluromyidae      0.5240799 0.5544293 0.5689379 0.5508713 0.5716657 0.6120533 0.5887748 0.5885576 0.5743210 0.5972115 0.6217993 0.5639264 0.6270001 0.6149126 0.6218152 0.0000000 0.3734068 0.3038864 1.8165883 1.6662614 1.7172064 1.7151870 1.7747549 1.6615750 1.8283339 1.6611604 1.6787629 1.7442159 1.7684146 1.2408356 1.3266149 1.4435809 0.9912297 1.2080644 1.1962933 1.0459679 1.0307675 0.9765683 0.6961892 0.7552708 0.7514494 0.7473371 0.7490025 0.8134840 0.8123755 0.7901581 0.6764072 1.1265694 1.1840905 1.2218990 1.4854599 
Thylacomyidae     0.5317595 0.5645853 0.5638326 0.5459477 0.5777956 0.6038705 0.5998077 0.5772612 0.5751105 0.5732432 0.5984697 0.5472314 0.6078428 0.6164513 0.6234793 0.3734068 0.0000000 0.2600235 1.7897287 1.7243128 1.7067622 1.7290589 1.7999843 1.7001304 1.8470514 1.7387120 1.7907414 1.7827207 1.7988059 1.3099899 1.3469095 1.4837321 1.0026000 1.1905378 1.2069063 1.0215872 1.0081112 1.0445760 0.7078906 0.7786965 0.7313882 0.7612976 0.7586529 0.8306650 0.8043368 0.7869436 0.6991459 1.1653590 1.2131167 1.2287513 1.5016900 
Phalangeridae     0.4612012 0.4885336 0.5053598 0.4856946 0.5141987 0.5282218 0.5144733 0.4922980 0.4815343 0.5200585 0.5365103 0.4971330 0.5548437 0.5521147 0.5595553 0.3038864 0.2600235 0.0000000 1.7117548 1.5813490 1.5572747 1.6134085 1.6697248 1.5618099 1.6965196 1.5728754 1.6312902 1.5929268 1.7311545 1.1926865 1.3088844 1.3827804 0.9450613 1.1359513 1.1281797 1.0111045 0.9636777 0.9613710 0.6251352 0.7076145 0.6806390 0.7138158 0.6985442 0.7501682 0.7300143 0.7222634 0.6325728 1.0838746 1.1162204 1.1480441 1.4587648 
Tityridae         1.5494687 1.6252472 1.6194162 1.5714170 1.6296211 1.6382645 1.6767905 1.6709848 1.6334984 1.6601515 1.6461024 1.6486088 1.7046581 1.6260843 1.7211022 1.8165883 1.7897287 1.7117548 0.0000000 0.7351087 0.7669993 0.7598140 0.8598438 0.8115565 0.8397482 0.8326363 0.7744682 0.7863042 1.1156983 1.6938787 1.6826982 1.8255333 1.7267827 1.7551920 1.7690722 1.5616445 1.7289190 1.5709260 1.4463506 1.5421754 1.4535565 1.4835681 1.4959924 1.5446351 1.4702285 1.4481437 1.4682621 1.7908327 1.9812475 2.0831622 2.3091346 
Ptilonorhynchidae 1.5227998 1.6598153 1.6312968 1.5946977 1.6578229 1.6237294 1.6288476 1.6116874 1.5999312 1.6128882 1.6263732 1.6293651 1.6532546 1.6187416 1.6426102 1.6662614 1.7243128 1.5813490 0.7351087 0.0000000 0.4860498 0.5146712 0.5662906 0.5692485 0.5834215 0.5478745 0.5417184 0.5392684 1.0109527 1.4340414 1.5006311 1.5978648 1.4725242 1.6745379 1.6476225 1.4640690 1.5061102 1.4125021 1.3373181 1.3758784 1.3310589 1.3595992 1.3749142 1.4526726 1.4022768 1.3998023 1.3660567 1.7660116 1.9281811 1.9657678 2.2438399 
Callaeatidae      1.5675130 1.6002376 1.6236793 1.5868846 1.6273001 1.6291642 1.5978322 1.6151683 1.5782582 1.6421368 1.5985037 1.6211002 1.6246979 1.5958749 1.7114939 1.7172064 1.7067622 1.5572747 0.7669993 0.4860498 0.0000000 0.4093408 0.4360692 0.4461755 0.4792894 0.4494488 0.4208112 0.4127392 0.9985157 1.4439319 1.4155657 1.6663012 1.4776484 1.6448807 1.6205902 1.4804961 1.4941789 1.4167598 1.3837721 1.4555757 1.3797239 1.3944812 1.4262567 1.4561378 1.4538736 1.4231203 1.3820626 1.7537198 1.8095133 1.8606966 2.1809585 
Monarchidae       1.5224911 1.5792190 1.5354212 1.5374466 1.5939878 1.6290045 1.5416726 1.5894588 1.5209214 1.5764153 1.5673534 1.5551415 1.5558597 1.5309721 1.6395182 1.7151870 1.7290589 1.6134085 0.7598140 0.5146712 0.4093408 0.0000000 0.3100593 0.4753890 0.4976704 0.4560216 0.4473488 0.4411964 1.0097121 1.4174077 1.5530168 1.7244950 1.5615436 1.7208750 1.6779113 1.5821984 1.5254380 1.4456198 1.3564314 1.4351422 1.3704788 1.3840290 1.4246883 1.4767883 1.4316420 1.4524010 1.3492168 1.8147197 1.9145531 1.9695032 2.2697598 
Malaconotidae     1.6235106 1.6535345 1.6539579 1.6262680 1.6619562 1.7192190 1.6525584 1.6887005 1.6568607 1.6533675 1.6440089 1.6238266 1.6732946 1.6468236 1.7364190 1.7747549 1.7999843 1.6697248 0.8598438 0.5662906 0.4360692 0.3100593 0.0000000 0.5129221 0.5358388 0.4741153 0.4677920 0.4719292 1.0764305 1.5344021 1.6238834 1.8032319 1.5311292 1.7213775 1.7443285 1.6065900 1.6044094 1.5029526 1.4392983 1.4773761 1.4564259 1.4355230 1.4662519 1.4957327 1.4822825 1.4734236 1.4513183 1.9515557 2.0225599 2.0848259 2.2629199 
Certhiidae        1.4986923 1.5608614 1.5430637 1.5161865 1.6088418 1.6601576 1.5976085 1.5626685 1.5447258 1.5901257 1.5856090 1.5686312 1.6104818 1.5744654 1.7076967 1.6615750 1.7001304 1.5618099 0.8115565 0.5692485 0.4461755 0.4753890 0.5129221 0.0000000 0.4323745 0.3960479 0.4029512 0.3890440 1.0787495 1.5172804 1.6254991 1.6067039 1.5868729 1.7469460 1.7729248 1.6379862 1.5890278 1.5368527 1.3442856 1.4257117 1.3919094 1.3736524 1.3914140 1.4687693 1.4317003 1.4216833 1.3595129 1.8530305 1.9108480 1.9348242 2.3605356 
Cinclidae         1.6109345 1.6834080 1.7250782 1.6642852 1.7123678 1.7165195 1.6732361 1.7118720 1.6522456 1.7189022 1.6847217 1.6929917 1.7494144 1.6764110 1.8257289 1.8283339 1.8470514 1.6965196 0.8397482 0.5834215 0.4792894 0.4976704 0.5358388 0.4323745 0.0000000 0.4094625 0.4010414 0.4170814 1.0948734 1.5832909 1.7689610 1.8374148 1.6501605 1.8303669 1.8445243 1.7136263 1.6952651 1.6286763 1.4545921 1.5549844 1.5013619 1.4540544 1.4635978 1.5508938 1.5402206 1.5349485 1.4738311 1.9862441 1.9908815 2.0140244 2.4676540 
Ploceidae         1.5615060 1.6093997 1.6635993 1.6139156 1.6665386 1.6723313 1.6181964 1.6027909 1.6020817 1.6492020 1.6038055 1.6452403 1.6410723 1.5657357 1.6994707 1.6611604 1.7387120 1.5728754 0.8326363 0.5478745 0.4494488 0.4560216 0.4741153 0.3960479 0.4094625 0.0000000 0.2404199 0.3792330 1.0589276 1.5284934 1.6542748 1.6722616 1.4857028 1.6878857 1.6332314 1.5153003 1.5508632 1.4853838 1.3832078 1.4667408 1.4348906 1.3272814 1.3857343 1.4758836 1.4278781 1.4299094 1.3876217 1.8673035 1.8865793 1.9459052 2.2343642 
Thraupidae        1.5205294 1.6026808 1.6229947 1.5812677 1.6411606 1.6339688 1.6053426 1.6069648 1.5909076 1.6431311 1.6100903 1.6056002 1.6393524 1.5670424 1.6602048 1.6787629 1.7907414 1.6312902 0.7744682 0.5417184 0.4208112 0.4473488 0.4677920 0.4029512 0.4010414 0.2404199 0.0000000 0.3868132 1.0093645 1.4884674 1.5865171 1.7279267 1.5375864 1.7393326 1.6889393 1.6114590 1.5853574 1.4925440 1.3743055 1.4273368 1.3818353 1.3627664 1.4071252 1.4837715 1.3928766 1.4153608 1.4126392 1.8564055 1.8606974 1.8858418 2.2286059 
Alaudidae         1.5764974 1.6437532 1.6136870 1.5632233 1.6656272 1.6776453 1.6376755 1.6004749 1.6039738 1.6109186 1.6053406 1.6200150 1.7145875 1.6187473 1.7199369 1.7442159 1.7827207 1.5929268 0.7863042 0.5392684 0.4127392 0.4411964 0.4719292 0.3890440 0.4170814 0.3792330 0.3868132 0.0000000 1.0188850 1.5621064 1.5421116 1.5358197 1.5049119 1.7064013 1.7092655 1.5712468 1.6031662 1.4594455 1.4081866 1.4269995 1.3841327 1.3717376 1.3795982 1.4819160 1.4789262 1.4091136 1.3932085 1.8433039 1.8184190 1.8446144 2.2169416 
Coraciiformes     1.6215416 1.6865402 1.7486593 1.6699003 1.7326816 1.7617733 1.7559878 1.6868554 1.7048528 1.7228170 1.7145513 1.7322551 1.6938405 1.6278279 1.7709892 1.7684146 1.7988059 1.7311545 1.1156983 1.0109527 0.9985157 1.0097121 1.0764305 1.0787495 1.0948734 1.0589276 1.0093645 1.0188850 0.0000000 1.5652065 1.6835805 1.9548519 1.4834488 1.5884417 1.6513859 1.6020504 1.6285771 1.5684521 1.3452286 1.3819475 1.3517538 1.4420354 1.4277713 1.5308116 1.4618115 1.4291292 1.3294208 1.7732660 1.8848388 1.9304260 2.2026585 
Crocodylidae      1.1369158 1.1925803 1.1641242 1.2077023 1.2795250 1.2368618 1.2196532 1.2167251 1.2257716 1.1531277 1.1487049 1.1508118 1.2376534 1.1578785 1.3165584 1.2408356 1.3099899 1.1926865 1.6938787 1.4340414 1.4439319 1.4174077 1.5344021 1.5172804 1.5832909 1.5284934 1.4884674 1.5621064 1.5652065 0.0000000 1.2446953 1.3989355 1.0398570 1.2857546 1.2401976 1.0578576 1.0629599 1.0582086 0.9428777 0.9418189 1.0181974 1.0220062 1.0264402 1.1214960 1.0655694 1.0604098 0.9322920 1.4807084 1.5181931 1.4338640 1.7690885 
Carettochelyidae  1.2810194 1.2884347 1.3268300 1.3029360 1.3266451 1.3697172 1.3156035 1.2995155 1.2782305 1.3447127 1.3340847 1.3622032 1.3762853 1.3087831 1.4054412 1.3266149 1.3469095 1.3088844 1.6826982 1.5006311 1.4155657 1.5530168 1.6238834 1.6254991 1.7689610 1.6542748 1.5865171 1.5421116 1.6835805 1.2446953 0.0000000 1.0381397 1.2032578 1.4088018 1.3675261 1.2190178 1.2586114 1.2098626 1.0593815 1.1098315 1.0857857 1.0891447 1.1124606 1.1293593 1.1279399 1.1082548 1.0158570 1.5779724 1.5312897 1.5456925 1.8565027 
Kinosternidae     1.3155146 1.3245929 1.3580089 1.3095536 1.3951456 1.3268433 1.3643339 1.3573724 1.3000426 1.3438729 1.3726613 1.2692349 1.4378485 1.3985435 1.4693614 1.4435809 1.4837321 1.3827804 1.8255333 1.5978648 1.6663012 1.7244950 1.8032319 1.6067039 1.8374148 1.6722616 1.7279267 1.5358197 1.9548519 1.3989355 1.0381397 0.0000000 1.2453285 1.4802826 1.4144680 1.3029084 1.1906377 1.3044317 1.0759432 1.1190731 1.1499297 1.1754889 1.1785100 1.2577164 1.2303429 1.1673278 1.0951054 1.6360573 1.5871859 1.5968016 2.0920746 
Anomalepididae    0.8594850 0.8804701 0.8992938 0.8895622 0.9254795 0.9293371 0.9201623 0.9031578 0.9163967 0.9260505 0.9128628 0.9369715 0.9531006 0.9211271 0.9556314 0.9912297 1.0026000 0.9450613 1.7267827 1.4725242 1.4776484 1.5615436 1.5311292 1.5868729 1.6501605 1.4857028 1.5375864 1.5049119 1.4834488 1.0398570 1.2032578 1.2453285 0.0000000 0.6100126 0.5482738 0.4570281 0.4804726 0.5546179 0.6334366 0.6965168 0.6903483 0.6787408 0.6819097 0.7848585 0.7217468 0.7314570 0.6208775 1.0516982 1.0475170 1.0722557 1.4675145 
Loxocemidae       1.0471618 1.0836526 1.1028886 1.0809775 1.1442375 1.1896648 1.1344630 1.1442177 1.1247519 1.1626511 1.1368442 1.1523376 1.1501121 1.0916989 1.2025254 1.2080644 1.1905378 1.1359513 1.7551920 1.6745379 1.6448807 1.7208750 1.7213775 1.7469460 1.8303669 1.6878857 1.7393326 1.7064013 1.5884417 1.2857546 1.4088018 1.4802826 0.6100126 0.0000000 0.5440618 0.6589179 0.7377596 0.7807336 0.8752160 0.9537654 0.9181706 0.8979577 0.9185016 1.0200223 0.9642807 0.9774462 0.8769430 1.2919088 1.2830058 1.2983403 1.5806184 
Natricidae        1.0289617 1.0260843 1.0788504 1.0429092 1.0940945 1.1116816 1.0750889 1.0614333 1.0283674 1.0668652 1.0586363 1.0791806 1.1010846 1.0882107 1.1468724 1.1962933 1.2069063 1.1281797 1.7690722 1.6476225 1.6205902 1.6779113 1.7443285 1.7729248 1.8445243 1.6332314 1.6889393 1.7092655 1.6513859 1.2401976 1.3675261 1.4144680 0.5482738 0.5440618 0.0000000 0.6234435 0.6811624 0.7256549 0.7761722 0.8655912 0.8442429 0.8304814 0.8360453 0.9555653 0.8801979 0.8923610 0.7623785 1.2489989 1.2051774 1.2472692 1.5300688 
Xenosauridae      0.9165252 0.9567359 0.9643566 0.9149200 0.9820033 1.0360649 1.0189418 0.9791000 1.0092278 0.9939694 0.9524617 0.9789092 1.0713143 1.0215298 1.0541825 1.0459679 1.0215872 1.0111045 1.5616445 1.4640690 1.4804961 1.5821984 1.6065900 1.6379862 1.7136263 1.5153003 1.6114590 1.5712468 1.6020504 1.0578576 1.2190178 1.3029084 0.4570281 0.6589179 0.6234435 0.0000000 0.5719655 0.5945262 0.6671841 0.7429846 0.7128973 0.7057798 0.7189341 0.8239202 0.7712292 0.7647248 0.6765631 1.1358363 1.0845081 1.0774534 1.3257010 
Teiidae           0.9214922 0.9216789 0.9593100 0.9170384 0.9580576 1.0119395 1.0108334 0.9756247 0.9669254 0.9929021 0.9694499 0.9553096 0.9869484 0.9460563 1.0182157 1.0307675 1.0081112 0.9636777 1.7289190 1.5061102 1.4941789 1.5254380 1.6044094 1.5890278 1.6952651 1.5508632 1.5853574 1.6031662 1.6285771 1.0629599 1.2586114 1.1906377 0.4804726 0.7377596 0.6811624 0.5719655 0.0000000 0.5615401 0.6248858 0.7209216 0.7201457 0.7175227 0.7243332 0.8091580 0.7782773 0.7603593 0.6421443 1.0959407 1.0992382 1.1062558 1.3954501 
Eublepharidae     0.8564383 0.9103992 0.9006836 0.8772376 0.9081342 0.9474261 0.9788002 0.9334829 0.9466275 0.9298751 0.9359048 0.9225765 0.9903371 0.9455888 1.0007730 0.9765683 1.0445760 0.9613710 1.5709260 1.4125021 1.4167598 1.4456198 1.5029526 1.5368527 1.6286763 1.4853838 1.4925440 1.4594455 1.5684521 1.0582086 1.2098626 1.3044317 0.5546179 0.7807336 0.7256549 0.5945262 0.5615401 0.0000000 0.6729938 0.7431251 0.7164977 0.7261296 0.7306701 0.8087151 0.7651403 0.7484578 0.6471255 1.0866942 1.0920761 1.1328721 1.4832766 
Dicamptodontidae  0.5409593 0.5614125 0.5874627 0.5756806 0.6132517 0.6098968 0.6062137 0.6051092 0.6058766 0.5832361 0.6180013 0.5922712 0.6440912 0.6147322 0.6640559 0.6961892 0.7078906 0.6251352 1.4463506 1.3373181 1.3837721 1.3564314 1.4392983 1.3442856 1.4545921 1.3832078 1.3743055 1.4081866 1.3452286 0.9428777 1.0593815 1.0759432 0.6334366 0.8752160 0.7761722 0.6671841 0.6248858 0.6729938 0.0000000 0.2173373 0.2032269 0.2011721 0.2044767 0.2597919 0.2389584 0.2125777 0.1337512 0.7009740 0.7394648 0.7471237 1.0620076 
Alytidae          0.5971270 0.6120038 0.6332326 0.6063066 0.6533149 0.6589483 0.6602519 0.6485973 0.6548773 0.6406138 0.6384726 0.6382527 0.6924375 0.6654708 0.7216533 0.7552708 0.7786965 0.7076145 1.5421754 1.3758784 1.4555757 1.4351422 1.4773761 1.4257117 1.5549844 1.4667408 1.4273368 1.4269995 1.3819475 0.9418189 1.1098315 1.1190731 0.6965168 0.9537654 0.8655912 0.7429846 0.7209216 0.7431251 0.2173373 0.0000000 0.2534607 0.2732758 0.2744216 0.3238435 0.3055229 0.2738949 0.2053331 0.8047298 0.8165103 0.8154196 1.1664145 
Heleophrynidae    0.5757621 0.5961962 0.6098818 0.5972724 0.6463424 0.6500082 0.6365567 0.6260122 0.6294596 0.6305192 0.6442951 0.6274372 0.6789447 0.6473305 0.6931931 0.7514494 0.7313882 0.6806390 1.4535565 1.3310589 1.3797239 1.3704788 1.4564259 1.3919094 1.5013619 1.4348906 1.3818353 1.3841327 1.3517538 1.0181974 1.0857857 1.1499297 0.6903483 0.9181706 0.8442429 0.7128973 0.7201457 0.7164977 0.2032269 0.2534607 0.0000000 0.1672861 0.1665901 0.2144724 0.1868194 0.1669382 0.2106789 0.7705466 0.8144367 0.8186386 1.1091381 
Leptodactylidae   0.6083537 0.6441410 0.6479482 0.6276970 0.6773008 0.6798424 0.6529671 0.6570249 0.6591998 0.6600019 0.6588313 0.6463859 0.7131876 0.6744232 0.7129275 0.7473371 0.7612976 0.7138158 1.4835681 1.3595992 1.3944812 1.3840290 1.4355230 1.3736524 1.4540544 1.3272814 1.3627664 1.3717376 1.4420354 1.0220062 1.0891447 1.1754889 0.6787408 0.8979577 0.8304814 0.7057798 0.7175227 0.7261296 0.2011721 0.2732758 0.1672861 0.0000000 0.0555768 0.2086228 0.1721735 0.1560691 0.2001441 0.7545369 0.7898888 0.7999444 1.1182185 
Strabomantidae    0.6146754 0.6558636 0.6530539 0.6325193 0.6860904 0.6839544 0.6748327 0.6626164 0.6792489 0.6790638 0.6649033 0.6588704 0.7254442 0.6863334 0.7217788 0.7490025 0.7586529 0.6985442 1.4959924 1.3749142 1.4262567 1.4246883 1.4662519 1.3914140 1.4635978 1.3857343 1.4071252 1.3795982 1.4277713 1.0264402 1.1124606 1.1785100 0.6819097 0.9185016 0.8360453 0.7189341 0.7243332 0.7306701 0.2044767 0.2744216 0.1665901 0.0555768 0.0000000 0.2046284 0.1802940 0.1566069 0.2074421 0.7985837 0.8223404 0.8182791 1.1426365 
Micrixalidae      0.6698214 0.6893541 0.7078678 0.7072549 0.7489107 0.7365147 0.7301134 0.7513179 0.7346141 0.7221151 0.7249754 0.7225407 0.7879312 0.7549210 0.7659666 0.8134840 0.8306650 0.7501682 1.5446351 1.4526726 1.4561378 1.4767883 1.4957327 1.4687693 1.5508938 1.4758836 1.4837715 1.4819160 1.5308116 1.1214960 1.1293593 1.2577164 0.7848585 1.0200223 0.9555653 0.8239202 0.8091580 0.8087151 0.2597919 0.3238435 0.2144724 0.2086228 0.2046284 0.0000000 0.1856556 0.1599840 0.2589159 0.8210243 0.9139714 0.9278107 1.2389538 
Hemisotidae       0.6251000 0.6737283 0.6783030 0.6587485 0.7176701 0.6925998 0.6933595 0.6868822 0.6941764 0.6880001 0.6965441 0.6896370 0.7361239 0.6910893 0.7451255 0.8123755 0.8043368 0.7300143 1.4702285 1.4022768 1.4538736 1.4316420 1.4822825 1.4317003 1.5402206 1.4278781 1.3928766 1.4789262 1.4618115 1.0655694 1.1279399 1.2303429 0.7217468 0.9642807 0.8801979 0.7712292 0.7782773 0.7651403 0.2389584 0.3055229 0.1868194 0.1721735 0.1802940 0.1856556 0.0000000 0.1326864 0.2453115 0.8253875 0.8763785 0.8874394 1.2048679 
Asterophryidae    0.6077141 0.6509522 0.6718164 0.6495980 0.6944672 0.6851739 0.6874611 0.6875010 0.6854540 0.6785825 0.6971525 0.6682504 0.7344229 0.6809972 0.7307609 0.7901581 0.7869436 0.7222634 1.4481437 1.3998023 1.4231203 1.4524010 1.4734236 1.4216833 1.5349485 1.4299094 1.4153608 1.4091136 1.4291292 1.0604098 1.1082548 1.1673278 0.7314570 0.9774462 0.8923610 0.7647248 0.7603593 0.7484578 0.2125777 0.2738949 0.1669382 0.1560691 0.1566069 0.1599840 0.1326864 0.0000000 0.2182441 0.7870338 0.8506661 0.8548990 1.1505015 
Caeciliidae2      0.5439990 0.5566957 0.5703508 0.5429494 0.5918869 0.5923248 0.6008995 0.5897469 0.5909501 0.5890421 0.5844481 0.5819578 0.6486867 0.6075858 0.6435223 0.6764072 0.6991459 0.6325728 1.4682621 1.3660567 1.3820626 1.3492168 1.4513183 1.3595129 1.4738311 1.3876217 1.4126392 1.3932085 1.3294208 0.9322920 1.0158570 1.0951054 0.6208775 0.8769430 0.7623785 0.6765631 0.6421443 0.6471255 0.1337512 0.2053331 0.2106789 0.2001441 0.2074421 0.2589159 0.2453115 0.2182441 0.0000000 0.7161351 0.7403431 0.7293377 1.0783433 
Polypteriformes   0.9528758 0.9662956 1.0249764 0.9872617 0.9616100 1.0237634 0.9724299 0.9945218 0.9824084 0.9964008 1.0137221 1.0227440 1.0683857 0.9991090 1.0685191 1.1265694 1.1653590 1.0838746 1.7908327 1.7660116 1.7537198 1.8147197 1.9515557 1.8530305 1.9862441 1.8673035 1.8564055 1.8433039 1.7732660 1.4807084 1.5779724 1.6360573 1.0516982 1.2919088 1.2489989 1.1358363 1.0959407 1.0866942 0.7009740 0.8047298 0.7705466 0.7545369 0.7985837 0.8210243 0.8253875 0.7870338 0.7161351 0.0000000 0.9392517 0.9190822 1.3124339 
Channichthyidae   1.0158380 1.0241316 1.0357039 1.0178549 1.0355791 1.0797746 1.0743872 1.0369542 1.0257560 1.0506388 1.0186087 1.0663869 1.0845994 1.0466915 1.0880166 1.1840905 1.2131167 1.1162204 1.9812475 1.9281811 1.8095133 1.9145531 2.0225599 1.9108480 1.9908815 1.8865793 1.8606974 1.8184190 1.8848388 1.5181931 1.5312897 1.5871859 1.0475170 1.2830058 1.2051774 1.0845081 1.0992382 1.0920761 0.7394648 0.8165103 0.8144367 0.7898888 0.8223404 0.9139714 0.8763785 0.8506661 0.7403431 0.9392517 0.0000000 0.1473053 1.3790931 
Pseudaphritidae   1.0451245 1.0664431 1.0454995 1.0489015 1.0806646 1.1474846 1.1132061 1.0760875 1.0795463 1.0721276 1.0300420 1.0942624 1.1238876 1.0911616 1.0750548 1.2218990 1.2287513 1.1480441 2.0831622 1.9657678 1.8606966 1.9695032 2.0848259 1.9348242 2.0140244 1.9459052 1.8858418 1.8446144 1.9304260 1.4338640 1.5456925 1.5968016 1.0722557 1.2983403 1.2472692 1.0774534 1.1062558 1.1328721 0.7471237 0.8154196 0.8186386 0.7999444 0.8182791 0.9278107 0.8874394 0.8548990 0.7293377 0.9190822 0.1473053 0.0000000 1.3603660 
Carcharhinidae    1.3888142 1.4285580 1.4545809 1.3417534 1.3096442 1.4351122 1.4095366 1.4370076 1.3909841 1.4292556 1.4117378 1.3721561 1.4415591 1.4310845 1.3567075 1.4854599 1.5016900 1.4587648 2.3091346 2.2438399 2.1809585 2.2697598 2.2629199 2.3605356 2.4676540 2.2343642 2.2286059 2.2169416 2.2026585 1.7690885 1.8565027 2.0920746 1.4675145 1.5806184 1.5300688 1.3257010 1.3954501 1.4832766 1.0620076 1.1664145 1.1091381 1.1182185 1.1426365 1.2389538 1.2048679 1.1505015 1.0783433 1.3124339 1.3790931 1.3603660 0.0000000 
