51
Pitheciidae       0.0000000 0.1472729 0.1253114 0.1231113 0.1355538 0.1472531 0.1401925 0.1652681 0.1691957 0.1357240 0.1356845 0.1473379 0.1568983 0.1613709 0.1467864 0.2923145 0.2826283 0.2646748 1.1433551 1.2429254 1.2769304 1.1739424 1.2263478 1.2201449 1.2496713 1.1934169 1.2427935 1.2709690 1.1640139 1.5679609 1.0948078 1.0121327 0.8198892 0.8161229 0.7993487 0.7633703 0.8411682 0.7552429 1.0050886 0.8445909 1.1086087 0.9252836 0.9052165 1.0433282 1.0128661 0.9768914 0.7197514 1.1803180 2.3739085 2.3759894 1.4744254 
Scandentia        0.1472729 0.0000000 0.1253850 0.1246999 0.1377818 0.1494428 0.1363983 0.1590991 0.1634688 0.1351698 0.1370025 0.1446609 0.1595609 0.1661791 0.1456735 0.2935609 0.2844120 0.2607703 1.1272882 1.2470083 1.2996339 1.1987487 1.2466887 1.2370697 1.2754860 1.2088674 1.2713695 1.2941781 1.1598817 1.5574993 1.1128968 1.0403829 0.8446429 0.8338757 0.7948946 0.7525755 0.8416380 0.7323089 0.9989283 0.8315147 1.1042543 0.9141111 0.8781159 1.0058775 1.0224436 0.9600061 0.7108973 1.2390455 2.3739441 2.3857080 1.4838523 
Erethizontidae    0.1253114 0.1253850 0.0000000 0.0388047 0.1003310 0.1100505 0.1123363 0.1295797 0.1404977 0.1154977 0.1099133 0.1167596 0.1341335 0.1420016 0.1195172 0.2687233 0.2623773 0.2416217 1.1567696 1.2410305 1.3062759 1.1886550 1.2395440 1.2201826 1.2540322 1.1957448 1.2565086 1.2658216 1.1703009 1.5665004 1.0961544 1.0205566 0.8173185 0.7959079 0.7717190 0.7290838 0.7974986 0.7284795 0.9876893 0.8246072 1.0615029 0.9138249 0.8909384 1.0065917 1.0023384 0.9535625 0.6969554 1.2128240 2.3532680 2.3383290 1.4667939 
Capromyidae       0.1231113 0.1246999 0.0388047 0.0000000 0.0973774 0.1074391 0.1085864 0.1293331 0.1338261 0.1106359 0.1069846 0.1142438 0.1319748 0.1391086 0.1138053 0.2669624 0.2568484 0.2353285 1.1436988 1.2259966 1.2809838 1.1782164 1.2354348 1.2106441 1.2469122 1.1849300 1.2487184 1.2583972 1.1672659 1.5613915 1.0992782 1.0117865 0.8247507 0.8001832 0.7762753 0.7215307 0.8076586 0.7294586 0.9908311 0.8205171 1.0630761 0.9153429 0.8861151 1.0076872 0.9974593 0.9533019 0.6838746 1.1971360 2.3603436 2.3403664 1.4656807 
Muridae           0.1355538 0.1377818 0.1003310 0.0973774 0.0000000 0.1162213 0.1215033 0.1427951 0.1452695 0.1242479 0.1206450 0.1276330 0.1471440 0.1538278 0.1291747 0.2870878 0.2681708 0.2539342 1.1193272 1.2421168 1.2918581 1.1552961 1.2441521 1.2024952 1.2555705 1.1743009 1.2470125 1.2580322 1.1516257 1.5579584 1.1024201 1.0162229 0.8236109 0.8065931 0.7921970 0.7537237 0.8350929 0.7414984 0.9949350 0.8446602 1.0806525 0.9337164 0.8978477 1.0159679 1.0151261 0.9671259 0.7135130 1.2240348 2.3412819 2.3427312 1.4813144 
Castoridae        0.1472531 0.1494428 0.1100505 0.1074391 0.1162213 0.0000000 0.1311827 0.1532326 0.1513956 0.1320788 0.1299301 0.1371045 0.1535744 0.1541941 0.1367290 0.2883514 0.2725960 0.2549240 1.1476216 1.2552610 1.3140217 1.1969177 1.2668264 1.2303351 1.2944282 1.2044527 1.2639934 1.2718147 1.1900984 1.5742025 1.1024856 1.0096481 0.8029132 0.7939675 0.7920042 0.7137678 0.7943908 0.7105070 0.9908613 0.8326677 1.0820275 0.9081671 0.8791362 1.0124836 1.0047799 0.9538988 0.6856025 1.2372076 2.3468318 2.3601190 1.4758125 
Suidae            0.1401925 0.1363983 0.1123363 0.1085864 0.1215033 0.1311827 0.0000000 0.0818264 0.0893317 0.0953038 0.0924653 0.0994488 0.1118117 0.1180026 0.1138306 0.2641378 0.2511028 0.2309898 1.1211248 1.2362515 1.2732214 1.1593597 1.2184240 1.2178566 1.2627207 1.1744619 1.2453855 1.2512533 1.1452158 1.5456203 1.0748067 0.9843229 0.7770774 0.7867842 0.7726572 0.7182415 0.8037010 0.7051618 0.9703295 0.8190408 1.0677794 0.9047881 0.8651646 0.9945855 0.9813732 0.9237460 0.6778979 1.1857544 2.3536834 2.3687475 1.4474958 
Hippopotamidae    0.1652681 0.1590991 0.1295797 0.1293331 0.1427951 0.1532326 0.0818264 0.0000000 0.1029390 0.1165401 0.1148943 0.1197450 0.1397891 0.1449088 0.1329104 0.2808689 0.2790234 0.2549248 1.1277014 1.2128175 1.2582008 1.1583117 1.2162729 1.1968335 1.2390447 1.1703537 1.2328176 1.2405405 1.1375145 1.5318452 1.1174650 1.0130744 0.8096097 0.8119979 0.7769642 0.7323896 0.8185726 0.7264634 1.0059798 0.8287734 1.0520119 0.9180176 0.8803115 1.0039907 0.9846805 0.9359652 0.7130014 1.2068072 2.3609598 2.3557099 1.4766924 
Hyperoodontidae   0.1691957 0.1634688 0.1404977 0.1338261 0.1452695 0.1513956 0.0893317 0.1029390 0.0000000 0.1201463 0.1176797 0.1214973 0.1443673 0.1465176 0.1381984 0.2816551 0.2720074 0.2580646 1.1168219 1.2279760 1.2800472 1.1695402 1.2290517 1.2142226 1.2520485 1.1795620 1.2503576 1.2467255 1.1587736 1.5362194 1.1128225 0.9994289 0.8008362 0.8102625 0.7804557 0.7337752 0.8256076 0.7145320 0.9637702 0.8344338 1.0700557 0.8801927 0.8560450 0.9875939 0.9647396 0.9276084 0.7019989 1.2124340 2.3328973 2.3815196 1.4555543 
Vespertilionidae  0.1357240 0.1351698 0.1154977 0.1106359 0.1242479 0.1320788 0.0953038 0.1165401 0.1201463 0.0000000 0.0609053 0.0796407 0.1191604 0.1208729 0.1154654 0.2741410 0.2579234 0.2400724 1.1053982 1.2144440 1.2859014 1.1689458 1.2315936 1.2226228 1.2627515 1.1883650 1.2491216 1.2454546 1.1390216 1.5412235 1.0830676 0.9923669 0.7977914 0.8011443 0.7787372 0.7250745 0.8334187 0.7260186 0.9941195 0.8038585 1.0591920 0.8993264 0.8646476 0.9919208 0.9746067 0.9298869 0.6925646 1.1664746 2.3534249 2.3709239 1.4534484 
Furipteridae      0.1356845 0.1370025 0.1099133 0.1069846 0.1206450 0.1299301 0.0924653 0.1148943 0.1176797 0.0609053 0.0000000 0.0760595 0.1180783 0.1227066 0.1137073 0.2732926 0.2555558 0.2388869 1.1016425 1.2137745 1.2655435 1.1363581 1.1960011 1.2085785 1.2361507 1.1548262 1.2121236 1.2287535 1.1384098 1.5368335 1.0855054 0.9746342 0.7981697 0.7883329 0.7705954 0.7078169 0.8095255 0.7107334 0.9823593 0.8035541 1.0564948 0.8983697 0.8474690 0.9840528 0.9755469 0.9123480 0.6820284 1.2037667 2.3332375 2.3455748 1.4578059 
Rhinolophidae     0.1473379 0.1446609 0.1167596 0.1142438 0.1276330 0.1371045 0.0994488 0.1197450 0.1214973 0.0796407 0.0760595 0.0000000 0.1229786 0.1285890 0.1210423 0.2801432 0.2639504 0.2469541 1.1105137 1.2137759 1.2697236 1.1539704 1.2192402 1.2022422 1.2311307 1.1512712 1.2202014 1.2250513 1.1375703 1.5702437 1.0924960 0.9828067 0.8108644 0.8182082 0.7869161 0.7346127 0.8320477 0.7276274 0.9846901 0.8246041 1.0693131 0.9001058 0.8762986 1.0079553 0.9932150 0.9362296 0.7144503 1.1945851 2.3656768 2.3805358 1.4467482 
Viverridae        0.1568983 0.1595609 0.1341335 0.1319748 0.1471440 0.1535744 0.1118117 0.1397891 0.1443673 0.1191604 0.1180783 0.1229786 0.0000000 0.0933511 0.1375557 0.2848458 0.2677559 0.2498074 1.1432003 1.2425107 1.2929620 1.1923121 1.2345427 1.2456239 1.2656710 1.1857235 1.2471789 1.2753256 1.1608556 1.5737427 1.1288843 1.0113206 0.8130167 0.8031541 0.7952443 0.7405554 0.8229843 0.7318694 1.0156042 0.8318695 1.0981808 0.9264269 0.8940309 1.0203337 1.0231841 0.9478611 0.7254398 1.2132137 2.3677392 2.3978427 1.4879590 
Procyonidae       0.1613709 0.1661791 0.1420016 0.1391086 0.1538278 0.1541941 0.1180026 0.1449088 0.1465176 0.1208729 0.1227066 0.1285890 0.0933511 0.0000000 0.1474087 0.2920162 0.2823447 0.2629217 1.1550337 1.2564523 1.2973939 1.1973055 1.2361698 1.2389443 1.2778608 1.2074941 1.2605513 1.2816502 1.1729821 1.5686712 1.1166840 0.9976233 0.8338940 0.8330000 0.8154455 0.7541394 0.8410344 0.7483935 1.0122910 0.8536735 1.1027405 0.9306830 0.8857246 1.0194406 0.9972621 0.9495769 0.7024141 1.1945766 2.3587078 2.3654124 1.4734589 
Myrmecophagidae   0.1467864 0.1456735 0.1195172 0.1138053 0.1291747 0.1367290 0.1138306 0.1329104 0.1381984 0.1154654 0.1137073 0.1210423 0.1375557 0.1474087 0.0000000 0.2638904 0.2481343 0.2349229 1.1147470 1.2315987 1.2990549 1.1601298 1.2241156 1.1948333 1.2512408 1.1780339 1.2317691 1.2304631 1.1872791 1.5247787 1.0825746 0.9979683 0.8178193 0.7948726 0.7729546 0.7224683 0.8156729 0.7207313 0.9709221 0.8104480 1.0329258 0.8759736 0.8458794 0.9808340 0.9607765 0.9064545 0.6663034 1.1905984 2.3276355 2.3187019 1.4708899 
Caluromyidae      0.2923145 0.2935609 0.2687233 0.2669624 0.2870878 0.2883514 0.2641378 0.2808689 0.2816551 0.2741410 0.2732926 0.2801432 0.2848458 0.2920162 0.2638904 0.0000000 0.1161651 0.0991222 1.1514000 1.2259694 1.2938326 1.1984497 1.2606878 1.2250720 1.2349044 1.1923272 1.2475569 1.2318625 1.1900817 1.5853233 1.1548419 1.0164936 0.8329962 0.8399479 0.7760556 0.7607357 0.8383814 0.7457074 1.0000240 0.8514517 1.0862485 0.9117610 0.8944086 1.0088891 1.0226527 0.9560154 0.7133576 1.1657697 2.3437255 2.3575680 1.4338571 
Thylacomyidae     0.2826283 0.2844120 0.2623773 0.2568484 0.2681708 0.2725960 0.2511028 0.2790234 0.2720074 0.2579234 0.2555558 0.2639504 0.2677559 0.2823447 0.2481343 0.1161651 0.0000000 0.0691762 1.1333263 1.2219269 1.2712235 1.1820987 1.2627234 1.2026578 1.2405276 1.1610697 1.2166589 1.2155450 1.1635722 1.5759662 1.1224828 0.9976479 0.8264669 0.8389759 0.7891184 0.7622520 0.8491840 0.7392452 0.9852501 0.8204885 1.0864343 0.8980408 0.8684947 0.9923504 0.9950605 0.9489129 0.6966676 1.1909099 2.3695492 2.3747419 1.4495521 
Phalangeridae     0.2646748 0.2607703 0.2416217 0.2353285 0.2539342 0.2549240 0.2309898 0.2549248 0.2580646 0.2400724 0.2388869 0.2469541 0.2498074 0.2629217 0.2349229 0.0991222 0.0691762 0.0000000 1.0965462 1.1955508 1.2584130 1.1607505 1.2357869 1.1949710 1.2113860 1.1587103 1.2140770 1.1989015 1.1316293 1.5591736 1.1243261 0.9931711 0.8310765 0.8109446 0.7809321 0.7430008 0.8296968 0.7245728 0.9725709 0.8246450 1.0741491 0.9058798 0.8687216 0.9975008 1.0035440 0.9376697 0.6958345 1.1623224 2.3437165 2.3392079 1.4360842 
Tityridae         1.1433551 1.1272882 1.1567696 1.1436988 1.1193272 1.1476216 1.1211248 1.1277014 1.1168219 1.1053982 1.1016425 1.1105137 1.1432003 1.1550337 1.1147470 1.1514000 1.1333263 1.0965462 0.0000000 0.4645788 0.5006460 0.4295285 0.4463308 0.4501656 0.4482248 0.4460209 0.4484786 0.4534029 0.5062570 1.3884788 1.0686393 0.9844247 0.9681453 1.0054263 0.9457718 0.9056686 0.9970185 0.8996693 1.3791856 1.1548777 1.4614352 1.2467366 1.2201857 1.3906854 1.3309434 1.3140300 1.0690318 1.5750534 2.7775953 2.7884442 1.8393497 
Ptilonorhynchidae 1.2429254 1.2470083 1.2410305 1.2259966 1.2421168 1.2552610 1.2362515 1.2128175 1.2279760 1.2144440 1.2137745 1.2137759 1.2425107 1.2564523 1.2315987 1.2259694 1.2219269 1.1955508 0.4645788 0.0000000 0.4507042 0.3754035 0.4125321 0.3772677 0.4026972 0.3910476 0.3797842 0.3981702 0.5751729 1.5102573 1.1507877 1.0334915 1.0565639 1.1079554 1.0480380 0.9886102 1.1052100 0.9993999 1.4734592 1.3015682 1.5762507 1.3671012 1.3270740 1.4884071 1.4618950 1.4430530 1.1617373 1.6379725 2.8544635 2.8658495 1.9406105 
Callaeatidae      1.2769304 1.2996339 1.3062759 1.2809838 1.2918581 1.3140217 1.2732214 1.2582008 1.2800472 1.2859014 1.2655435 1.2697236 1.2929620 1.2973939 1.2990549 1.2938326 1.2712235 1.2584130 0.5006460 0.4507042 0.0000000 0.3631780 0.3678065 0.3553589 0.3583728 0.3573697 0.3463467 0.3665273 0.6665377 1.5697405 1.2492014 1.1421091 1.1301374 1.1539422 1.1207712 1.0614456 1.1575338 1.0690988 1.5359819 1.3463150 1.5978410 1.4380859 1.3753576 1.5524217 1.5065702 1.4981487 1.2360709 1.7455130 2.9332819 2.9736565 2.0677272 
Monarchidae       1.1739424 1.1987487 1.1886550 1.1782164 1.1552961 1.1969177 1.1593597 1.1583117 1.1695402 1.1689458 1.1363581 1.1539704 1.1923121 1.1973055 1.1601298 1.1984497 1.1820987 1.1607505 0.4295285 0.3754035 0.3631780 0.0000000 0.2169300 0.2854880 0.3012360 0.2944015 0.2885038 0.2995549 0.5801148 1.4821829 1.1238148 0.9997574 1.0305355 1.0473483 1.0082385 0.9474995 1.0569839 0.9555265 1.3966148 1.2256730 1.5159896 1.3153749 1.2546852 1.4641820 1.4010582 1.3963059 1.1192564 1.5892417 2.7329653 2.7670027 1.9003404 
Malaconotidae     1.2263478 1.2466887 1.2395440 1.2354348 1.2441521 1.2668264 1.2184240 1.2162729 1.2290517 1.2315936 1.1960011 1.2192402 1.2345427 1.2361698 1.2241156 1.2606878 1.2627234 1.2357869 0.4463308 0.4125321 0.3678065 0.2169300 0.0000000 0.3158915 0.3283612 0.3245786 0.3067370 0.3166253 0.5794979 1.5186012 1.1161578 1.0564181 1.0692408 1.0919368 1.0499142 0.9979442 1.1236853 0.9959615 1.4573108 1.2916580 1.5461325 1.3699984 1.3179657 1.5081514 1.4395492 1.4248156 1.1680525 1.6725248 2.8535214 2.8912674 1.9854542 
Certhiidae        1.2201449 1.2370697 1.2201826 1.2106441 1.2024952 1.2303351 1.2178566 1.1968335 1.2142226 1.2226228 1.2085785 1.2022422 1.2456239 1.2389443 1.1948333 1.2250720 1.2026578 1.1949710 0.4501656 0.3772677 0.3553589 0.2854880 0.3158915 0.0000000 0.2309269 0.2500553 0.2337000 0.2541035 0.5481384 1.4821495 1.1607585 1.0132475 1.0395209 1.0616445 1.0223193 0.9507770 1.0542190 0.9685114 1.4068103 1.2482564 1.5163574 1.3162773 1.2571214 1.4866458 1.4391142 1.3783873 1.1230849 1.5800651 2.7402379 2.7616411 1.8983607 
Cinclidae         1.2496713 1.2754860 1.2540322 1.2469122 1.2555705 1.2944282 1.2627207 1.2390447 1.2520485 1.2627515 1.2361507 1.2311307 1.2656710 1.2778608 1.2512408 1.2349044 1.2405276 1.2113860 0.4482248 0.4026972 0.3583728 0.3012360 0.3283612 0.2309269 0.0000000 0.2562068 0.2364899 0.2586946 0.5817704 1.5313565 1.2028077 1.0486775 1.0756087 1.1320604 1.0826557 0.9992637 1.0963424 1.0208586 1.4934262 1.2606395 1.5723608 1.3621725 1.2994012 1.5064017 1.4644883 1.4276743 1.1890820 1.6333476 2.8459378 2.8954160 1.9532084 
Ploceidae         1.1934169 1.2088674 1.1957448 1.1849300 1.1743009 1.2044527 1.1744619 1.1703537 1.1795620 1.1883650 1.1548262 1.1512712 1.1857235 1.2074941 1.1780339 1.1923272 1.1610697 1.1587103 0.4460209 0.3910476 0.3573697 0.2944015 0.3245786 0.2500553 0.2562068 0.0000000 0.1509311 0.2678760 0.5858731 1.4486141 1.1414104 1.0085566 1.0080048 1.0033340 0.9788697 0.9211578 1.0172069 0.9194799 1.4008982 1.2143710 1.4784555 1.2918379 1.2543609 1.4521546 1.3998869 1.3563749 1.0920381 1.5542802 2.7460624 2.7478940 1.8946248 
Thraupidae        1.2427935 1.2713695 1.2565086 1.2487184 1.2470125 1.2639934 1.2453855 1.2328176 1.2503576 1.2491216 1.2121236 1.2202014 1.2471789 1.2605513 1.2317691 1.2475569 1.2166589 1.2140770 0.4484786 0.3797842 0.3463467 0.2885038 0.3067370 0.2337000 0.2364899 0.1509311 0.0000000 0.2497870 0.5597456 1.4678831 1.1461021 1.0307488 1.0442683 1.0559197 1.0350703 0.9654756 1.0615129 0.9543533 1.4153797 1.2392148 1.5426494 1.3277691 1.2824698 1.4610671 1.4048412 1.3925070 1.1319133 1.5723577 2.7646906 2.7746641 1.9002668 
Alaudidae         1.2709690 1.2941781 1.2658216 1.2583972 1.2580322 1.2718147 1.2512533 1.2405405 1.2467255 1.2454546 1.2287535 1.2250513 1.2753256 1.2816502 1.2304631 1.2318625 1.2155450 1.1989015 0.4534029 0.3981702 0.3665273 0.2995549 0.3166253 0.2541035 0.2586946 0.2678760 0.2497870 0.0000000 0.5731771 1.5080676 1.1955344 1.0356510 1.0519456 1.0825182 1.0419347 0.9720960 1.1020440 0.9909507 1.4465554 1.2859160 1.5577528 1.3597676 1.3021654 1.5009023 1.4720896 1.4279097 1.1481234 1.6169886 2.7708287 2.8466561 1.9335782 
Coraciiformes     1.1640139 1.1598817 1.1703009 1.1672659 1.1516257 1.1900984 1.1452158 1.1375145 1.1587736 1.1390216 1.1384098 1.1375703 1.1608556 1.1729821 1.1872791 1.1900817 1.1635722 1.1316293 0.5062570 0.5751729 0.6665377 0.5801148 0.5794979 0.5481384 0.5817704 0.5858731 0.5597456 0.5731771 0.0000000 1.4127844 1.1067874 0.9687185 0.9988200 1.0117600 0.9894324 0.9530606 1.0102909 0.9138963 1.3648877 1.1950414 1.4804180 1.2612294 1.2288615 1.4133057 1.4047407 1.3773398 1.1013590 1.5702943 2.6961670 2.7053844 1.8757706 
Crocodylidae      1.5679609 1.5574993 1.5665004 1.5613915 1.5579584 1.5742025 1.5456203 1.5318452 1.5362194 1.5412235 1.5368335 1.5702437 1.5737427 1.5686712 1.5247787 1.5853233 1.5759662 1.5591736 1.3884788 1.5102573 1.5697405 1.4821829 1.5186012 1.4821495 1.5313565 1.4486141 1.4678831 1.5080676 1.4127844 0.0000000 1.4187504 1.3170481 1.3635103 1.3822950 1.3280664 1.2799066 1.4041389 1.2694698 1.7484221 1.6656496 1.8859367 1.6778105 1.6372369 1.8423920 1.7854328 1.7974226 1.4659016 1.9669945 3.0696798 3.0683594 2.2368238 
Carettochelyidae  1.0948078 1.1128968 1.0961544 1.0992782 1.1024201 1.1024856 1.0748067 1.1174650 1.1128225 1.0830676 1.0855054 1.0924960 1.1288843 1.1166840 1.0825746 1.1548419 1.1224828 1.1243261 1.0686393 1.1507877 1.2492014 1.1238148 1.1161578 1.1607585 1.2028077 1.1414104 1.1461021 1.1955344 1.1067874 1.4187504 0.0000000 0.6430826 0.8959178 0.9223832 0.9006982 0.8361129 0.9310880 0.8476188 1.3386892 1.1399626 1.4478542 1.2309709 1.1951363 1.3291601 1.3185408 1.3003589 1.0266337 1.5628390 2.6386068 2.7207195 1.9177187 
Kinosternidae     1.0121327 1.0403829 1.0205566 1.0117865 1.0162229 1.0096481 0.9843229 1.0130744 0.9994289 0.9923669 0.9746342 0.9828067 1.0113206 0.9976233 0.9979683 1.0164936 0.9976479 0.9931711 0.9844247 1.0334915 1.1421091 0.9997574 1.0564181 1.0132475 1.0486775 1.0085566 1.0307488 1.0356510 0.9687185 1.3170481 0.6430826 0.0000000 0.8173066 0.8638173 0.8234194 0.7985125 0.8925201 0.8296194 1.2194261 1.0370922 1.3696610 1.0916229 1.0765962 1.2701254 1.1962647 1.1952195 0.9521172 1.4319422 2.6033738 2.6394698 1.7480099 
Anomalepididae    0.8198892 0.8446429 0.8173185 0.8247507 0.8236109 0.8029132 0.7770774 0.8096097 0.8008362 0.7977914 0.7981697 0.8108644 0.8130167 0.8338940 0.8178193 0.8329962 0.8264669 0.8310765 0.9681453 1.0565639 1.1301374 1.0305355 1.0692408 1.0395209 1.0756087 1.0080048 1.0442683 1.0519456 0.9988200 1.3635103 0.8959178 0.8173066 0.0000000 0.3619100 0.3169141 0.3035653 0.4228912 0.3599430 1.0663259 0.8342910 1.1160806 0.9280109 0.9087946 1.0562355 1.0480714 1.0153480 0.7729101 1.2537171 2.3119596 2.3163319 1.5038237 
Loxocemidae       0.8161229 0.8338757 0.7959079 0.8001832 0.8065931 0.7939675 0.7867842 0.8119979 0.8102625 0.8011443 0.7883329 0.8182082 0.8031541 0.8330000 0.7948726 0.8399479 0.8389759 0.8109446 1.0054263 1.1079554 1.1539422 1.0473483 1.0919368 1.0616445 1.1320604 1.0033340 1.0559197 1.0825182 1.0117600 1.3822950 0.9223832 0.8638173 0.3619100 0.0000000 0.2226217 0.2927903 0.4145038 0.3459118 1.0499224 0.8565654 1.1307813 0.9438861 0.9046231 1.0755410 1.0546111 1.0028921 0.7735886 1.2938782 2.3995014 2.3810895 1.5327540 
Natricidae        0.7993487 0.7948946 0.7717190 0.7762753 0.7921970 0.7920042 0.7726572 0.7769642 0.7804557 0.7787372 0.7705954 0.7869161 0.7952443 0.8154455 0.7729546 0.7760556 0.7891184 0.7809321 0.9457718 1.0480380 1.1207712 1.0082385 1.0499142 1.0223193 1.0826557 0.9788697 1.0350703 1.0419347 0.9894324 1.3280664 0.9006982 0.8234194 0.3169141 0.2226217 0.0000000 0.2662613 0.3962814 0.3128823 1.0191717 0.8106261 1.1060646 0.9092754 0.8730456 1.0314837 1.0307004 0.9873529 0.7270665 1.2353282 2.3883937 2.3711542 1.5132822 
Xenosauridae      0.7633703 0.7525755 0.7290838 0.7215307 0.7537237 0.7137678 0.7182415 0.7323896 0.7337752 0.7250745 0.7078169 0.7346127 0.7405554 0.7541394 0.7224683 0.7607357 0.7622520 0.7430008 0.9056686 0.9886102 1.0614456 0.9474995 0.9979442 0.9507770 0.9992637 0.9211578 0.9654756 0.9720960 0.9530606 1.2799066 0.8361129 0.7985125 0.3035653 0.2927903 0.2662613 0.0000000 0.3535482 0.2916217 1.0107051 0.7629088 1.0489038 0.8694759 0.8407926 1.0218445 1.0096641 0.9385444 0.6859695 1.2199711 2.3355430 2.3099299 1.4406381 
Teiidae           0.8411682 0.8416380 0.7974986 0.8076586 0.8350929 0.7943908 0.8037010 0.8185726 0.8256076 0.8334187 0.8095255 0.8320477 0.8229843 0.8410344 0.8156729 0.8383814 0.8491840 0.8296968 0.9970185 1.1052100 1.1575338 1.0569839 1.1236853 1.0542190 1.0963424 1.0172069 1.0615129 1.1020440 1.0102909 1.4041389 0.9310880 0.8925201 0.4228912 0.4145038 0.3962814 0.3535482 0.0000000 0.3747742 1.0882026 0.8616003 1.1780988 0.9494710 0.9083202 1.0671673 1.0379125 0.9920782 0.7797825 1.2572670 2.3392503 2.3002190 1.5277692 
Eublepharidae     0.7552429 0.7323089 0.7284795 0.7294586 0.7414984 0.7105070 0.7051618 0.7264634 0.7145320 0.7260186 0.7107334 0.7276274 0.7318694 0.7483935 0.7207313 0.7457074 0.7392452 0.7245728 0.8996693 0.9993999 1.0690988 0.9555265 0.9959615 0.9685114 1.0208586 0.9194799 0.9543533 0.9909507 0.9138963 1.2694698 0.8476188 0.8296194 0.3599430 0.3459118 0.3128823 0.2916217 0.3747742 0.0000000 0.9765933 0.7528889 1.0582824 0.8450775 0.7971113 0.9958523 0.9502412 0.9160896 0.6400422 1.2002399 2.3108155 2.3068099 1.4057876 
Dicamptodontidae  1.0050886 0.9989283 0.9876893 0.9908311 0.9949350 0.9908613 0.9703295 1.0059798 0.9637702 0.9941195 0.9823593 0.9846901 1.0156042 1.0122910 0.9709221 1.0000240 0.9852501 0.9725709 1.3791856 1.4734592 1.5359819 1.3966148 1.4573108 1.4068103 1.4934262 1.4008982 1.4153797 1.4465554 1.3648877 1.7484221 1.3386892 1.2194261 1.0663259 1.0499224 1.0191717 1.0107051 1.0882026 0.9765933 0.0000000 0.6234514 0.8684226 0.6709463 0.6443092 0.7639147 0.7305961 0.7294819 0.5682836 1.2552251 2.3657029 2.3816993 1.5325842 
Alytidae          0.8445909 0.8315147 0.8246072 0.8205171 0.8446602 0.8326677 0.8190408 0.8287734 0.8344338 0.8038585 0.8035541 0.8246041 0.8318695 0.8536735 0.8104480 0.8514517 0.8204885 0.8246450 1.1548777 1.3015682 1.3463150 1.2256730 1.2916580 1.2482564 1.2606395 1.2143710 1.2392148 1.2859160 1.1950414 1.6656496 1.1399626 1.0370922 0.8342910 0.8565654 0.8106261 0.7629088 0.8616003 0.7528889 0.6234514 0.0000000 0.6748682 0.4874198 0.4494560 0.5970882 0.5470076 0.5063348 0.4012008 1.0671088 2.1709379 2.2255475 1.3744649 
Heleophrynidae    1.1086087 1.1042543 1.0615029 1.0630761 1.0806525 1.0820275 1.0677794 1.0520119 1.0700557 1.0591920 1.0564948 1.0693131 1.0981808 1.1027405 1.0329258 1.0862485 1.0864343 1.0741491 1.4614352 1.5762507 1.5978410 1.5159896 1.5461325 1.5163574 1.5723608 1.4784555 1.5426494 1.5577528 1.4804180 1.8859367 1.4478542 1.3696610 1.1160806 1.1307813 1.1060646 1.0489038 1.1780988 1.0582824 0.8684226 0.6748682 0.0000000 0.5288238 0.4901443 0.6632752 0.6475532 0.6238258 0.6722075 1.3607812 2.4948227 2.5272915 1.6970021 
Leptodactylidae   0.9252836 0.9141111 0.9138249 0.9153429 0.9337164 0.9081671 0.9047881 0.9180176 0.8801927 0.8993264 0.8983697 0.9001058 0.9264269 0.9306830 0.8759736 0.9117610 0.8980408 0.9058798 1.2467366 1.3671012 1.4380859 1.3153749 1.3699984 1.3162773 1.3621725 1.2918379 1.3277691 1.3597676 1.2612294 1.6778105 1.2309709 1.0916229 0.9280109 0.9438861 0.9092754 0.8694759 0.9494710 0.8450775 0.6709463 0.4874198 0.5288238 0.0000000 0.1034047 0.4313805 0.3973443 0.3751863 0.4827517 1.1345965 2.1949041 2.2316742 1.4079702 
Strabomantidae    0.9052165 0.8781159 0.8909384 0.8861151 0.8978477 0.8791362 0.8651646 0.8803115 0.8560450 0.8646476 0.8474690 0.8762986 0.8940309 0.8857246 0.8458794 0.8944086 0.8684947 0.8687216 1.2201857 1.3270740 1.3753576 1.2546852 1.3179657 1.2571214 1.2994012 1.2543609 1.2824698 1.3021654 1.2288615 1.6372369 1.1951363 1.0765962 0.9087946 0.9046231 0.8730456 0.8407926 0.9083202 0.7971113 0.6443092 0.4494560 0.4901443 0.1034047 0.0000000 0.4059755 0.3873998 0.3444327 0.4438243 1.0749254 2.1765873 2.1988131 1.4054929 
Micrixalidae      1.0433282 1.0058775 1.0065917 1.0076872 1.0159679 1.0124836 0.9945855 1.0039907 0.9875939 0.9919208 0.9840528 1.0079553 1.0203337 1.0194406 0.9808340 1.0088891 0.9923504 0.9975008 1.3906854 1.4884071 1.5524217 1.4641820 1.5081514 1.4866458 1.5064017 1.4521546 1.4610671 1.5009023 1.4133057 1.8423920 1.3291601 1.2701254 1.0562355 1.0755410 1.0314837 1.0218445 1.0671673 0.9958523 0.7639147 0.5970882 0.6632752 0.4313805 0.4059755 0.0000000 0.3961023 0.3365326 0.5892742 1.2599097 2.3487523 2.3624434 1.5276336 
Hemisotidae       1.0128661 1.0224436 1.0023384 0.9974593 1.0151261 1.0047799 0.9813732 0.9846805 0.9647396 0.9746067 0.9755469 0.9932150 1.0231841 0.9972621 0.9607765 1.0226527 0.9950605 1.0035440 1.3309434 1.4618950 1.5065702 1.4010582 1.4395492 1.4391142 1.4644883 1.3998869 1.4048412 1.4720896 1.4047407 1.7854328 1.3185408 1.1962647 1.0480714 1.0546111 1.0307004 1.0096641 1.0379125 0.9502412 0.7305961 0.5470076 0.6475532 0.3973443 0.3873998 0.3961023 0.0000000 0.3106270 0.5415052 1.2031559 2.2524139 2.2386277 1.5513502 
Asterophryidae    0.9768914 0.9600061 0.9535625 0.9533019 0.9671259 0.9538988 0.9237460 0.9359652 0.9276084 0.9298869 0.9123480 0.9362296 0.9478611 0.9495769 0.9064545 0.9560154 0.9489129 0.9376697 1.3140300 1.4430530 1.4981487 1.3963059 1.4248156 1.3783873 1.4276743 1.3563749 1.3925070 1.4279097 1.3773398 1.7974226 1.3003589 1.1952195 1.0153480 1.0028921 0.9873529 0.9385444 0.9920782 0.9160896 0.7294819 0.5063348 0.6238258 0.3751863 0.3444327 0.3365326 0.3106270 0.0000000 0.5143574 1.1809902 2.2572663 2.2741117 1.4817069 
Caeciliidae2      0.7197514 0.7108973 0.6969554 0.6838746 0.7135130 0.6856025 0.6778979 0.7130014 0.7019989 0.6925646 0.6820284 0.7144503 0.7254398 0.7024141 0.6663034 0.7133576 0.6966676 0.6958345 1.0690318 1.1617373 1.2360709 1.1192564 1.1680525 1.1230849 1.1890820 1.0920381 1.1319133 1.1481234 1.1013590 1.4659016 1.0266337 0.9521172 0.7729101 0.7735886 0.7270665 0.6859695 0.7797825 0.6400422 0.5682836 0.4012008 0.6722075 0.4827517 0.4438243 0.5892742 0.5415052 0.5143574 0.0000000 0.9545975 2.0724829 2.0979916 1.1874487 
Polypteriformes   1.1803180 1.2390455 1.2128240 1.1971360 1.2240348 1.2372076 1.1857544 1.2068072 1.2124340 1.1664746 1.2037667 1.1945851 1.2132137 1.1945766 1.1905984 1.1657697 1.1909099 1.1623224 1.5750534 1.6379725 1.7455130 1.5892417 1.6725248 1.5800651 1.6333476 1.5542802 1.5723577 1.6169886 1.5702943 1.9669945 1.5628390 1.4319422 1.2537171 1.2938782 1.2353282 1.2199711 1.2572670 1.2002399 1.2552251 1.0671088 1.3607812 1.1345965 1.0749254 1.2599097 1.2031559 1.1809902 0.9545975 0.0000000 1.9477024 1.8864449 1.2682443 
Channichthyidae   2.3739085 2.3739441 2.3532680 2.3603436 2.3412819 2.3468318 2.3536834 2.3609598 2.3328973 2.3534249 2.3332375 2.3656768 2.3677392 2.3587078 2.3276355 2.3437255 2.3695492 2.3437165 2.7775953 2.8544635 2.9332819 2.7329653 2.8535214 2.7402379 2.8459378 2.7460624 2.7646906 2.7708287 2.6961670 3.0696798 2.6386068 2.6033738 2.3119596 2.3995014 2.3883937 2.3355430 2.3392503 2.3108155 2.3657029 2.1709379 2.4948227 2.1949041 2.1765873 2.3487523 2.2524139 2.2572663 2.0724829 1.9477024 0.0000000 0.6863190 2.4903903 
Pseudaphritidae   2.3759894 2.3857080 2.3383290 2.3403664 2.3427312 2.3601190 2.3687475 2.3557099 2.3815196 2.3709239 2.3455748 2.3805358 2.3978427 2.3654124 2.3187019 2.3575680 2.3747419 2.3392079 2.7884442 2.8658495 2.9736565 2.7670027 2.8912674 2.7616411 2.8954160 2.7478940 2.7746641 2.8466561 2.7053844 3.0683594 2.7207195 2.6394698 2.3163319 2.3810895 2.3711542 2.3099299 2.3002190 2.3068099 2.3816993 2.2255475 2.5272915 2.2316742 2.1988131 2.3624434 2.2386277 2.2741117 2.0979916 1.8864449 0.6863190 0.0000000 2.4288927 
Carcharhinidae    1.4744254 1.4838523 1.4667939 1.4656807 1.4813144 1.4758125 1.4474958 1.4766924 1.4555543 1.4534484 1.4578059 1.4467482 1.4879590 1.4734589 1.4708899 1.4338571 1.4495521 1.4360842 1.8393497 1.9406105 2.0677272 1.9003404 1.9854542 1.8983607 1.9532084 1.8946248 1.9002668 1.9335782 1.8757706 2.2368238 1.9177187 1.7480099 1.5038237 1.5327540 1.5132822 1.4406381 1.5277692 1.4057876 1.5325842 1.3744649 1.6970021 1.4079702 1.4054929 1.5276336 1.5513502 1.4817069 1.1874487 1.2682443 2.4903903 2.4288927 0.0000000 
