51
Pitheciidae       0.0000000 0.2679907 0.2087936 0.2068712 0.2247997 0.1940155 0.2603140 0.2921535 0.2674821 0.2468998 0.2518924 0.2271206 0.2735016 0.2886348 0.2905800 0.5167149 0.4572512 0.4078635 0.5116497 0.5052318 0.5057924 0.5174129 0.5150256 0.5040278 0.5109086 0.5045837 0.5064514 0.5064746 0.4955268 0.5286302 0.5181385 0.4953555 0.5730110 0.6170223 0.6335207 0.6403284 0.6283278 0.6243312 0.6015681 0.5712559 0.6507978 0.6514405 0.6650247 0.5948737 0.5815073 0.5846801 0.7575643 1.0505332 1.1913681 1.2285156 2.0067323 
Scandentia        0.2679907 0.0000000 0.2304013 0.2314762 0.2385577 0.2119673 0.2737180 0.2969101 0.2845233 0.2888198 0.2703807 0.2357440 0.2820639 0.3084658 0.3136267 0.5352404 0.4700726 0.4289472 0.5369601 0.5332211 0.5371826 0.5422917 0.5474278 0.5352351 0.5388851 0.5371807 0.5393007 0.5382247 0.5297647 0.5642635 0.5593195 0.5260756 0.5852231 0.6367129 0.6670512 0.6511887 0.6609622 0.6472282 0.6023023 0.5900021 0.6731387 0.6752985 0.6654962 0.6085464 0.6048768 0.6103096 0.7675922 1.0867214 1.2278803 1.2125647 2.0666838 
Erethizontidae    0.2087936 0.2304013 0.0000000 0.0603138 0.1509295 0.1220172 0.2208628 0.2330341 0.2091634 0.2154678 0.2121361 0.1814105 0.2164748 0.2317268 0.2465699 0.4514764 0.4051119 0.3635748 0.4511436 0.4470641 0.4437858 0.4567518 0.4575776 0.4506374 0.4498983 0.4463704 0.4475866 0.4448226 0.4339487 0.4872585 0.4712213 0.4489476 0.5424076 0.5616986 0.5992296 0.5982931 0.6140331 0.5770059 0.5305082 0.5240064 0.5776357 0.6135349 0.6018104 0.5317651 0.5306790 0.5376207 0.6963659 1.0036977 1.0739123 1.1021905 1.9211377 
Capromyidae       0.2068712 0.2314762 0.0603138 0.0000000 0.1560679 0.1233778 0.2226703 0.2448953 0.2125647 0.2191654 0.2160065 0.1827725 0.2242450 0.2390002 0.2552174 0.4544862 0.4114230 0.3616929 0.4526129 0.4452204 0.4470284 0.4572458 0.4544449 0.4503097 0.4495697 0.4478261 0.4482226 0.4472507 0.4371429 0.4903106 0.4772658 0.4477853 0.5427813 0.5579147 0.5941594 0.5964031 0.6142804 0.5744806 0.5329111 0.5234697 0.5871942 0.6112981 0.6078347 0.5367934 0.5388479 0.5357905 0.6971670 1.0037494 1.0862280 1.1060672 1.9296900 
Muridae           0.2247997 0.2385577 0.1509295 0.1560679 0.0000000 0.1330883 0.2125311 0.2524093 0.2129726 0.2339184 0.2222716 0.1952013 0.2395866 0.2484851 0.2632969 0.4653082 0.4182524 0.3640819 0.4681070 0.4676103 0.4642203 0.4747382 0.4755836 0.4685765 0.4694783 0.4668627 0.4654011 0.4662464 0.4584903 0.5235544 0.4924109 0.4564964 0.5455941 0.5651430 0.5989622 0.5994701 0.6091135 0.5914294 0.5367439 0.5377724 0.6134615 0.6295110 0.6250523 0.5451097 0.5543141 0.5540278 0.7154884 1.0147096 1.1286750 1.1464228 1.9881778 
Castoridae        0.1940155 0.2119673 0.1220172 0.1233778 0.1330883 0.0000000 0.1964276 0.2210551 0.1871524 0.1984259 0.1920402 0.1624082 0.2033774 0.2149334 0.2313351 0.4484772 0.3942492 0.3497194 0.4445827 0.4380374 0.4443995 0.4465507 0.4481978 0.4405182 0.4413794 0.4398254 0.4402284 0.4374991 0.4224644 0.4742860 0.4595523 0.4316456 0.5025005 0.5279185 0.5594984 0.5675419 0.5810979 0.5573106 0.5099032 0.5040205 0.5687680 0.5723944 0.5751898 0.5063916 0.5194232 0.5214117 0.6738281 0.9895283 1.0964616 1.1121964 1.9920822 
Suidae            0.2603140 0.2737180 0.2208628 0.2226703 0.2125311 0.1964276 0.0000000 0.1899253 0.1688453 0.2301653 0.2258862 0.1904853 0.2228428 0.2396565 0.2744636 0.5077815 0.4370536 0.3991204 0.4856147 0.4903752 0.4904731 0.4961614 0.4997788 0.4881479 0.4899069 0.4887057 0.4877978 0.4857694 0.4738057 0.5208099 0.5117723 0.4812016 0.5540047 0.5836378 0.6036076 0.6148279 0.6112437 0.5984595 0.5761514 0.5526016 0.6313022 0.6291715 0.6261820 0.5872183 0.5660078 0.5809369 0.7210888 1.0113552 1.1496824 1.1684437 2.0393239 
Hippopotamidae    0.2921535 0.2969101 0.2330341 0.2448953 0.2524093 0.2210551 0.1899253 0.0000000 0.1390759 0.2444170 0.2367695 0.2094930 0.2470388 0.2572968 0.3006472 0.5364769 0.4701182 0.4218527 0.5100967 0.5066386 0.5097715 0.5142939 0.5168918 0.5075500 0.5080589 0.5066165 0.5048379 0.5038196 0.4840539 0.5343694 0.5366278 0.4980804 0.5622513 0.6081825 0.6320527 0.6160014 0.6451033 0.6195738 0.6025445 0.5851692 0.6619302 0.6599187 0.6634212 0.6033578 0.5914578 0.5929014 0.7564696 1.0446339 1.2133138 1.2091401 2.0371849 
Hyperoodontidae   0.2674821 0.2845233 0.2091634 0.2125647 0.2129726 0.1871524 0.1688453 0.1390759 0.0000000 0.2213406 0.2179190 0.1818358 0.2229401 0.2337307 0.2725566 0.5108873 0.4437449 0.3997828 0.4723314 0.4727334 0.4784685 0.4835342 0.4811941 0.4763658 0.4770946 0.4764960 0.4731022 0.4698284 0.4525001 0.5087253 0.5048743 0.4695479 0.5432577 0.5733769 0.6001444 0.5927707 0.6149533 0.5995066 0.5565758 0.5365065 0.6286985 0.6408908 0.6315988 0.5574323 0.5531378 0.5578301 0.7063112 0.9959001 1.1524911 1.1664416 2.0093275 
Vespertilionidae  0.2468998 0.2888198 0.2154678 0.2191654 0.2339184 0.1984259 0.2301653 0.2444170 0.2213406 0.0000000 0.1507871 0.1355051 0.2348395 0.2548019 0.2829663 0.5011040 0.4481289 0.3895715 0.4745680 0.4704844 0.4742391 0.4763035 0.4780054 0.4656733 0.4720670 0.4656153 0.4649982 0.4705287 0.4585242 0.5085819 0.4967385 0.4741701 0.5456710 0.5781927 0.5945345 0.6024532 0.6046539 0.6111942 0.5542331 0.5369911 0.6092020 0.6221583 0.6232921 0.5489065 0.5608012 0.5588936 0.7122737 1.0146559 1.1496085 1.1757323 2.0060997 
Furipteridae      0.2518924 0.2703807 0.2121361 0.2160065 0.2222716 0.1920402 0.2258862 0.2367695 0.2179190 0.1507871 0.0000000 0.1259034 0.2175573 0.2389480 0.2665105 0.4931019 0.4298081 0.3919889 0.4726308 0.4714697 0.4686382 0.4793719 0.4783581 0.4684575 0.4712012 0.4694250 0.4677733 0.4632927 0.4533198 0.5136196 0.4909309 0.4675610 0.5401887 0.5671798 0.6128179 0.6025347 0.6203817 0.5868213 0.5471720 0.5321635 0.5985316 0.6221723 0.6262169 0.5545494 0.5498275 0.5548310 0.6974117 1.0216446 1.1622743 1.1737591 2.0260464 
Rhinolophidae     0.2271206 0.2357440 0.1814105 0.1827725 0.1952013 0.1624082 0.1904853 0.2094930 0.1818358 0.1355051 0.1259034 0.0000000 0.1902867 0.2077915 0.2366234 0.4672434 0.4001915 0.3574289 0.4604064 0.4568046 0.4583915 0.4630970 0.4678073 0.4552281 0.4597578 0.4569878 0.4555657 0.4555982 0.4445329 0.4980235 0.4805181 0.4554595 0.5264054 0.5541168 0.5939752 0.5943043 0.5854909 0.5695274 0.5402287 0.5221609 0.5846851 0.5965937 0.6089346 0.5340657 0.5269866 0.5344359 0.6856481 1.0028316 1.1297666 1.1392899 2.0195544 
Viverridae        0.2735016 0.2820639 0.2164748 0.2242450 0.2395866 0.2033774 0.2228428 0.2470388 0.2229401 0.2348395 0.2175573 0.1902867 0.0000000 0.1650253 0.2884659 0.5236906 0.4624840 0.4116084 0.4843978 0.4802658 0.4780269 0.4809169 0.4904888 0.4794988 0.4814306 0.4808279 0.4754636 0.4781893 0.4659150 0.5358590 0.5141711 0.4879357 0.5542343 0.5922325 0.6229427 0.6182487 0.6160426 0.6075753 0.5826196 0.5650337 0.6460604 0.6530582 0.6552350 0.5773222 0.5761094 0.5785573 0.7317481 1.0118164 1.1948924 1.2219333 2.0695379 
Procyonidae       0.2886348 0.3084658 0.2317268 0.2390002 0.2484851 0.2149334 0.2396565 0.2572968 0.2337307 0.2548019 0.2389480 0.2077915 0.1650253 0.0000000 0.3095745 0.5360517 0.4863185 0.4298794 0.4956142 0.4890621 0.4898503 0.4950968 0.4976557 0.4894176 0.4924073 0.4859596 0.4817350 0.4880657 0.4817488 0.5427169 0.5156111 0.4922985 0.5843203 0.6119033 0.6537863 0.6520521 0.6379817 0.6230409 0.5938768 0.5682998 0.6677187 0.6603684 0.6637976 0.5890571 0.5906749 0.5926304 0.7329100 1.0970314 1.1552212 1.1700619 2.0631773 
Myrmecophagidae   0.2905800 0.3136267 0.2465699 0.2552174 0.2632969 0.2313351 0.2744636 0.3006472 0.2725566 0.2829663 0.2665105 0.2366234 0.2884659 0.3095745 0.0000000 0.4990114 0.4529515 0.4035149 0.4889350 0.4845751 0.4874009 0.4890882 0.4861924 0.4844242 0.4886687 0.4812737 0.4806252 0.4848018 0.4766967 0.5239638 0.5137083 0.4869522 0.5447688 0.5802619 0.6100779 0.6118515 0.6236262 0.5990640 0.5686887 0.5512912 0.6475053 0.6486983 0.6550038 0.5885114 0.5778943 0.5857876 0.7399965 1.0532227 1.1227765 1.1536710 2.0674429 
Caluromyidae      0.5167149 0.5352404 0.4514764 0.4544862 0.4653082 0.4484772 0.5077815 0.5364769 0.5108873 0.5011040 0.4931019 0.4672434 0.5236906 0.5360517 0.4990114 0.0000000 0.2872377 0.2516926 0.5689491 0.5610374 0.5733759 0.5748014 0.5781753 0.5745150 0.5712013 0.5578337 0.5663162 0.5661203 0.5583900 0.5839860 0.5716840 0.5351412 0.6117044 0.6624795 0.6777006 0.6877490 0.6797180 0.6760288 0.6329044 0.6271928 0.7209143 0.7118677 0.7241900 0.6401223 0.6435380 0.6551410 0.8419389 1.0763379 1.2452042 1.2719638 2.1031311 
Thylacomyidae     0.4572512 0.4700726 0.4051119 0.4114230 0.4182524 0.3942492 0.4370536 0.4701182 0.4437449 0.4481289 0.4298081 0.4001915 0.4624840 0.4863185 0.4529515 0.2872377 0.0000000 0.1519895 0.5384848 0.5339317 0.5357276 0.5318235 0.5434558 0.5366751 0.5315424 0.5246228 0.5249813 0.5317341 0.5295410 0.5438411 0.5323410 0.5129044 0.5931917 0.6112494 0.6671496 0.6240528 0.6788823 0.6432960 0.5785133 0.5843911 0.6596846 0.6699813 0.6773711 0.5849242 0.6020456 0.6017913 0.7526857 1.0389330 1.2313943 1.2345789 2.0702313 
Phalangeridae     0.4078635 0.4289472 0.3635748 0.3616929 0.3640819 0.3497194 0.3991204 0.4218527 0.3997828 0.3895715 0.3919889 0.3574289 0.4116084 0.4298794 0.4035149 0.2516926 0.1519895 0.0000000 0.4910699 0.4922724 0.4940918 0.4907615 0.5003926 0.4933996 0.4932831 0.4856485 0.4860174 0.4935337 0.4832358 0.5038756 0.4978577 0.4670617 0.5615198 0.5850343 0.6206807 0.5999783 0.6266952 0.6098883 0.5489108 0.5465368 0.6247872 0.6393752 0.6304423 0.5539730 0.5718943 0.5770204 0.7340994 1.0100322 1.1643714 1.1963158 2.0448940 
Tityridae         0.5116497 0.5369601 0.4511436 0.4526129 0.4681070 0.4445827 0.4856147 0.5100967 0.4723314 0.4745680 0.4726308 0.4604064 0.4843978 0.4956142 0.4889350 0.5689491 0.5384848 0.4910699 0.0000000 0.0342848 0.0353682 0.0380729 0.0473004 0.0358571 0.0316145 0.0310770 0.0336882 0.0347477 0.0457633 0.1967918 0.1908046 0.1585218 0.3008413 0.3183693 0.3416767 0.3458035 0.3532206 0.3411080 0.3441345 0.3403650 0.4131003 0.4354470 0.4284996 0.3649440 0.3653194 0.3646384 0.5174784 0.8042671 0.9750485 0.9999641 1.9035259 
Ptilonorhynchidae 0.5052318 0.5332211 0.4470641 0.4452204 0.4676103 0.4380374 0.4903752 0.5066386 0.4727334 0.4704844 0.4714697 0.4568046 0.4802658 0.4890621 0.4845751 0.5610374 0.5339317 0.4922724 0.0342848 0.0000000 0.0247881 0.0295681 0.0375916 0.0263313 0.0216175 0.0216134 0.0242018 0.0252483 0.0457244 0.1935795 0.1919823 0.1558511 0.2993011 0.3179020 0.3468293 0.3469954 0.3528138 0.3430466 0.3450737 0.3374908 0.4152253 0.4454548 0.4357684 0.3676118 0.3712980 0.3679004 0.5111000 0.8117683 0.9601020 0.9806108 1.9029358 
Callaeatidae      0.5057924 0.5371826 0.4437858 0.4470284 0.4642203 0.4443995 0.4904731 0.5097715 0.4784685 0.4742391 0.4686382 0.4583915 0.4780269 0.4898503 0.4874009 0.5733759 0.5357276 0.4940918 0.0353682 0.0247881 0.0000000 0.0264229 0.0333507 0.0242506 0.0200691 0.0190245 0.0221280 0.0221286 0.0468357 0.1977418 0.1908166 0.1558319 0.2959680 0.3146880 0.3442130 0.3469558 0.3476053 0.3426432 0.3439487 0.3391809 0.4130012 0.4365534 0.4300815 0.3649595 0.3677465 0.3651286 0.5121746 0.8118382 0.9504031 0.9796811 1.8838606 
Monarchidae       0.5174129 0.5422917 0.4567518 0.4572458 0.4747382 0.4465507 0.4961614 0.5142939 0.4835342 0.4763035 0.4793719 0.4630970 0.4809169 0.4950968 0.4890882 0.5748014 0.5318235 0.4907615 0.0380729 0.0295681 0.0264229 0.0000000 0.0274422 0.0247966 0.0227146 0.0221847 0.0242539 0.0258298 0.0496188 0.1984443 0.1934718 0.1590170 0.3013937 0.3216260 0.3517566 0.3462199 0.3552807 0.3461735 0.3504034 0.3404230 0.4166935 0.4421610 0.4301898 0.3679975 0.3730895 0.3713345 0.5211616 0.8111833 0.9591919 0.9791917 1.9079737 
Malaconotidae     0.5150256 0.5474278 0.4575776 0.4544449 0.4755836 0.4481978 0.4997788 0.5168918 0.4811941 0.4780054 0.4783581 0.4678073 0.4904888 0.4976557 0.4861924 0.5781753 0.5434558 0.5003926 0.0473004 0.0375916 0.0333507 0.0274422 0.0000000 0.0338167 0.0295968 0.0301163 0.0327325 0.0337941 0.0579167 0.2052872 0.1988469 0.1628581 0.3086038 0.3224833 0.3582902 0.3541810 0.3603118 0.3520273 0.3554280 0.3436186 0.4135056 0.4401828 0.4380905 0.3705769 0.3708180 0.3676508 0.5273944 0.8108860 0.9722433 0.9949303 1.8852308 
Certhiidae        0.5040278 0.5352351 0.4506374 0.4503097 0.4685765 0.4405182 0.4881479 0.5075500 0.4763658 0.4656733 0.4684575 0.4552281 0.4794988 0.4894176 0.4844242 0.5745150 0.5366751 0.4933996 0.0358571 0.0263313 0.0242506 0.0247966 0.0338167 0.0000000 0.0143274 0.0169249 0.0195016 0.0205414 0.0456789 0.1993837 0.1896076 0.1562033 0.2984328 0.3135982 0.3485975 0.3475271 0.3501411 0.3460267 0.3473692 0.3371916 0.4129524 0.4357930 0.4296457 0.3633624 0.3661378 0.3635446 0.5113816 0.8123154 0.9635002 0.9833549 1.8885563 
Cinclidae         0.5109086 0.5388851 0.4498983 0.4495697 0.4694783 0.4413794 0.4899069 0.5080589 0.4770946 0.4720670 0.4712012 0.4597578 0.4814306 0.4924073 0.4886687 0.5712013 0.5315424 0.4932831 0.0316145 0.0216175 0.0200691 0.0227146 0.0295968 0.0143274 0.0000000 0.0127879 0.0153552 0.0163895 0.0418880 0.1921326 0.1865439 0.1538429 0.2936634 0.3079072 0.3385734 0.3399865 0.3433020 0.3377676 0.3456852 0.3393169 0.4118880 0.4362046 0.4300375 0.3608760 0.3669419 0.3643430 0.5101417 0.8052070 0.9547524 0.9806173 1.8925504 
Ploceidae         0.5045837 0.5371807 0.4463704 0.4478261 0.4668627 0.4398254 0.4887057 0.5066165 0.4764960 0.4656153 0.4694250 0.4569878 0.4808279 0.4859596 0.4812737 0.5578337 0.5246228 0.4856485 0.0310770 0.0216134 0.0190245 0.0221847 0.0301163 0.0169249 0.0127879 0.0000000 0.0107074 0.0158677 0.0424445 0.1894193 0.1838334 0.1506624 0.2927010 0.3094674 0.3419032 0.3401344 0.3368406 0.3386467 0.3399250 0.3327609 0.4052600 0.4341030 0.4271495 0.3615310 0.3626486 0.3633530 0.5089200 0.8010818 0.9546308 0.9773228 1.8880453 
Thraupidae        0.5064514 0.5393007 0.4475866 0.4482226 0.4654011 0.4402284 0.4877978 0.5048379 0.4731022 0.4649982 0.4677733 0.4555657 0.4754636 0.4817350 0.4806252 0.5663162 0.5249813 0.4860174 0.0336882 0.0242018 0.0221280 0.0242539 0.0327325 0.0195016 0.0153552 0.0107074 0.0000000 0.0174033 0.0450934 0.1924737 0.1875712 0.1523697 0.2929828 0.3103208 0.3422371 0.3404773 0.3437871 0.3389902 0.3410072 0.3371209 0.4110895 0.4353264 0.4274022 0.3627320 0.3662665 0.3645587 0.5099501 0.8071136 0.9550242 0.9746032 1.8905604 
Alaudidae         0.5064746 0.5382247 0.4448226 0.4472507 0.4662464 0.4374991 0.4857694 0.5038196 0.4698284 0.4705287 0.4632927 0.4555982 0.4781893 0.4880657 0.4848018 0.5661203 0.5317341 0.4935337 0.0347477 0.0252483 0.0221286 0.0258298 0.0337941 0.0205414 0.0163895 0.0158677 0.0174033 0.0000000 0.0450948 0.1944721 0.1902000 0.1554838 0.2982798 0.3154788 0.3474220 0.3417111 0.3485969 0.3399817 0.3443445 0.3356840 0.4085572 0.4370932 0.4291689 0.3636006 0.3656020 0.3654049 0.5077786 0.8110091 0.9482425 0.9676485 1.8732794 
Coraciiformes     0.4955268 0.5297647 0.4339487 0.4371429 0.4584903 0.4224644 0.4738057 0.4840539 0.4525001 0.4585242 0.4533198 0.4445329 0.4659150 0.4817488 0.4766967 0.5583900 0.5295410 0.4832358 0.0457633 0.0457244 0.0468357 0.0496188 0.0579167 0.0456789 0.0418880 0.0424445 0.0450934 0.0450948 0.0000000 0.1881885 0.1805764 0.1512848 0.2841564 0.3029481 0.3267857 0.3334133 0.3416906 0.3268756 0.3313032 0.3274707 0.4014077 0.4249506 0.4206393 0.3569538 0.3548985 0.3564009 0.5032128 0.7853678 0.9496522 0.9638843 1.8924442 
Crocodylidae      0.5286302 0.5642635 0.4872585 0.4903106 0.5235544 0.4742860 0.5208099 0.5343694 0.5087253 0.5085819 0.5136196 0.4980235 0.5358590 0.5427169 0.5239638 0.5839860 0.5438411 0.5038756 0.1967918 0.1935795 0.1977418 0.1984443 0.2052872 0.1993837 0.1921326 0.1894193 0.1924737 0.1944721 0.1881885 0.0000000 0.2188025 0.1971195 0.3363085 0.3588038 0.3743688 0.3791225 0.3927384 0.3918875 0.3754279 0.3879660 0.4507824 0.4859392 0.4774183 0.4088226 0.4054194 0.4102055 0.5530643 0.8393270 0.9745939 0.9853378 1.8873729 
Carettochelyidae  0.5181385 0.5593195 0.4712213 0.4772658 0.4924109 0.4595523 0.5117723 0.5366278 0.5048743 0.4967385 0.4909309 0.4805181 0.5141711 0.5156111 0.5137083 0.5716840 0.5323410 0.4978577 0.1908046 0.1919823 0.1908166 0.1934718 0.1988469 0.1896076 0.1865439 0.1838334 0.1875712 0.1902000 0.1805764 0.2188025 0.0000000 0.1243124 0.3143436 0.3361835 0.3535670 0.3559924 0.3540807 0.3638629 0.3586679 0.3550906 0.4382177 0.4498986 0.4436178 0.3837605 0.3734939 0.3715303 0.5343493 0.8294675 0.9380939 0.9524218 1.8381093 
Kinosternidae     0.4953555 0.5260756 0.4489476 0.4477853 0.4564964 0.4316456 0.4812016 0.4980804 0.4695479 0.4741701 0.4675610 0.4554595 0.4879357 0.4922985 0.4869522 0.5351412 0.5129044 0.4670617 0.1585218 0.1558511 0.1558319 0.1590170 0.1628581 0.1562033 0.1538429 0.1506624 0.1523697 0.1554838 0.1512848 0.1971195 0.1243124 0.0000000 0.2863288 0.3085640 0.3271571 0.3242718 0.3452840 0.3369959 0.3225437 0.3281455 0.4005431 0.4158112 0.4047264 0.3477816 0.3481065 0.3492335 0.5097447 0.8378193 0.9434594 0.9620079 1.8673511 
Anomalepididae    0.5730110 0.5852231 0.5424076 0.5427813 0.5455941 0.5025005 0.5540047 0.5622513 0.5432577 0.5456710 0.5401887 0.5264054 0.5542343 0.5843203 0.5447688 0.6117044 0.5931917 0.5615198 0.3008413 0.2993011 0.2959680 0.3013937 0.3086038 0.2984328 0.2936634 0.2927010 0.2929828 0.2982798 0.2841564 0.3363085 0.3143436 0.2863288 0.0000000 0.1989845 0.2353661 0.2571950 0.2930303 0.2984901 0.4280134 0.4185523 0.5051195 0.5214706 0.5178641 0.4552103 0.4501484 0.4425646 0.5984567 0.9056092 1.0227786 1.0443476 1.8834226 
Loxocemidae       0.6170223 0.6367129 0.5616986 0.5579147 0.5651430 0.5279185 0.5836378 0.6081825 0.5733769 0.5781927 0.5671798 0.5541168 0.5922325 0.6119033 0.5802619 0.6624795 0.6112494 0.5850343 0.3183693 0.3179020 0.3146880 0.3216260 0.3224833 0.3135982 0.3079072 0.3094674 0.3103208 0.3154788 0.3029481 0.3588038 0.3361835 0.3085640 0.1989845 0.0000000 0.1539416 0.2675383 0.2964515 0.3253556 0.4484321 0.4211381 0.5136018 0.5257059 0.5135718 0.4677338 0.4607681 0.4596878 0.6086801 0.9460773 1.0227716 1.0557951 1.9572086 
Natricidae        0.6335207 0.6670512 0.5992296 0.5941594 0.5989622 0.5594984 0.6036076 0.6320527 0.6001444 0.5945345 0.6128179 0.5939752 0.6229427 0.6537863 0.6100779 0.6777006 0.6671496 0.6206807 0.3416767 0.3468293 0.3442130 0.3517566 0.3582902 0.3485975 0.3385734 0.3419032 0.3422371 0.3474220 0.3267857 0.3743688 0.3535670 0.3271571 0.2353661 0.1539416 0.0000000 0.2994476 0.3309858 0.3634653 0.4804191 0.4632755 0.5567457 0.5661748 0.5538290 0.5048032 0.5076769 0.5036470 0.6394492 0.9589143 1.0729297 1.0775357 2.0203296 
Xenosauridae      0.6403284 0.6511887 0.5982931 0.5964031 0.5994701 0.5675419 0.6148279 0.6160014 0.5927707 0.6024532 0.6025347 0.5943043 0.6182487 0.6520521 0.6118515 0.6877490 0.6240528 0.5999783 0.3458035 0.3469954 0.3469558 0.3462199 0.3541810 0.3475271 0.3399865 0.3401344 0.3404773 0.3417111 0.3334133 0.3791225 0.3559924 0.3242718 0.2571950 0.2675383 0.2994476 0.0000000 0.3445107 0.3613746 0.4548599 0.4525139 0.5479357 0.5648220 0.5474057 0.4985387 0.5055658 0.4953498 0.6224656 0.9452496 1.0995181 1.0961038 2.0067329 
Teiidae           0.6283278 0.6609622 0.6140331 0.6142804 0.6091135 0.5810979 0.6112437 0.6451033 0.6149533 0.6046539 0.6203817 0.5854909 0.6160426 0.6379817 0.6236262 0.6797180 0.6788823 0.6266952 0.3532206 0.3528138 0.3476053 0.3552807 0.3603118 0.3501411 0.3433020 0.3368406 0.3437871 0.3485969 0.3416906 0.3927384 0.3540807 0.3452840 0.2930303 0.2964515 0.3309858 0.3445107 0.0000000 0.3780809 0.4941780 0.4889955 0.5701769 0.5891361 0.5756447 0.5268101 0.5266387 0.5280544 0.6688456 0.9350893 1.1013329 1.1146494 2.0203532 
Eublepharidae     0.6243312 0.6472282 0.5770059 0.5744806 0.5914294 0.5573106 0.5984595 0.6195738 0.5995066 0.6111942 0.5868213 0.5695274 0.6075753 0.6230409 0.5990640 0.6760288 0.6432960 0.6098883 0.3411080 0.3430466 0.3426432 0.3461735 0.3520273 0.3460267 0.3377676 0.3386467 0.3389902 0.3399817 0.3268756 0.3918875 0.3638629 0.3369959 0.2984901 0.3253556 0.3634653 0.3613746 0.3780809 0.0000000 0.4767532 0.4671038 0.5337028 0.5824707 0.5587141 0.4939125 0.4989685 0.5000977 0.6488348 0.9766421 1.0309647 1.0518489 1.9077367 
Dicamptodontidae  0.6015681 0.6023023 0.5305082 0.5329111 0.5367439 0.5099032 0.5761514 0.6025445 0.5565758 0.5542331 0.5471720 0.5402287 0.5826196 0.5938768 0.5686887 0.6329044 0.5785133 0.5489108 0.3441345 0.3450737 0.3439487 0.3504034 0.3554280 0.3473692 0.3456852 0.3399250 0.3410072 0.3443445 0.3313032 0.3754279 0.3586679 0.3225437 0.4280134 0.4484321 0.4804191 0.4548599 0.4941780 0.4767532 0.0000000 0.1955677 0.2772707 0.2880705 0.2864078 0.2302236 0.2329935 0.2365880 0.3880999 0.7990928 0.9500515 0.9586943 1.8743723 
Alytidae          0.5712559 0.5900021 0.5240064 0.5234697 0.5377724 0.5040205 0.5526016 0.5851692 0.5365065 0.5369911 0.5321635 0.5221609 0.5650337 0.5682998 0.5512912 0.6271928 0.5843911 0.5465368 0.3403650 0.3374908 0.3391809 0.3404230 0.3436186 0.3371916 0.3393169 0.3327609 0.3371209 0.3356840 0.3274707 0.3879660 0.3550906 0.3281455 0.4185523 0.4211381 0.4632755 0.4525139 0.4889955 0.4671038 0.1955677 0.0000000 0.2451448 0.2541935 0.2538746 0.1949267 0.1978395 0.1963327 0.3914113 0.8017233 0.9330774 0.9402581 1.8563203 
Heleophrynidae    0.6507978 0.6731387 0.5776357 0.5871942 0.6134615 0.5687680 0.6313022 0.6619302 0.6286985 0.6092020 0.5985316 0.5846851 0.6460604 0.6677187 0.6475053 0.7209143 0.6596846 0.6247872 0.4131003 0.4152253 0.4130012 0.4166935 0.4135056 0.4129524 0.4118880 0.4052600 0.4110895 0.4085572 0.4014077 0.4507824 0.4382177 0.4005431 0.5051195 0.5136018 0.5567457 0.5479357 0.5701769 0.5337028 0.2772707 0.2451448 0.0000000 0.2657389 0.2626289 0.2150316 0.2175645 0.2151210 0.4848857 0.8947500 1.0495011 1.0585650 1.9761637 
Leptodactylidae   0.6514405 0.6752985 0.6135349 0.6112981 0.6295110 0.5723944 0.6291715 0.6599187 0.6408908 0.6221583 0.6221723 0.5965937 0.6530582 0.6603684 0.6486983 0.7118677 0.6699813 0.6393752 0.4354470 0.4454548 0.4365534 0.4421610 0.4401828 0.4357930 0.4362046 0.4341030 0.4353264 0.4370932 0.4249506 0.4859392 0.4498986 0.4158112 0.5214706 0.5257059 0.5661748 0.5648220 0.5891361 0.5824707 0.2880705 0.2541935 0.2657389 0.0000000 0.1064638 0.2147306 0.2211652 0.2131969 0.4881582 0.8858895 1.0443291 1.0414878 1.9077596 
Strabomantidae    0.6650247 0.6654962 0.6018104 0.6078347 0.6250523 0.5751898 0.6261820 0.6634212 0.6315988 0.6232921 0.6262169 0.6089346 0.6552350 0.6637976 0.6550038 0.7241900 0.6773711 0.6304423 0.4284996 0.4357684 0.4300815 0.4301898 0.4380905 0.4296457 0.4300375 0.4271495 0.4274022 0.4291689 0.4206393 0.4774183 0.4436178 0.4047264 0.5178641 0.5135718 0.5538290 0.5474057 0.5756447 0.5587141 0.2864078 0.2538746 0.2626289 0.1064638 0.0000000 0.2114639 0.2132487 0.2159533 0.4924042 0.8643448 1.0390565 1.0276603 1.9920788 
Micrixalidae      0.5948737 0.6085464 0.5317651 0.5367934 0.5451097 0.5063916 0.5872183 0.6033578 0.5574323 0.5489065 0.5545494 0.5340657 0.5773222 0.5890571 0.5885114 0.6401223 0.5849242 0.5539730 0.3649440 0.3676118 0.3649595 0.3679975 0.3705769 0.3633624 0.3608760 0.3615310 0.3627320 0.3636006 0.3569538 0.4088226 0.3837605 0.3477816 0.4552103 0.4677338 0.5048032 0.4985387 0.5268101 0.4939125 0.2302236 0.1949267 0.2150316 0.2147306 0.2114639 0.0000000 0.1071491 0.1090559 0.4265440 0.7933437 0.9458115 0.9445576 1.9190678 
Hemisotidae       0.5815073 0.6048768 0.5306790 0.5388479 0.5543141 0.5194232 0.5660078 0.5914578 0.5531378 0.5608012 0.5498275 0.5269866 0.5761094 0.5906749 0.5778943 0.6435380 0.6020456 0.5718943 0.3653194 0.3712980 0.3677465 0.3730895 0.3708180 0.3661378 0.3669419 0.3626486 0.3662665 0.3656020 0.3548985 0.4054194 0.3734939 0.3481065 0.4501484 0.4607681 0.5076769 0.5055658 0.5266387 0.4989685 0.2329935 0.1978395 0.2175645 0.2211652 0.2132487 0.1071491 0.0000000 0.1016527 0.4318439 0.8280723 0.9680557 0.9647474 1.9200482 
Asterophryidae    0.5846801 0.6103096 0.5376207 0.5357905 0.5540278 0.5214117 0.5809369 0.5929014 0.5578301 0.5588936 0.5548310 0.5344359 0.5785573 0.5926304 0.5857876 0.6551410 0.6017913 0.5770204 0.3646384 0.3679004 0.3651286 0.3713345 0.3676508 0.3635446 0.3643430 0.3633530 0.3645587 0.3654049 0.3564009 0.4102055 0.3715303 0.3492335 0.4425646 0.4596878 0.5036470 0.4953498 0.5280544 0.5000977 0.2365880 0.1963327 0.2151210 0.2131969 0.2159533 0.1090559 0.1016527 0.0000000 0.4287888 0.8345474 0.9473824 0.9454892 1.8676737 
Caeciliidae2      0.7575643 0.7675922 0.6963659 0.6971670 0.7154884 0.6738281 0.7210888 0.7564696 0.7063112 0.7122737 0.6974117 0.6856481 0.7317481 0.7329100 0.7399965 0.8419389 0.7526857 0.7340994 0.5174784 0.5111000 0.5121746 0.5211616 0.5273944 0.5113816 0.5101417 0.5089200 0.5099501 0.5077786 0.5032128 0.5530643 0.5343493 0.5097447 0.5984567 0.6086801 0.6394492 0.6224656 0.6688456 0.6488348 0.3880999 0.3914113 0.4848857 0.4881582 0.4924042 0.4265440 0.4318439 0.4287888 0.0000000 0.9713745 1.1477856 1.1425369 2.0156658 
Polypteriformes   1.0505332 1.0867214 1.0036977 1.0037494 1.0147096 0.9895283 1.0113552 1.0446339 0.9959001 1.0146559 1.0216446 1.0028316 1.0118164 1.0970314 1.0532227 1.0763379 1.0389330 1.0100322 0.8042671 0.8117683 0.8118382 0.8111833 0.8108860 0.8123154 0.8052070 0.8010818 0.8071136 0.8110091 0.7853678 0.8393270 0.8294675 0.8378193 0.9056092 0.9460773 0.9589143 0.9452496 0.9350893 0.9766421 0.7990928 0.8017233 0.8947500 0.8858895 0.8643448 0.7933437 0.8280723 0.8345474 0.9713745 0.0000000 0.9876108 1.0087777 2.1326890 
Channichthyidae   1.1913681 1.2278803 1.0739123 1.0862280 1.1286750 1.0964616 1.1496824 1.2133138 1.1524911 1.1496085 1.1622743 1.1297666 1.1948924 1.1552212 1.1227765 1.2452042 1.2313943 1.1643714 0.9750485 0.9601020 0.9504031 0.9591919 0.9722433 0.9635002 0.9547524 0.9546308 0.9550242 0.9482425 0.9496522 0.9745939 0.9380939 0.9434594 1.0227786 1.0227716 1.0729297 1.0995181 1.1013329 1.0309647 0.9500515 0.9330774 1.0495011 1.0443291 1.0390565 0.9458115 0.9680557 0.9473824 1.1477856 0.9876108 0.0000000 0.1278147 2.2283793 
Pseudaphritidae   1.2285156 1.2125647 1.1021905 1.1060672 1.1464228 1.1121964 1.1684437 1.2091401 1.1664416 1.1757323 1.1737591 1.1392899 1.2219333 1.1700619 1.1536710 1.2719638 1.2345789 1.1963158 0.9999641 0.9806108 0.9796811 0.9791917 0.9949303 0.9833549 0.9806173 0.9773228 0.9746032 0.9676485 0.9638843 0.9853378 0.9524218 0.9620079 1.0443476 1.0557951 1.0775357 1.0961038 1.1146494 1.0518489 0.9586943 0.9402581 1.0585650 1.0414878 1.0276603 0.9445576 0.9647474 0.9454892 1.1425369 1.0087777 0.1278147 0.0000000 2.2957283 
Carcharhinidae    2.0067323 2.0666838 1.9211377 1.9296900 1.9881778 1.9920822 2.0393239 2.0371849 2.0093275 2.0060997 2.0260464 2.0195544 2.0695379 2.0631773 2.0674429 2.1031311 2.0702313 2.0448940 1.9035259 1.9029358 1.8838606 1.9079737 1.8852308 1.8885563 1.8925504 1.8880453 1.8905604 1.8732794 1.8924442 1.8873729 1.8381093 1.8673511 1.8834226 1.9572086 2.0203296 2.0067329 2.0203532 1.9077367 1.8743723 1.8563203 1.9761637 1.9077596 1.9920788 1.9190678 1.9200482 1.8676737 2.0156658 2.1326890 2.2283793 2.2957283 0.0000000 
