51
Pitheciidae       0.0000000 0.1160983 0.1574204 0.1519147 0.1399268 0.1601183 0.1275184 0.1328605 0.1333596 0.1497736 0.1513189 0.1526896 0.1415953 0.1592668 0.1617496 0.2658842 0.2840904 0.2654438 2.4779319 2.2628828 2.3129351 2.2592335 2.2539180 2.3486496 2.2680949 2.2836456 2.3277798 2.2723499 2.2887893 1.9773432 3.3464418 3.1376006 2.0990770 2.4148037 2.1376366 1.9299337 2.3493019 2.2500192 1.5026503 1.3206530 1.2584428 1.2052463 1.2164409 1.3284837 1.3905885 1.2649763 1.8787849 1.8097221 2.1384296 2.2562651 1.7587147 
Scandentia        0.1160983 0.0000000 0.1488802 0.1504747 0.1407274 0.1519166 0.1249459 0.1269617 0.1341409 0.1446934 0.1482859 0.1482300 0.1340045 0.1585438 0.1470672 0.2649250 0.2773115 0.2634882 2.4068610 2.1488421 2.2361413 2.1963865 2.1751700 2.2885591 2.2196157 2.2284481 2.2796979 2.2225474 2.2353524 1.9394697 3.2943471 3.1071849 2.0897949 2.4056245 2.0286802 1.8724593 2.3715467 2.1986169 1.4281132 1.2841934 1.2736091 1.2108175 1.2474537 1.3216553 1.3895883 1.2979055 1.8602719 1.7820125 2.1110030 2.2446104 1.6994143 
Erethizontidae    0.1574204 0.1488802 0.0000000 0.0698755 0.1631914 0.1803235 0.1584663 0.1640350 0.1730004 0.1754950 0.1757486 0.1899430 0.1690140 0.1864043 0.1945729 0.3001564 0.3009748 0.2953593 2.4250115 2.2425601 2.2912570 2.2486118 2.2717258 2.3290820 2.2766714 2.2368060 2.3052287 2.2711398 2.3045789 1.9913103 3.4849111 3.2236073 2.1266592 2.4977419 2.1559446 1.9443070 2.4106078 2.2634998 1.5209555 1.3163892 1.3201775 1.2439562 1.2821536 1.3688536 1.4176396 1.3036218 1.8722338 1.8395417 2.1637980 2.2953456 1.7752016 
Capromyidae       0.1519147 0.1504747 0.0698755 0.0000000 0.1639680 0.1885081 0.1564199 0.1595521 0.1706352 0.1718405 0.1791192 0.1945987 0.1669436 0.1891999 0.1896509 0.3041386 0.2972165 0.2944391 2.4754469 2.2601833 2.3405382 2.2826089 2.3112904 2.3611226 2.3270035 2.2789933 2.3435713 2.3069279 2.3148279 1.9675826 3.4967866 3.2555996 2.1313441 2.5242180 2.1354127 1.9469011 2.4216850 2.2604896 1.5105715 1.3368121 1.3009726 1.2529395 1.2759308 1.3766324 1.4060406 1.3238994 1.8752264 1.7927303 2.1617222 2.2856925 1.7939863 
Muridae           0.1399268 0.1407274 0.1631914 0.1639680 0.0000000 0.1598304 0.1481511 0.1506513 0.1533907 0.1657744 0.1739548 0.1803142 0.1501744 0.1708467 0.1768048 0.2858363 0.2889609 0.2894069 2.3890220 2.2578535 2.3085812 2.2557799 2.2616017 2.3574926 2.2970130 2.2935681 2.3398028 2.2953903 2.3095898 2.0001182 3.2510309 3.1663057 2.1574757 2.4070549 2.0719158 1.9317750 2.4141047 2.2746166 1.4953616 1.3087607 1.3014409 1.2637327 1.2716958 1.3750091 1.4551966 1.3186245 1.8237351 1.7876300 2.0972998 2.2184309 1.7347718 
Castoridae        0.1601183 0.1519166 0.1803235 0.1885081 0.1598304 0.0000000 0.1675394 0.1634462 0.1762581 0.1833459 0.1925432 0.1956329 0.1748006 0.1828231 0.1939541 0.3193971 0.3224472 0.3158404 2.4585047 2.2787961 2.3431617 2.3138482 2.2815019 2.3950884 2.2999960 2.3242237 2.3625459 2.3008845 2.3372204 2.0213272 3.4535736 3.2139139 2.1679340 2.4294075 2.1372119 1.9437842 2.4133538 2.2966874 1.4921944 1.3569722 1.2917419 1.2759746 1.2979940 1.3781547 1.4358493 1.3508766 1.8689691 1.8546478 2.2230851 2.3430852 1.7573447 
Suidae            0.1275184 0.1249459 0.1584663 0.1564199 0.1481511 0.1675394 0.0000000 0.0793559 0.0889050 0.1240820 0.1335029 0.1318994 0.1284199 0.1504881 0.1506020 0.2631007 0.2700033 0.2542098 2.4685568 2.2190625 2.2936673 2.2396367 2.2284708 2.3278468 2.2477107 2.2624101 2.3073399 2.2621215 2.3200579 1.9559713 3.3775351 3.0882909 2.1704346 2.4522274 2.1316533 1.9606846 2.3985099 2.2103381 1.4780434 1.3084571 1.2682619 1.2409555 1.2400631 1.3348554 1.3983324 1.2888077 1.8733782 1.8056690 2.0848274 2.2408886 1.7582082 
Hippopotamidae    0.1328605 0.1269617 0.1640350 0.1595521 0.1506513 0.1634462 0.0793559 0.0000000 0.0732803 0.1325256 0.1427569 0.1346368 0.1254168 0.1445503 0.1497674 0.2715721 0.2748751 0.2580294 2.3984256 2.1908798 2.2698088 2.2083360 2.2090594 2.2906052 2.2137937 2.2382694 2.2868009 2.2357619 2.3056683 1.9694031 3.3451072 3.0774022 2.1621269 2.4740001 2.1108876 1.9215403 2.4073598 2.2128973 1.4501125 1.2884700 1.2698978 1.1979029 1.2086381 1.3047221 1.3596385 1.2434745 1.8807052 1.7906027 2.0775493 2.1858439 1.7192439 
Hyperoodontidae   0.1333596 0.1341409 0.1730004 0.1706352 0.1533907 0.1762581 0.0889050 0.0732803 0.0000000 0.1398688 0.1463604 0.1428820 0.1370539 0.1536393 0.1627662 0.2792634 0.2876539 0.2704963 2.4627438 2.2337625 2.3136891 2.2581094 2.2486949 2.3497002 2.2723443 2.2791175 2.3245173 2.2631049 2.3140699 1.9588399 3.3674301 3.0582259 2.1466910 2.5048024 2.1568482 1.9784340 2.4185500 2.3016201 1.4901814 1.3350772 1.3129660 1.2871668 1.2857885 1.3803525 1.4443510 1.3304740 1.9040348 1.8377026 2.0956172 2.2167693 1.7885511 
Vespertilionidae  0.1497736 0.1446934 0.1754950 0.1718405 0.1657744 0.1833459 0.1240820 0.1325256 0.1398688 0.0000000 0.0896253 0.1074329 0.1384139 0.1581618 0.1646604 0.2893108 0.2882836 0.2812181 2.3903840 2.1813272 2.2557837 2.2055025 2.1946281 2.2784410 2.2132236 2.2191969 2.2704818 2.2318189 2.2895714 1.9450746 3.2524935 3.0887357 2.1378400 2.4132799 2.0643206 1.9205871 2.4343737 2.2381618 1.5007098 1.3086875 1.2809542 1.2318143 1.2495362 1.3279289 1.4179013 1.2862041 1.8461528 1.7952776 2.0923499 2.2149131 1.7376886 
Furipteridae      0.1513189 0.1482859 0.1757486 0.1791192 0.1739548 0.1925432 0.1335029 0.1427569 0.1463604 0.0896253 0.0000000 0.1294662 0.1472291 0.1695337 0.1736263 0.2926087 0.2931584 0.2783370 2.3976128 2.2189673 2.2842598 2.2334491 2.2393808 2.3259572 2.2604221 2.2699051 2.3191450 2.2729027 2.3055964 1.9595711 3.2946742 3.1463829 2.1143195 2.4271780 2.1386935 1.9401533 2.3990271 2.2669098 1.5081715 1.3137522 1.3059315 1.2510269 1.2699315 1.3413153 1.4364324 1.3335668 1.8762506 1.7999291 2.1387585 2.2521291 1.7536932 
Rhinolophidae     0.1526896 0.1482300 0.1899430 0.1945987 0.1803142 0.1956329 0.1318994 0.1346368 0.1428820 0.1074329 0.1294662 0.0000000 0.1481279 0.1660899 0.1833035 0.2879502 0.2948812 0.2785979 2.4624152 2.2328115 2.3247728 2.2733026 2.2872418 2.3533393 2.2820552 2.2797614 2.3167194 2.2924876 2.3568947 2.0098722 3.4318978 3.1352187 2.1759679 2.5265961 2.1492882 2.0014363 2.4245815 2.2853469 1.4845819 1.3555243 1.2747043 1.2388429 1.2610558 1.3480696 1.4501161 1.3156321 1.9029581 1.8332241 2.1801025 2.3216365 1.7859823 
Viverridae        0.1415953 0.1340045 0.1690140 0.1669436 0.1501744 0.1748006 0.1284199 0.1254168 0.1370539 0.1384139 0.1472291 0.1481279 0.0000000 0.0868950 0.1596769 0.2768035 0.2782474 0.2738298 2.4849240 2.2369360 2.3203568 2.2693931 2.2737931 2.3417001 2.2750377 2.3031944 2.3502001 2.3039291 2.3397742 2.0008468 3.3779364 3.0874942 2.1507941 2.5191338 2.1357711 1.9738428 2.4154012 2.2362029 1.5135981 1.3545497 1.3288950 1.2693303 1.2737216 1.3898867 1.4498492 1.3413623 1.9334183 1.8234092 2.1870623 2.3266368 1.7772931 
Procyonidae       0.1592668 0.1585438 0.1864043 0.1891999 0.1708467 0.1828231 0.1504881 0.1445503 0.1536393 0.1581618 0.1695337 0.1660899 0.0868950 0.0000000 0.1822792 0.3012953 0.3042646 0.2940766 2.4526589 2.2121543 2.2769832 2.2288975 2.2278312 2.2967344 2.2330321 2.2560223 2.3212421 2.2593066 2.2767335 1.9898124 3.3561731 3.0118855 2.1433682 2.5472545 2.1377677 1.9969384 2.4171038 2.2367056 1.4937155 1.3526367 1.2879490 1.2615668 1.2710304 1.3678738 1.4119533 1.3145309 1.9554714 1.8577330 2.1746702 2.3109335 1.7305031 
Myrmecophagidae   0.1617496 0.1470672 0.1945729 0.1896509 0.1768048 0.1939541 0.1506020 0.1497674 0.1627662 0.1646604 0.1736263 0.1833035 0.1596769 0.1822792 0.0000000 0.2919386 0.2780659 0.2823385 2.4717517 2.2321419 2.3085635 2.2755311 2.2625720 2.3165233 2.3000459 2.2853224 2.3297932 2.2966859 2.3093911 1.9730576 3.2735678 3.1260667 2.0942081 2.4212956 2.0668206 1.9219800 2.3785655 2.2175252 1.4731233 1.3032636 1.2545222 1.2474306 1.2919946 1.3481887 1.4059437 1.3004091 1.8681886 1.7877412 2.1384661 2.2584382 1.7407192 
Caluromyidae      0.2658842 0.2649250 0.3001564 0.3041386 0.2858363 0.3193971 0.2631007 0.2715721 0.2792634 0.2893108 0.2926087 0.2879502 0.2768035 0.3012953 0.2919386 0.0000000 0.1176497 0.1074056 2.4327710 2.2267010 2.2991187 2.2890698 2.2791433 2.3367434 2.2744912 2.2579697 2.3377025 2.2552790 2.3052017 1.9270971 3.3876231 3.0980430 2.1018527 2.4443396 2.0582703 1.9332786 2.4728453 2.2197032 1.4905626 1.3560697 1.3009110 1.2754714 1.2863321 1.3249693 1.4192934 1.2724585 1.8762917 1.7893528 2.0486172 2.2077494 1.6938256 
Thylacomyidae     0.2840904 0.2773115 0.3009748 0.2972165 0.2889609 0.3224472 0.2700033 0.2748751 0.2876539 0.2882836 0.2931584 0.2948812 0.2782474 0.3042646 0.2780659 0.1176497 0.0000000 0.0834370 2.4285242 2.1780622 2.2577073 2.2750733 2.2594425 2.3029993 2.2910397 2.2113821 2.3198952 2.2520132 2.3030246 1.9571123 3.3890730 3.1157038 2.1233491 2.4269576 2.0243521 1.8995679 2.4420146 2.1964161 1.5226402 1.3488113 1.3142332 1.2840728 1.3263002 1.3621842 1.4412498 1.3152161 1.9057979 1.8120148 2.0690279 2.2420455 1.7149687 
Phalangeridae     0.2654438 0.2634882 0.2953593 0.2944391 0.2894069 0.3158404 0.2542098 0.2580294 0.2704963 0.2812181 0.2783370 0.2785979 0.2738298 0.2940766 0.2823385 0.1074056 0.0834370 0.0000000 2.4271462 2.1674121 2.2721073 2.2550877 2.2244022 2.2970175 2.2701982 2.2139346 2.3094148 2.2305253 2.2696219 1.9050404 3.3775656 3.0298379 2.0878151 2.4124891 2.0219159 1.9015963 2.4088786 2.1637984 1.4976168 1.3432160 1.2996548 1.2636589 1.3007805 1.3399331 1.4171569 1.2980991 1.8746055 1.7379858 2.0070472 2.1784158 1.6891104 
Tityridae         2.4779319 2.4068610 2.4250115 2.4754469 2.3890220 2.4585047 2.4685568 2.3984256 2.4627438 2.3903840 2.3976128 2.4624152 2.4849240 2.4526589 2.4717517 2.4327710 2.4285242 2.4271462 0.0000000 0.7481826 0.7357192 0.7909859 0.7733312 0.8061833 0.7510622 0.7586130 0.7973786 0.7211246 1.0801752 2.1537238 3.6211782 3.5002643 3.1614047 3.3655021 3.0805731 2.8158915 3.1217807 3.4288196 2.9155199 2.8343172 2.6014442 2.6752871 2.7592903 2.8180366 2.8815683 2.8078612 3.0553300 3.3546982 3.5647737 3.9327076 3.0823374 
Ptilonorhynchidae 2.2628828 2.1488421 2.2425601 2.2601833 2.2578535 2.2787961 2.2190625 2.1908798 2.2337625 2.1813272 2.2189673 2.2328115 2.2369360 2.2121543 2.2321419 2.2267010 2.1780622 2.1674121 0.7481826 0.0000000 0.4189011 0.4741751 0.4008747 0.4579770 0.4021851 0.4608389 0.4334906 0.4232440 0.9511080 2.0290692 3.5523743 3.5684416 3.0869287 3.4538654 3.1428439 2.7660031 3.0880143 3.1593685 2.6765883 2.4869918 2.4083353 2.3923962 2.5106961 2.5407037 2.6102817 2.4020706 2.9040402 3.1528530 3.5664045 3.7809473 2.9324317 
Callaeatidae      2.3129351 2.2361413 2.2912570 2.3405382 2.3085812 2.3431617 2.2936673 2.2698088 2.3136891 2.2557837 2.2842598 2.3247728 2.3203568 2.2769832 2.3085635 2.2991187 2.2577073 2.2721073 0.7357192 0.4189011 0.0000000 0.3560366 0.3114125 0.3315673 0.2664562 0.3195486 0.3384187 0.2997278 0.9575517 2.0404182 3.5281733 3.4122425 3.0850733 3.3889026 3.1049722 2.8013921 3.0288309 3.3213688 2.8100270 2.6379304 2.4757967 2.5251282 2.6536023 2.6198276 2.7212488 2.5605668 3.0548639 3.2939705 3.4085083 3.6339685 3.0281047 
Monarchidae       2.2592335 2.1963865 2.2486118 2.2826089 2.2557799 2.3138482 2.2396367 2.2083360 2.2581094 2.2055025 2.2334491 2.2733026 2.2693931 2.2288975 2.2755311 2.2890698 2.2750733 2.2550877 0.7909859 0.4741751 0.3560366 0.0000000 0.2589987 0.3845844 0.3302892 0.3701769 0.3625676 0.3492089 1.0237579 2.0349683 3.5530072 3.4341379 3.0466030 3.3664780 3.0467608 2.6657078 2.9031608 3.1992178 2.7988125 2.5419810 2.4058456 2.4320325 2.5524715 2.5277708 2.6289412 2.4122956 2.8384889 3.2510499 3.4729670 3.6816320 2.9900938 
Malaconotidae     2.2539180 2.1751700 2.2717258 2.3112904 2.2616017 2.2815019 2.2284708 2.2090594 2.2486949 2.1946281 2.2393808 2.2872418 2.2737931 2.2278312 2.2625720 2.2791433 2.2594425 2.2244022 0.7733312 0.4008747 0.3114125 0.2589987 0.0000000 0.3231365 0.2944196 0.3330422 0.3304977 0.2871799 0.9623801 1.9479732 3.6208944 3.3671224 3.0481897 3.3024929 3.0243176 2.7281184 3.1049823 3.3010208 2.7584656 2.5535353 2.3952116 2.4245817 2.5497117 2.4959306 2.6190853 2.4232737 2.8915678 3.2112360 3.4516420 3.6340897 3.0834974 
Certhiidae        2.3486496 2.2885591 2.3290820 2.3611226 2.3574926 2.3950884 2.3278468 2.2906052 2.3497002 2.2784410 2.3259572 2.3533393 2.3417001 2.2967344 2.3165233 2.3367434 2.3029993 2.2970175 0.8061833 0.4579770 0.3315673 0.3845844 0.3231365 0.0000000 0.2554959 0.2982017 0.3020416 0.2576456 1.0388849 2.0274496 3.4507568 3.4889465 3.0384413 3.4880410 3.1344810 2.8051132 3.0975053 3.3131972 2.8217332 2.6346722 2.4699699 2.5010116 2.6328585 2.6119990 2.7493016 2.5381985 3.0498104 3.2847556 3.5301414 3.7928159 3.0572500 
Cinclidae         2.2680949 2.2196157 2.2766714 2.3270035 2.2970130 2.2999960 2.2477107 2.2137937 2.2723443 2.2132236 2.2604221 2.2820552 2.2750377 2.2330321 2.3000459 2.2744912 2.2910397 2.2701982 0.7510622 0.4021851 0.2664562 0.3302892 0.2944196 0.2554959 0.0000000 0.2670623 0.2704254 0.2336410 0.9895903 2.1065856 3.6446933 3.5452307 3.0121106 3.4987845 3.2258668 2.8863655 3.1845467 3.4092789 2.8426614 2.6815563 2.4911007 2.5727444 2.6894526 2.6317008 2.7712479 2.5416028 3.1731415 3.3773496 3.5872212 3.8812766 3.0082626 
Ploceidae         2.2836456 2.2284481 2.2368060 2.2789933 2.2935681 2.3242237 2.2624101 2.2382694 2.2791175 2.2191969 2.2699051 2.2797614 2.3031944 2.2560223 2.2853224 2.2579697 2.2113821 2.2139346 0.7586130 0.4608389 0.3195486 0.3701769 0.3330422 0.2982017 0.2670623 0.0000000 0.1844253 0.2730028 0.9855311 2.0030548 3.3424283 3.3792204 2.9632757 3.3356894 3.0370709 2.7398187 2.8975442 3.2719811 2.7485225 2.6257207 2.4334208 2.4860078 2.5984118 2.5755328 2.6780383 2.4635858 2.9365547 3.1813023 3.3744180 3.6686669 2.9804873 
Thraupidae        2.3277798 2.2796979 2.3052287 2.3435713 2.3398028 2.3625459 2.3073399 2.2868009 2.3245173 2.2704818 2.3191450 2.3167194 2.3502001 2.3212421 2.3297932 2.3377025 2.3198952 2.3094148 0.7973786 0.4334906 0.3384187 0.3625676 0.3304977 0.3020416 0.2704254 0.1844253 0.0000000 0.2569590 1.0159090 2.0621331 3.4062864 3.5558770 3.0022454 3.4420535 3.0949306 2.7725960 2.9857330 3.3336411 2.8212842 2.6898560 2.4670434 2.5289887 2.6471221 2.6411371 2.7497249 2.5644206 3.0269316 3.2625394 3.5292884 3.8162504 3.0357038 
Alaudidae         2.2723499 2.2225474 2.2711398 2.3069279 2.2953903 2.3008845 2.2621215 2.2357619 2.2631049 2.2318189 2.2729027 2.2924876 2.3039291 2.2593066 2.2966859 2.2552790 2.2520132 2.2305253 0.7211246 0.4232440 0.2997278 0.3492089 0.2871799 0.2576456 0.2336410 0.2730028 0.2569590 0.0000000 0.9889099 2.0497152 3.3424295 3.4649454 2.9860494 3.3998637 3.0757853 2.7903702 3.0578978 3.2912008 2.8513809 2.6702633 2.4471489 2.5015177 2.6160048 2.6093477 2.7080601 2.4970694 2.9932647 3.2411966 3.5526918 3.8424889 3.0208772 
Coraciiformes     2.2887893 2.2353524 2.3045789 2.3148279 2.3095898 2.3372204 2.3200579 2.3056683 2.3140699 2.2895714 2.3055964 2.3568947 2.3397742 2.2767335 2.3093911 2.3052017 2.3030246 2.2696219 1.0801752 0.9511080 0.9575517 1.0237579 0.9623801 1.0388849 0.9895903 0.9855311 1.0159090 0.9889099 0.0000000 2.2340394 3.7062542 3.4668866 2.9997878 3.4203410 3.1535396 2.7704824 3.0195889 3.3331008 2.9456879 2.7403377 2.4868535 2.5090946 2.5977721 2.5906360 2.5990906 2.5247701 2.8634050 3.2020399 3.3772591 3.7184589 3.0172738 
Crocodylidae      1.9773432 1.9394697 1.9913103 1.9675826 2.0001182 2.0213272 1.9559713 1.9694031 1.9588399 1.9450746 1.9595711 2.0098722 2.0008468 1.9898124 1.9730576 1.9270971 1.9571123 1.9050404 2.1537238 2.0290692 2.0404182 2.0349683 1.9479732 2.0274496 2.1065856 2.0030548 2.0621331 2.0497152 2.2340394 0.0000000 3.2504170 3.1193300 2.7410847 3.0654130 2.5907354 2.3374885 2.9558216 2.9329658 2.3913037 2.3038275 2.1236819 2.1774528 2.2467530 2.3361185 2.4443510 2.2680180 2.7364085 2.7198659 3.0425015 3.2601618 2.7760835 
Carettochelyidae  3.3464418 3.2943471 3.4849111 3.4967866 3.2510309 3.4535736 3.3775351 3.3451072 3.3674301 3.2524935 3.2946742 3.4318978 3.3779364 3.3561731 3.2735678 3.3876231 3.3890730 3.3775656 3.6211782 3.5523743 3.5281733 3.5530072 3.6208944 3.4507568 3.6446933 3.3424283 3.4062864 3.3424295 3.7062542 3.2504170 0.0000000 3.8692486 3.9468444 4.3149958 3.9195640 3.7669556 4.6749405 4.0246174 3.7415646 3.8553402 3.4073959 3.5062454 3.5531359 3.5177825 3.5513605 3.5302158 4.1537830 4.2707301 4.5032215 4.5030389 4.1960370 
Kinosternidae     3.1376006 3.1071849 3.2236073 3.2555996 3.1663057 3.2139139 3.0882909 3.0774022 3.0582259 3.0887357 3.1463829 3.1352187 3.0874942 3.0118855 3.1260667 3.0980430 3.1157038 3.0298379 3.5002643 3.5684416 3.4122425 3.4341379 3.3671224 3.4889465 3.5452307 3.3792204 3.5558770 3.4649454 3.4668866 3.1193300 3.8692486 0.0000000 3.9117320 4.1572097 3.6382995 3.3690564 4.1872934 4.2133641 3.4985491 3.6495642 3.3774195 3.4326045 3.3911231 3.3587011 3.5213182 3.3897407 4.1168518 4.0327466 4.1278577 4.3974076 3.9899082 
Anomalepididae    2.0990770 2.0897949 2.1266592 2.1313441 2.1574757 2.1679340 2.1704346 2.1621269 2.1466910 2.1378400 2.1143195 2.1759679 2.1507941 2.1433682 2.0942081 2.1018527 2.1233491 2.0878151 3.1614047 3.0869287 3.0850733 3.0466030 3.0481897 3.0384413 3.0121106 2.9632757 3.0022454 2.9860494 2.9997878 2.7410847 3.9468444 3.9117320 0.0000000 2.0305458 1.6045993 1.4148448 1.9797895 2.1574802 2.6147461 2.4050029 2.4636694 2.3326119 2.3355913 2.6013402 2.4874475 2.5434583 3.1543865 2.9798515 3.5433312 3.7068721 2.9733327 
Loxocemidae       2.4148037 2.4056245 2.4977419 2.5242180 2.4070549 2.4294075 2.4522274 2.4740001 2.5048024 2.4132799 2.4271780 2.5265961 2.5191338 2.5472545 2.4212956 2.4443396 2.4269576 2.4124891 3.3655021 3.4538654 3.3889026 3.3664780 3.3024929 3.4880410 3.4987845 3.3356894 3.4420535 3.3998637 3.4203410 3.0654130 4.3149958 4.1572097 2.0305458 0.0000000 1.2199231 1.7347243 2.4411181 2.6097946 2.9543048 2.6519215 2.4624030 2.5528074 2.6203007 2.6668085 2.6800787 2.5832156 3.2948576 3.0961860 3.7305194 3.7546660 3.2802531 
Natricidae        2.1376366 2.0286802 2.1559446 2.1354127 2.0719158 2.1372119 2.1316533 2.1108876 2.1568482 2.0643206 2.1386935 2.1492882 2.1357711 2.1377677 2.0668206 2.0582703 2.0243521 2.0219159 3.0805731 3.1428439 3.1049722 3.0467608 3.0243176 3.1344810 3.2258668 3.0370709 3.0949306 3.0757853 3.1535396 2.5907354 3.9195640 3.6382995 1.6045993 1.2199231 0.0000000 1.4096645 1.9753142 2.2860833 2.5509184 2.3054095 2.2058380 2.2653426 2.2925526 2.3640358 2.3549606 2.3296565 3.1351252 2.6470630 3.1623942 3.2205349 2.8289839 
Xenosauridae      1.9299337 1.8724593 1.9443070 1.9469011 1.9317750 1.9437842 1.9606846 1.9215403 1.9784340 1.9205871 1.9401533 2.0014363 1.9738428 1.9969384 1.9219800 1.9332786 1.8995679 1.9015963 2.8158915 2.7660031 2.8013921 2.6657078 2.7281184 2.8051132 2.8863655 2.7398187 2.7725960 2.7903702 2.7704824 2.3374885 3.7669556 3.3690564 1.4148448 1.7347243 1.4096645 0.0000000 1.8988618 1.9944544 2.3658809 2.1733082 2.1607237 2.1373644 2.1682322 2.3067182 2.2832737 2.2161481 2.6851881 2.7357295 3.4083223 3.4083088 2.7255307 
Teiidae           2.3493019 2.3715467 2.4106078 2.4216850 2.4141047 2.4133538 2.3985099 2.4073598 2.4185500 2.4343737 2.3990271 2.4245815 2.4154012 2.4171038 2.3785655 2.4728453 2.4420146 2.4088786 3.1217807 3.0880143 3.0288309 2.9031608 3.1049823 3.0975053 3.1845467 2.8975442 2.9857330 3.0578978 3.0195889 2.9558216 4.6749405 4.1872934 1.9797895 2.4411181 1.9753142 1.8988618 0.0000000 2.2059710 2.7557666 2.5335559 2.4025806 2.5059937 2.5286561 2.5614076 2.5568475 2.4755468 3.2740494 3.1917671 3.5660827 3.7815621 3.1015001 
Eublepharidae     2.2500192 2.1986169 2.2634998 2.2604896 2.2746166 2.2966874 2.2103381 2.2128973 2.3016201 2.2381618 2.2669098 2.2853469 2.2362029 2.2367056 2.2175252 2.2197032 2.1964161 2.1637984 3.4288196 3.1593685 3.3213688 3.1992178 3.3010208 3.3131972 3.4092789 3.2719811 3.3336411 3.2912008 3.3331008 2.9329658 4.0246174 4.2133641 2.1574802 2.6097946 2.2860833 1.9944544 2.2059710 0.0000000 2.6099187 2.6293090 2.6374908 2.6143536 2.6780824 2.7306926 2.7973720 2.6889009 3.3990160 3.2098459 3.7280884 3.8538643 3.2804593 
Dicamptodontidae  1.5026503 1.4281132 1.5209555 1.5105715 1.4953616 1.4921944 1.4780434 1.4501125 1.4901814 1.5007098 1.5081715 1.4845819 1.5135981 1.4937155 1.4731233 1.4905626 1.5226402 1.4976168 2.9155199 2.6765883 2.8100270 2.7988125 2.7584656 2.8217332 2.8426614 2.7485225 2.8212842 2.8513809 2.9456879 2.3913037 3.7415646 3.4985491 2.6147461 2.9543048 2.5509184 2.3658809 2.7557666 2.6099187 0.0000000 1.1850617 1.1551337 1.1274127 1.2010031 1.1553626 1.3053470 1.1746088 2.0288636 2.2453260 2.4181459 2.5530190 2.0536172 
Alytidae          1.3206530 1.2841934 1.3163892 1.3368121 1.3087607 1.3569722 1.3084571 1.2884700 1.3350772 1.3086875 1.3137522 1.3555243 1.3545497 1.3526367 1.3032636 1.3560697 1.3488113 1.3432160 2.8343172 2.4869918 2.6379304 2.5419810 2.5535353 2.6346722 2.6815563 2.6257207 2.6898560 2.6702633 2.7403377 2.3038275 3.8553402 3.6495642 2.4050029 2.6519215 2.3054095 2.1733082 2.5335559 2.6293090 1.1850617 0.0000000 0.7833730 0.8072417 0.8262421 0.8393635 0.9198437 0.7969418 1.8241381 1.8975575 2.1912436 2.2891847 1.8814485 
Heleophrynidae    1.2584428 1.2736091 1.3201775 1.3009726 1.3014409 1.2917419 1.2682619 1.2698978 1.3129660 1.2809542 1.3059315 1.2747043 1.3288950 1.2879490 1.2545222 1.3009110 1.3142332 1.2996548 2.6014442 2.4083353 2.4757967 2.4058456 2.3952116 2.4699699 2.4911007 2.4334208 2.4670434 2.4471489 2.4868535 2.1236819 3.4073959 3.3774195 2.4636694 2.4624030 2.2058380 2.1607237 2.4025806 2.6374908 1.1551337 0.7833730 0.0000000 0.4078103 0.4016975 0.4640192 0.5304741 0.4355794 1.6985284 1.8683621 2.1535467 2.2787807 1.8224424 
Leptodactylidae   1.2052463 1.2108175 1.2439562 1.2529395 1.2637327 1.2759746 1.2409555 1.1979029 1.2871668 1.2318143 1.2510269 1.2388429 1.2693303 1.2615668 1.2474306 1.2754714 1.2840728 1.2636589 2.6752871 2.3923962 2.5251282 2.4320325 2.4245817 2.5010116 2.5727444 2.4860078 2.5289887 2.5015177 2.5090946 2.1774528 3.5062454 3.4326045 2.3326119 2.5528074 2.2653426 2.1373644 2.5059937 2.6143536 1.1274127 0.8072417 0.4078103 0.0000000 0.1297574 0.4417659 0.4913135 0.4322427 1.5960618 1.9414332 2.2107110 2.3193603 1.7729615 
Strabomantidae    1.2164409 1.2474537 1.2821536 1.2759308 1.2716958 1.2979940 1.2400631 1.2086381 1.2857885 1.2495362 1.2699315 1.2610558 1.2737216 1.2710304 1.2919946 1.2863321 1.3263002 1.3007805 2.7592903 2.5106961 2.6536023 2.5524715 2.5497117 2.6328585 2.6894526 2.5984118 2.6471221 2.6160048 2.5977721 2.2467530 3.5531359 3.3911231 2.3355913 2.6203007 2.2925526 2.1682322 2.5286561 2.6780824 1.2010031 0.8262421 0.4016975 0.1297574 0.0000000 0.4573465 0.5170730 0.4408868 1.6548308 1.9651878 2.1419678 2.2536647 1.8574107 
Micrixalidae      1.3284837 1.3216553 1.3688536 1.3766324 1.3750091 1.3781547 1.3348554 1.3047221 1.3803525 1.3279289 1.3413153 1.3480696 1.3898867 1.3678738 1.3481887 1.3249693 1.3621842 1.3399331 2.8180366 2.5407037 2.6198276 2.5277708 2.4959306 2.6119990 2.6317008 2.5755328 2.6411371 2.6093477 2.5906360 2.3361185 3.5177825 3.3587011 2.6013402 2.6668085 2.3640358 2.3067182 2.5614076 2.7306926 1.1553626 0.8393635 0.4640192 0.4417659 0.4573465 0.0000000 0.4348090 0.3491193 1.6604550 1.9785843 2.1489084 2.2545818 1.8894327 
Hemisotidae       1.3905885 1.3895883 1.4176396 1.4060406 1.4551966 1.4358493 1.3983324 1.3596385 1.4443510 1.4179013 1.4364324 1.4501161 1.4498492 1.4119533 1.4059437 1.4192934 1.4412498 1.4171569 2.8815683 2.6102817 2.7212488 2.6289412 2.6190853 2.7493016 2.7712479 2.6780383 2.7497249 2.7080601 2.5990906 2.4443510 3.5513605 3.5213182 2.4874475 2.6800787 2.3549606 2.2832737 2.5568475 2.7973720 1.3053470 0.9198437 0.5304741 0.4913135 0.5170730 0.4348090 0.0000000 0.4037562 1.7895066 1.9552225 2.2364700 2.4113860 1.9469497 
Asterophryidae    1.2649763 1.2979055 1.3036218 1.3238994 1.3186245 1.3508766 1.2888077 1.2434745 1.3304740 1.2862041 1.3335668 1.3156321 1.3413623 1.3145309 1.3004091 1.2724585 1.3152161 1.2980991 2.8078612 2.4020706 2.5605668 2.4122956 2.4232737 2.5381985 2.5416028 2.4635858 2.5644206 2.4970694 2.5247701 2.2680180 3.5302158 3.3897407 2.5434583 2.5832156 2.3296565 2.2161481 2.4755468 2.6889009 1.1746088 0.7969418 0.4355794 0.4322427 0.4408868 0.3491193 0.4037562 0.0000000 1.6282347 1.9656592 2.1780291 2.2987352 1.8418586 
Caeciliidae2      1.8787849 1.8602719 1.8722338 1.8752264 1.8237351 1.8689691 1.8733782 1.8807052 1.9040348 1.8461528 1.8762506 1.9029581 1.9334183 1.9554714 1.8681886 1.8762917 1.9057979 1.8746055 3.0553300 2.9040402 3.0548639 2.8384889 2.8915678 3.0498104 3.1731415 2.9365547 3.0269316 2.9932647 2.8634050 2.7364085 4.1537830 4.1168518 3.1543865 3.2948576 3.1351252 2.6851881 3.2740494 3.3990160 2.0288636 1.8241381 1.6985284 1.5960618 1.6548308 1.6604550 1.7895066 1.6282347 0.0000000 2.4097330 2.8523618 3.0134986 2.3771302 
Polypteriformes   1.8097221 1.7820125 1.8395417 1.7927303 1.7876300 1.8546478 1.8056690 1.7906027 1.8377026 1.7952776 1.7999291 1.8332241 1.8234092 1.8577330 1.7877412 1.7893528 1.8120148 1.7379858 3.3546982 3.1528530 3.2939705 3.2510499 3.2112360 3.2847556 3.3773496 3.1813023 3.2625394 3.2411966 3.2020399 2.7198659 4.2707301 4.0327466 2.9798515 3.0961860 2.6470630 2.7357295 3.1917671 3.2098459 2.2453260 1.8975575 1.8683621 1.9414332 1.9651878 1.9785843 1.9552225 1.9656592 2.4097330 0.0000000 1.8279325 1.9426055 1.7028826 
Channichthyidae   2.1384296 2.1110030 2.1637980 2.1617222 2.0972998 2.2230851 2.0848274 2.0775493 2.0956172 2.0923499 2.1387585 2.1801025 2.1870623 2.1746702 2.1384661 2.0486172 2.0690279 2.0070472 3.5647737 3.5664045 3.4085083 3.4729670 3.4516420 3.5301414 3.5872212 3.3744180 3.5292884 3.5526918 3.3772591 3.0425015 4.5032215 4.1278577 3.5433312 3.7305194 3.1623942 3.4083223 3.5660827 3.7280884 2.4181459 2.1912436 2.1535467 2.2107110 2.1419678 2.1489084 2.2364700 2.1780291 2.8523618 1.8279325 0.0000000 0.3281015 2.1459413 
Pseudaphritidae   2.2562651 2.2446104 2.2953456 2.2856925 2.2184309 2.3430852 2.2408886 2.1858439 2.2167693 2.2149131 2.2521291 2.3216365 2.3266368 2.3109335 2.2584382 2.2077494 2.2420455 2.1784158 3.9327076 3.7809473 3.6339685 3.6816320 3.6340897 3.7928159 3.8812766 3.6686669 3.8162504 3.8424889 3.7184589 3.2601618 4.5030389 4.3974076 3.7068721 3.7546660 3.2205349 3.4083088 3.7815621 3.8538643 2.5530190 2.2891847 2.2787807 2.3193603 2.2536647 2.2545818 2.4113860 2.2987352 3.0134986 1.9426055 0.3281015 0.0000000 2.2704667 
Carcharhinidae    1.7587147 1.6994143 1.7752016 1.7939863 1.7347718 1.7573447 1.7582082 1.7192439 1.7885511 1.7376886 1.7536932 1.7859823 1.7772931 1.7305031 1.7407192 1.6938256 1.7149687 1.6891104 3.0823374 2.9324317 3.0281047 2.9900938 3.0834974 3.0572500 3.0082626 2.9804873 3.0357038 3.0208772 3.0172738 2.7760835 4.1960370 3.9899082 2.9733327 3.2802531 2.8289839 2.7255307 3.1015001 3.2804593 2.0536172 1.8814485 1.8224424 1.7729615 1.8574107 1.8894327 1.9469497 1.8418586 2.3771302 1.7028826 2.1459413 2.2704667 0.0000000 
