51
Pitheciidae       0.0000000 0.7626433 1.2783649 1.1955544 0.9010099 0.9473638 0.7898147 0.9546010 0.8985558 0.8410464 0.9143436 0.7910794 0.8299106 0.7719589 0.8078587 2.6020915 3.6095394 2.9473410 2.4932834 2.5367049 2.5037998 2.5375972 2.5334776 2.5528474 2.5170920 2.5297069 2.5545457 2.5806162 2.5829988 2.4845912 2.7318162 2.5499741 2.8636259 2.7892749 2.6147441 2.7200175 2.6936513 2.8163165 4.1552933 2.9094796 3.2794057 3.1819201 3.4825539 3.1989952 3.3299209 3.3267870 3.3201855 3.9100018 4.1975782 4.7901726 3.8124026 
Scandentia        0.7626433 0.0000000 1.3567858 1.2776703 0.9368299 0.9684666 0.8765989 1.0047811 0.9741806 0.9139979 0.9885596 0.7968398 0.8620481 0.8209216 0.8768084 2.5324506 3.2931157 2.7237996 2.4003402 2.4616565 2.3787006 2.3701375 2.3963035 2.4062428 2.4113720 2.4194379 2.4054778 2.4837611 2.4906683 2.4488825 2.6699819 2.6178200 2.6556439 2.6419817 2.4297974 2.7617385 2.6384768 2.7690688 4.6352260 3.0901571 3.4094890 3.3826286 3.5673579 3.2648994 3.7142899 3.5622241 3.3931966 3.9574615 4.8517669 4.8671629 3.6066444 
Erethizontidae    1.2783649 1.3567858 0.0000000 0.5773211 1.3075683 1.2712377 1.3264073 1.4379140 1.3974626 1.3338938 1.3968375 1.1771784 1.3500626 1.2606281 1.3087186 2.9573397 3.8958166 3.3487761 2.9293356 2.9238952 2.9389901 2.9151515 2.9217435 2.9114896 2.9143262 2.8305217 2.8559595 3.0306954 2.8976032 2.7368101 2.9819622 2.9414411 3.1637842 3.0042901 2.8280401 3.0488372 2.9940089 3.2334285 5.0702049 3.4774300 3.5130386 3.7637441 4.0995226 3.1699753 3.5810215 3.7360295 3.2358192 4.0964313 5.3651828 5.5796877 4.1616678 
Capromyidae       1.1955544 1.2776703 0.5773211 0.0000000 1.1728155 1.1875599 1.2760733 1.3435245 1.3124995 1.3044152 1.3380852 1.1206232 1.3510784 1.2105376 1.2723997 2.9494394 3.9084488 3.2693484 3.0580936 3.0312865 2.9655710 3.0532847 3.0265551 2.9757250 3.0195155 3.0095778 2.9670449 3.0867815 2.9355921 2.8235731 3.0451647 2.8388922 3.0359277 3.1476168 2.8036957 3.2199465 3.0363791 3.1319329 4.9644043 3.6750675 3.5177684 3.9237179 3.8310948 3.3936286 3.9563610 3.5453078 3.1441718 3.8438991 5.0992375 8.9999981 4.4304635 
Muridae           0.9010099 0.9368299 1.3075683 1.1728155 0.0000000 0.9085702 0.9747764 1.0883772 0.9992342 0.9625679 1.0205424 0.9071144 0.9405638 0.9195442 1.0403926 2.5646850 3.6789594 2.7357413 2.4242578 2.4247269 2.3891827 2.3985636 2.4305826 2.4018166 2.4100435 2.3700663 2.3954977 2.4280958 2.5078858 2.4609340 2.5137752 2.4615823 2.6042063 2.7394048 2.5439040 2.6437895 2.6461164 2.6943592 3.6784831 3.1293652 3.3410312 3.2104991 3.4467927 3.1250451 3.4750074 3.3558789 3.3081436 3.8297797 4.2455090 4.7476014 3.6128706 
Castoridae        0.9473638 0.9684666 1.2712377 1.1875599 0.9085702 0.0000000 0.9934225 1.1427424 1.0516429 1.0591750 1.0858107 0.9462563 0.9929671 0.9848810 1.0516719 2.5824579 3.3324409 2.8914291 2.5276508 2.5242374 2.4687198 2.5321719 2.5215934 2.5101418 2.5667447 2.5041444 2.5244581 2.5542094 2.5676431 2.4657328 2.6748079 2.5665267 2.6258705 2.6067373 2.5376421 2.8370596 2.4484755 2.7607311 3.9997626 3.3991679 3.5574732 3.6554597 3.6616554 3.0850490 3.4168672 3.3658089 3.5161289 3.7744100 3.8504338 4.6568244 3.6232348 
Suidae            0.7898147 0.8765989 1.3264073 1.2760733 0.9747764 0.9934225 0.0000000 0.6302358 0.5088302 0.7140310 0.8017092 0.6389712 0.7052795 0.6409788 0.8300780 2.5433096 3.0036278 3.0110651 2.3321404 2.2998562 2.3095505 2.2819622 2.2468527 2.2232015 2.3058118 2.2769708 2.2742613 2.2682295 2.2744669 2.4350990 2.5503245 2.3640044 2.6334887 2.4820165 2.4367042 2.4972280 2.5478487 2.5845827 4.2287695 2.9939553 3.0226471 3.1918380 3.2390151 2.9248485 3.1826396 2.9851568 3.1621160 4.3551599 3.9226819 4.8695898 3.6778807 
Hippopotamidae    0.9546010 1.0047811 1.4379140 1.3435245 1.0883772 1.1427424 0.6302358 0.0000000 0.5404444 0.8823969 0.9654313 0.7904813 0.8533912 0.8326387 0.9890515 2.5877944 2.9716243 3.1781099 2.2548245 2.2838869 2.2527970 2.2333863 2.2467129 2.2687591 2.3016394 2.2574898 2.2690867 2.2595461 2.2948965 2.3495525 2.4920877 2.3531225 2.7559740 2.7628137 2.5791971 2.7157290 2.8371581 2.7062109 4.6145092 3.1082529 2.9838941 3.1962444 3.3869104 3.0580802 3.4077521 3.3623033 3.3052383 4.0676550 5.2290545 5.4366484 3.8859653 
Hyperoodontidae   0.8985558 0.9741806 1.3974626 1.3124995 0.9992342 1.0516429 0.5088302 0.5404444 0.0000000 0.7902254 0.8942659 0.7340246 0.7909743 0.7699943 0.9254942 2.4629413 3.2177490 3.0840187 2.4229389 2.3871146 2.3468283 2.3595632 2.3487445 2.3886511 2.3871785 2.3979116 2.3893149 2.3708979 2.4000211 2.4114584 2.4687138 2.4014608 2.6654505 2.6819342 2.6321421 2.5797510 2.6095192 2.6885391 4.4952853 2.9346485 3.0287822 3.2447648 3.4096953 3.0588431 3.2199933 3.3296704 3.2658362 4.9439140 4.5213084 4.9485012 3.7575724 
Vespertilionidae  0.8410464 0.9139979 1.3338938 1.3044152 0.9625679 1.0591750 0.7140310 0.8823969 0.7902254 0.0000000 0.5774231 0.5084641 0.7582430 0.6761577 0.8677924 2.5000873 2.9370754 2.7005070 2.4592417 2.5064369 2.4164661 2.4123709 2.4506042 2.4632418 2.4472489 2.4887794 2.4933570 2.4557373 2.5066457 2.4929243 2.5832605 2.5240082 2.8765545 2.7146221 2.4923146 2.6467096 2.7811280 2.7255356 4.9952962 2.9417636 3.2168298 3.3364172 3.4741098 2.9257656 3.1726383 3.3729423 3.4116466 3.9201937 4.7986750 4.7615071 4.0925809 
Furipteridae      0.9143436 0.9885596 1.3968375 1.3380852 1.0205424 1.0858107 0.8017092 0.9654313 0.8942659 0.5774231 0.0000000 0.5811598 0.8566157 0.7868962 0.9529542 2.5129713 3.2213516 2.8454118 2.5219632 2.4402183 2.4380191 2.4145489 2.4092702 2.4399339 2.4856861 2.5096984 2.4523430 2.4444866 2.5979447 2.4849283 2.7137516 2.4973585 2.6113584 2.7179844 2.5682714 2.6643383 2.4925932 2.6588922 4.4886247 2.7832757 3.1856524 3.0213924 3.1480227 2.8110530 3.1456042 3.1468150 3.1850877 4.3214870 4.4870158 4.8147622 3.9792038 
Rhinolophidae     0.7910794 0.7968398 1.1771784 1.1206232 0.9071144 0.9462563 0.6389712 0.7904813 0.7340246 0.5084641 0.5811598 0.0000000 0.6775075 0.6106595 0.7680120 2.3595184 3.2097472 2.7940781 2.3287122 2.3979464 2.3087343 2.3249071 2.3346123 2.3441832 2.3864332 2.3322348 2.3193171 2.3657865 2.4007949 2.3601586 2.6254321 2.3506355 2.6468460 2.5146697 2.3632620 2.5684996 2.4861416 2.5013498 4.7244910 2.8274578 2.8901084 2.9993508 3.0954395 2.8466225 2.9823811 2.8972222 3.4478006 4.4474923 4.4228439 4.9865539 3.8059102 
Viverridae        0.8299106 0.8620481 1.3500626 1.3510784 0.9405638 0.9929671 0.7052795 0.8533912 0.7909743 0.7582430 0.8566157 0.6775075 0.0000000 0.3519079 0.8042796 2.5286497 3.1457898 2.7910505 2.2594226 2.2417608 2.2403941 2.2226144 2.2125810 2.2476842 2.3085928 2.2599224 2.3134133 2.2715746 2.2570313 2.2944009 2.4444978 2.3359996 2.6307105 2.6531934 2.5482204 2.6161405 2.5310282 2.5023602 4.6757235 2.9646562 2.9922648 3.1899358 3.4294206 3.1090361 3.0957355 3.1016736 3.6037768 4.1405582 4.5268905 4.4464785 3.4915191 
Procyonidae       0.7719589 0.8209216 1.2606281 1.2105376 0.9195442 0.9848810 0.6409788 0.8326387 0.7699943 0.6761577 0.7868962 0.6106595 0.3519079 0.0000000 0.8070935 2.3798202 2.9398055 2.8255376 2.2156110 2.2229517 2.1774392 2.1746309 2.2133259 2.1992128 2.2225692 2.2161968 2.2577227 2.2654714 2.2865173 2.2726945 2.4258175 2.2556450 2.4645392 2.5283426 2.3581308 2.4739850 2.4524191 2.4336547 4.6694376 2.6595119 2.8480277 3.0201874 3.1802592 2.7991107 2.7395753 2.8601232 3.1289220 3.6035176 4.2243113 4.5329519 3.9036466 
Myrmecophagidae   0.8078587 0.8768084 1.3087186 1.2723997 1.0403926 1.0516719 0.8300780 0.9890515 0.9254942 0.8677924 0.9529542 0.7680120 0.8042796 0.8070935 0.0000000 2.2483482 2.9562868 2.6851827 2.2639352 2.2354847 2.2085264 2.1858957 2.2260539 2.2157569 2.2658418 2.2212928 2.2328675 2.2544433 2.3175135 2.1752489 2.4784788 2.2850190 2.6812249 2.3660242 2.2615618 2.5631051 2.2922923 2.4247655 4.3615315 2.5211481 2.6198238 2.7969293 2.8696345 2.6176791 3.0295561 2.9337532 3.0746011 3.5348026 4.5456893 4.6152714 3.5378290 
Caluromyidae      2.6020915 2.5324506 2.9573397 2.9494394 2.5646850 2.5824579 2.5433096 2.5877944 2.4629413 2.5000873 2.5129713 2.3595184 2.5286497 2.3798202 2.2483482 0.0000000 1.7873045 1.5500878 2.8578082 2.8938092 2.8202671 2.7919586 2.8194544 2.9225417 2.8833293 2.8048428 2.9415922 2.9058994 2.8817840 3.1682702 3.3907108 3.1252086 3.6031400 3.3400696 3.0869303 3.1369249 3.2781950 3.1172558 4.2730922 3.7019080 3.7371849 3.3137731 3.3441506 3.7240228 3.9196494 3.6881876 4.4504217 4.3067669 7.4530259 6.2894922 4.6593719 
Thylacomyidae     3.6095394 3.2931157 3.8958166 3.9084488 3.6789594 3.3324409 3.0036278 2.9716243 3.2177490 2.9370754 3.2213516 3.2097472 3.1457898 2.9398055 2.9562868 1.7873045 0.0000000 1.7051309 3.5603593 3.6317665 3.4216122 3.4882086 3.4363875 3.4614783 3.4518547 3.4615072 3.6113469 3.4286611 3.6874496 4.0538544 4.1669431 4.1258106 4.0561631 4.0834675 4.1034363 4.0755105 3.7732824 3.7535512 4.1392445 4.1379706 4.1362505 4.3358912 3.9052810 3.9689806 4.5123554 4.8014778 4.5490615 4.7354258 8.9999990 6.6779325 4.9101376 
Phalangeridae     2.9473410 2.7237996 3.3487761 3.2693484 2.7357413 2.8914291 3.0110651 3.1781099 3.0840187 2.7005070 2.8454118 2.7940781 2.7910505 2.8255376 2.6851827 1.5500878 1.7051309 0.0000000 2.8970263 2.9298969 2.8983993 2.8371576 2.8989273 2.9316425 2.8040428 2.9513972 3.0371457 2.8855399 2.9174944 3.2531761 3.2097947 3.1760935 3.5416284 3.3886291 3.1952703 3.1282563 3.3204865 3.0447658 5.0260959 3.9108406 3.8944268 3.6010362 3.7189945 4.2078220 3.9648970 4.1311989 4.4171642 6.0515237 5.3046619 6.0535109 5.5952711 
Tityridae         2.4932834 2.4003402 2.9293356 3.0580936 2.4242578 2.5276508 2.3321404 2.2548245 2.4229389 2.4592417 2.5219632 2.3287122 2.2594226 2.2156110 2.2639352 2.8578082 3.5603593 2.8970263 0.0000000 0.1995896 0.1871723 0.1868667 0.1853692 0.1906371 0.1896973 0.2009496 0.2033799 0.2047607 0.3176268 0.7873338 0.9450228 0.9904413 1.4310671 1.3998943 1.2143773 1.5436240 1.3395864 1.3255118 3.5514268 1.9530383 1.9072469 2.1637565 1.9999491 1.9838131 2.2360908 2.1961086 2.4026997 2.6966713 3.1854391 3.4947537 3.1918009 
Ptilonorhynchidae 2.5367049 2.4616565 2.9238952 3.0312865 2.4247269 2.5242374 2.2998562 2.2838869 2.3871146 2.5064369 2.4402183 2.3979464 2.2417608 2.2229517 2.2354847 2.8938092 3.6317665 2.9298969 0.1995896 0.0000000 0.1225919 0.1182294 0.1169698 0.1217728 0.1202978 0.1296864 0.1363372 0.1296587 0.2945194 0.7543449 0.9328374 0.9481477 1.3992842 1.3159173 1.1540353 1.4710832 1.2972666 1.2697807 3.4762147 1.8627299 1.8385992 1.9894877 1.8598726 1.8830176 2.1143999 2.1487882 2.2636390 2.6331026 3.0263251 3.3615400 3.1091956 
Callaeatidae      2.5037998 2.3787006 2.9389901 2.9655710 2.3891827 2.4687198 2.3095505 2.2527970 2.3468283 2.4164661 2.4380191 2.3087343 2.2403941 2.1774392 2.2085264 2.8202671 3.4216122 2.8983993 0.1871723 0.1225919 0.0000000 0.0887601 0.0906153 0.0965253 0.0929850 0.1059053 0.1078347 0.1072059 0.2867238 0.7480883 0.8997938 0.9391424 1.3629885 1.3313978 1.1330948 1.4871056 1.3245619 1.2769606 3.3949689 1.9065500 1.8640327 2.0232629 1.8832566 1.9180535 2.1242235 2.1517215 2.3563620 2.6965403 3.1237456 3.6219940 3.1460478 
Monarchidae       2.5375972 2.3701375 2.9151515 3.0532847 2.3985636 2.5321719 2.2819622 2.2333863 2.3595632 2.4123709 2.4145489 2.3249071 2.2226144 2.1746309 2.1858957 2.7919586 3.4882086 2.8371576 0.1868667 0.1182294 0.0887601 0.0000000 0.0618021 0.0966359 0.0925829 0.1029386 0.1078841 0.1046617 0.2797106 0.7532133 0.9041969 0.9178846 1.3679048 1.3290424 1.1440765 1.4943811 1.3115350 1.2833728 3.5787223 1.8728015 1.8688379 2.0293177 1.8769422 1.9063955 2.1158341 2.1204960 2.3584791 2.6191385 3.0004412 3.4846083 3.2064294 
Malaconotidae     2.5334776 2.3963035 2.9217435 3.0265551 2.4305826 2.5215934 2.2468527 2.2467129 2.3487445 2.4506042 2.4092702 2.3346123 2.2125810 2.2133259 2.2260539 2.8194544 3.4363875 2.8989273 0.1853692 0.1169698 0.0906153 0.0618021 0.0000000 0.0944521 0.0929692 0.1027692 0.1092375 0.1004851 0.2805660 0.7557166 0.8948340 0.9373751 1.3587616 1.3242219 1.1309290 1.5046405 1.3087188 1.2574359 3.5024505 1.8845608 1.8464593 2.0244079 1.8808652 1.9207306 2.1140551 2.1158854 2.2946264 2.6403150 3.0861869 3.5366975 3.1421212 
Certhiidae        2.5528474 2.4062428 2.9114896 2.9757250 2.4018166 2.5101418 2.2232015 2.2687591 2.3886511 2.4632418 2.4399339 2.3441832 2.2476842 2.1992128 2.2157569 2.9225417 3.4614783 2.9316425 0.1906371 0.1217728 0.0965253 0.0966359 0.0944521 0.0000000 0.0772004 0.0884793 0.0928712 0.0937194 0.2886306 0.7527842 0.8844047 0.9492420 1.3840303 1.3233997 1.1472294 1.4908709 1.3525875 1.3087758 3.4567827 1.9233191 1.8519843 2.0191403 1.9224108 1.9160697 2.0892321 2.1645112 2.2884906 2.6791962 3.1124053 3.6320768 3.1943496 
Cinclidae         2.5170920 2.4113720 2.9143262 3.0195155 2.4100435 2.5667447 2.3058118 2.3016394 2.3871785 2.4472489 2.4856861 2.3864332 2.3085928 2.2225692 2.2658418 2.8833293 3.4518547 2.8040428 0.1896973 0.1202978 0.0929850 0.0925829 0.0929692 0.0772004 0.0000000 0.0849242 0.0893457 0.0916530 0.2897871 0.7522435 0.9086483 0.9421702 1.3765649 1.3480736 1.1729246 1.5120395 1.3467012 1.3053314 3.5409394 1.9004107 1.8726898 1.9960796 1.8971483 1.9110720 2.1498025 2.1823849 2.3431200 2.6792946 3.0846010 3.6526343 3.1256897 
Ploceidae         2.5297069 2.4194379 2.8305217 3.0095778 2.3700663 2.5041444 2.2769708 2.2574898 2.3979116 2.4887794 2.5096984 2.3322348 2.2599224 2.2161968 2.2212928 2.8048428 3.4615072 2.9513972 0.2009496 0.1296864 0.1059053 0.1029386 0.1027692 0.0884793 0.0849242 0.0000000 0.0603330 0.1015605 0.2995738 0.7649719 0.8984523 0.9504970 1.3780308 1.3210437 1.1472584 1.4782564 1.3215886 1.3044677 3.6304035 1.8870428 1.7793619 2.0088435 1.8937428 1.8629161 2.0911262 2.1250687 2.2789071 2.7068194 3.1323222 3.6437564 3.2511024 
Thraupidae        2.5545457 2.4054778 2.8559595 2.9670449 2.3954977 2.5244581 2.2742613 2.2690867 2.3893149 2.4933570 2.4523430 2.3193171 2.3134133 2.2577227 2.2328675 2.9415922 3.6113469 3.0371457 0.2033799 0.1363372 0.1078347 0.1078841 0.1092375 0.0928712 0.0893457 0.0603330 0.0000000 0.1055285 0.3050919 0.7762045 0.9268121 0.9635479 1.3914295 1.2982340 1.1388492 1.4626734 1.3355424 1.3156659 3.4145308 1.9309706 1.8353665 2.0411345 1.9099036 1.9053528 2.1185977 2.1481643 2.3252380 2.7463139 3.0777802 3.6316768 3.2670851 
Alaudidae         2.5806162 2.4837611 3.0306954 3.0867815 2.4280958 2.5542094 2.2682295 2.2595461 2.3708979 2.4557373 2.4444866 2.3657865 2.2715746 2.2654714 2.2544433 2.9058994 3.4286611 2.8855399 0.2047607 0.1296587 0.1072059 0.1046617 0.1004851 0.0937194 0.0916530 0.1015605 0.1055285 0.0000000 0.3059490 0.7563677 0.9085058 0.9422091 1.4193631 1.3322210 1.1520079 1.5345148 1.3389151 1.2961475 3.6714415 1.9598360 1.9045211 2.0726280 1.9482698 1.9344326 2.1353941 2.1384702 2.3239207 2.7042872 3.1396521 3.6246336 3.1971720 
Coraciiformes     2.5829988 2.4906683 2.8976032 2.9355921 2.5078858 2.5676431 2.2744669 2.2948965 2.4000211 2.5066457 2.5979447 2.4007949 2.2570313 2.2865173 2.3175135 2.8817840 3.6874496 2.9174944 0.3176268 0.2945194 0.2867238 0.2797106 0.2805660 0.2886306 0.2897871 0.2995738 0.3050919 0.3059490 0.0000000 0.8528507 0.9815311 1.0407390 1.4647575 1.3908976 1.2449021 1.5597648 1.4065043 1.3164114 3.7161380 2.1042919 1.9788017 2.1687010 2.0846568 2.0581619 2.3063833 2.2132484 2.3985377 2.8243802 3.0817258 3.6291732 3.5080262 
Crocodylidae      2.4845912 2.4488825 2.7368101 2.8235731 2.4609340 2.4657328 2.4350990 2.3495525 2.4114584 2.4929243 2.4849283 2.3601586 2.2944009 2.2726945 2.1752489 3.1682702 4.0538544 3.2531761 0.7873338 0.7543449 0.7480883 0.7532133 0.7557166 0.7527842 0.7522435 0.7649719 0.7762045 0.7563677 0.8528507 0.0000000 1.0551759 1.0289510 1.3951036 1.4249054 1.3063922 1.5261707 1.4187356 1.3263393 3.7492563 2.0804391 2.0236054 2.0607353 2.0601934 1.9939654 2.1508939 2.1737805 2.2519430 2.6402892 3.4153412 3.9293945 3.5251378 
Carettochelyidae  2.7318162 2.6699819 2.9819622 3.0451647 2.5137752 2.6748079 2.5503245 2.4920877 2.4687138 2.5832605 2.7137516 2.6254321 2.4444978 2.4258175 2.4784788 3.3907108 4.1669431 3.2097947 0.9450228 0.9328374 0.8997938 0.9041969 0.8948340 0.8844047 0.9086483 0.8984523 0.9268121 0.9085058 0.9815311 1.0551759 0.0000000 0.8240382 1.6880139 1.6274121 1.4451867 1.7267541 1.5875616 1.4595748 3.4357278 2.2278347 2.2729638 2.2619358 2.2252169 2.1724336 2.2280791 2.3555905 2.5778237 3.0176038 3.4491686 3.9207938 3.7137408 
Kinosternidae     2.5499741 2.6178200 2.9414411 2.8388922 2.4615823 2.5665267 2.3640044 2.3531225 2.4014608 2.5240082 2.4973585 2.3506355 2.3359996 2.2556450 2.2850190 3.1252086 4.1258106 3.1760935 0.9904413 0.9481477 0.9391424 0.9178846 0.9373751 0.9492420 0.9421702 0.9504970 0.9635479 0.9422091 1.0407390 1.0289510 0.8240382 0.0000000 1.6258102 1.5982834 1.3629126 1.7150406 1.4331671 1.4180362 3.6650250 2.1454709 2.0603617 2.1966379 2.1153428 2.1820545 2.3823245 2.3369544 2.5511197 2.8111196 3.3533414 3.7960480 3.9586008 
Anomalepididae    2.8636259 2.6556439 3.1637842 3.0359277 2.6042063 2.6258705 2.6334887 2.7559740 2.6654505 2.8765545 2.6113584 2.6468460 2.6307105 2.4645392 2.6812249 3.6031400 4.0561631 3.5416284 1.4310671 1.3992842 1.3629885 1.3679048 1.3587616 1.3840303 1.3765649 1.3780308 1.3914295 1.4193631 1.4647575 1.3951036 1.6880139 1.6258102 0.0000000 1.0426760 0.9252473 1.1439950 1.0274368 1.0945093 4.6616537 2.3234146 2.5137993 2.3397732 2.3136132 2.2544193 2.5481861 2.4330694 2.4442747 3.0033803 4.3187878 4.3480451 3.8194227 
Loxocemidae       2.7892749 2.6419817 3.0042901 3.1476168 2.7394048 2.6067373 2.4820165 2.7628137 2.6819342 2.7146221 2.7179844 2.5146697 2.6531934 2.5283426 2.3660242 3.3400696 4.0834675 3.3886291 1.3998943 1.3159173 1.3313978 1.3290424 1.3242219 1.3233997 1.3480736 1.3210437 1.2982340 1.3322210 1.3908976 1.4249054 1.6274121 1.5982834 1.0426760 0.0000000 0.4915442 1.1113926 0.9930372 1.0561908 3.8474640 2.2580705 2.1751418 2.2378761 2.2245439 2.1433939 2.3658463 2.2827504 2.4507161 2.8199778 3.7225838 4.2488284 4.4225709 
Natricidae        2.6147441 2.4297974 2.8280401 2.8036957 2.5439040 2.5376421 2.4367042 2.5791971 2.6321421 2.4923146 2.5682714 2.3632620 2.5482204 2.3581308 2.2615618 3.0869303 4.1034363 3.1952703 1.2143773 1.1540353 1.1330948 1.1440765 1.1309290 1.1472294 1.1729246 1.1472584 1.1388492 1.1520079 1.2449021 1.3063922 1.4451867 1.3629126 0.9252473 0.4915442 0.0000000 0.9590004 0.8655824 0.8541548 4.0033655 2.1222626 2.2251212 2.1607603 2.1292070 2.1228201 2.3028532 2.2560945 2.4280414 2.8156250 3.9701996 4.2131128 3.7629261 
Xenosauridae      2.7200175 2.7617385 3.0488372 3.2199465 2.6437895 2.8370596 2.4972280 2.7157290 2.5797510 2.6467096 2.6643383 2.5684996 2.6161405 2.4739850 2.5631051 3.1369249 4.0755105 3.1282563 1.5436240 1.4710832 1.4871056 1.4943811 1.5046405 1.4908709 1.5120395 1.4782564 1.4626734 1.5345148 1.5597648 1.5261707 1.7267541 1.7150406 1.1439950 1.1113926 0.9590004 0.0000000 1.1135126 1.0579167 3.9439498 2.3090366 2.3579700 2.3454622 2.3543482 2.3948164 2.5825001 2.5883617 2.7843755 3.2284790 3.9046319 4.6577371 4.5004285 
Teiidae           2.6936513 2.6384768 2.9940089 3.0363791 2.6461164 2.4484755 2.5478487 2.8371581 2.6095192 2.7811280 2.4925932 2.4861416 2.5310282 2.4524191 2.2922923 3.2781950 3.7732824 3.3204865 1.3395864 1.2972666 1.3245619 1.3115350 1.3087188 1.3525875 1.3467012 1.3215886 1.3355424 1.3389151 1.4065043 1.4187356 1.5875616 1.4331671 1.0274368 0.9930372 0.8655824 1.1135126 0.0000000 0.9444757 4.1889593 2.2734233 2.0923115 2.4055303 2.2800664 2.2424850 2.4832949 2.3803910 2.2908542 3.1734402 3.6755444 4.4531437 3.6636130 
Eublepharidae     2.8163165 2.7690688 3.2334285 3.1319329 2.6943592 2.7607311 2.5845827 2.7062109 2.6885391 2.7255356 2.6588922 2.5013498 2.5023602 2.4336547 2.4247655 3.1172558 3.7535512 3.0447658 1.3255118 1.2697807 1.2769606 1.2833728 1.2574359 1.3087758 1.3053314 1.3044677 1.3156659 1.2961475 1.3164114 1.3263393 1.4595748 1.4180362 1.0945093 1.0561908 0.8541548 1.0579167 0.9444757 0.0000000 4.3407738 2.1675085 2.0484145 2.2706418 2.1905991 2.1348789 2.1658200 2.2311341 2.3146337 2.9824523 4.1690351 4.1852884 3.5859010 
Dicamptodontidae  4.1552933 4.6352260 5.0702049 4.9644043 3.6784831 3.9997626 4.2287695 4.6145092 4.4952853 4.9952962 4.4886247 4.7244910 4.6757235 4.6694376 4.3615315 4.2730922 4.1392445 5.0260959 3.5514268 3.4762147 3.3949689 3.5787223 3.5024505 3.4567827 3.5409394 3.6304035 3.4145308 3.6714415 3.7161380 3.7492563 3.4357278 3.6650250 4.6616537 3.8474640 4.0033655 3.9439498 4.1889593 4.3407738 0.0000000 2.9847523 3.0245322 3.1670106 2.9464261 2.9134005 3.1785266 3.3847698 4.2722585 4.8016005 5.0187289 6.3667500 8.9999985 
Alytidae          2.9094796 3.0901571 3.4774300 3.6750675 3.1293652 3.3991679 2.9939553 3.1082529 2.9346485 2.9417636 2.7832757 2.8274578 2.9646562 2.6595119 2.5211481 3.7019080 4.1379706 3.9108406 1.9530383 1.8627299 1.9065500 1.8728015 1.8845608 1.9233191 1.9004107 1.8870428 1.9309706 1.9598360 2.1042919 2.0804391 2.2278347 2.1454709 2.3234146 2.2580705 2.1222626 2.3090366 2.2734233 2.1675085 2.9847523 0.0000000 1.1027508 1.1332431 1.1269292 1.0684996 1.1892215 1.2890021 1.9716824 3.0188702 3.6048551 3.6478940 3.4502155 
Heleophrynidae    3.2794057 3.4094890 3.5130386 3.5177684 3.3410312 3.5574732 3.0226471 2.9838941 3.0287822 3.2168298 3.1856524 2.8901084 2.9922648 2.8480277 2.6198238 3.7371849 4.1362505 3.8944268 1.9072469 1.8385992 1.8640327 1.8688379 1.8464593 1.8519843 1.8726898 1.7793619 1.8353665 1.9045211 1.9788017 2.0236054 2.2729638 2.0603617 2.5137993 2.1751418 2.2251212 2.3579700 2.0923115 2.0484145 3.0245322 1.1027508 0.0000000 0.8958235 0.8773620 0.8252518 1.0264789 1.0768077 1.8892910 2.7884285 3.7093509 3.7862001 3.8166152 
Leptodactylidae   3.1819201 3.3826286 3.7637441 3.9237179 3.2104991 3.6554597 3.1918380 3.1962444 3.2447648 3.3364172 3.0213924 2.9993508 3.1899358 3.0201874 2.7969293 3.3137731 4.3358912 3.6010362 2.1637565 1.9894877 2.0232629 2.0293177 2.0244079 2.0191403 1.9960796 2.0088435 2.0411345 2.0726280 2.1687010 2.0607353 2.2619358 2.1966379 2.3397732 2.2378761 2.1607603 2.3454622 2.4055303 2.2706418 3.1670106 1.1332431 0.8958235 0.0000000 0.2635852 0.7553011 0.9199714 0.9373994 2.1424600 2.9239242 3.7137869 3.5954560 3.6084383 
Strabomantidae    3.4825539 3.5673579 4.0995226 3.8310948 3.4467927 3.6616554 3.2390151 3.3869104 3.4096953 3.4741098 3.1480227 3.0954395 3.4294206 3.1802592 2.8696345 3.3441506 3.9052810 3.7189945 1.9999491 1.8598726 1.8832566 1.8769422 1.8808652 1.9224108 1.8971483 1.8937428 1.9099036 1.9482698 2.0846568 2.0601934 2.2252169 2.1153428 2.3136132 2.2245439 2.1292070 2.3543482 2.2800664 2.1905991 2.9464261 1.1269292 0.8773620 0.2635852 0.0000000 0.7383869 0.9263832 0.9520199 2.1451211 2.9286633 3.6057556 3.7504089 3.5204448 
Micrixalidae      3.1989952 3.2648994 3.1699753 3.3936286 3.1250451 3.0850490 2.9248485 3.0580802 3.0588431 2.9257656 2.8110530 2.8466225 3.1090361 2.7991107 2.6176791 3.7240228 3.9689806 4.2078220 1.9838131 1.8830176 1.9180535 1.9063955 1.9207306 1.9160697 1.9110720 1.8629161 1.9053528 1.9344326 2.0581619 1.9939654 2.1724336 2.1820545 2.2544193 2.1433939 2.1228201 2.3948164 2.2424850 2.1348789 2.9134005 1.0684996 0.8252518 0.7553011 0.7383869 0.0000000 0.7064583 0.6782278 1.9931696 2.6634478 3.6406503 3.8642201 3.7879453 
Hemisotidae       3.3299209 3.7142899 3.5810215 3.9563610 3.4750074 3.4168672 3.1826396 3.4077521 3.2199933 3.1726383 3.1456042 2.9823811 3.0957355 2.7395753 3.0295561 3.9196494 4.5123554 3.9648970 2.2360908 2.1143999 2.1242235 2.1158341 2.1140551 2.0892321 2.1498025 2.0911262 2.1185977 2.1353941 2.3063833 2.1508939 2.2280791 2.3823245 2.5481861 2.3658463 2.3028532 2.5825001 2.4832949 2.1658200 3.1785266 1.1892215 1.0264789 0.9199714 0.9263832 0.7064583 0.0000000 0.8901348 2.1713008 3.1349057 4.3290424 3.6256942 4.3954229 
Asterophryidae    3.3267870 3.5622241 3.7360295 3.5453078 3.3558789 3.3658089 2.9851568 3.3623033 3.3296704 3.3729423 3.1468150 2.8972222 3.1016736 2.8601232 2.9337532 3.6881876 4.8014778 4.1311989 2.1961086 2.1487882 2.1517215 2.1204960 2.1158854 2.1645112 2.1823849 2.1250687 2.1481643 2.1384702 2.2132484 2.1737805 2.3555905 2.3369544 2.4330694 2.2827504 2.2560945 2.5883617 2.3803910 2.2311341 3.3847698 1.2890021 1.0768077 0.9373994 0.9520199 0.6782278 0.8901348 0.0000000 2.2759722 3.0902716 4.1855258 4.3672696 4.1609681 
Caeciliidae2      3.3201855 3.3931966 3.2358192 3.1441718 3.3081436 3.5161289 3.1621160 3.3052383 3.2658362 3.4116466 3.1850877 3.4478006 3.6037768 3.1289220 3.0746011 4.4504217 4.5490615 4.4171642 2.4026997 2.2636390 2.3563620 2.3584791 2.2946264 2.2884906 2.3431200 2.2789071 2.3252380 2.3239207 2.3985377 2.2519430 2.5778237 2.5511197 2.4442747 2.4507161 2.4280414 2.7843755 2.2908542 2.3146337 4.2722585 1.9716824 1.8892910 2.1424600 2.1451211 1.9931696 2.1713008 2.2759722 0.0000000 3.2259310 3.5455774 4.1127044 3.6426707 
Polypteriformes   3.9100018 3.9574615 4.0964313 3.8438991 3.8297797 3.7744100 4.3551599 4.0676550 4.9439140 3.9201937 4.3214870 4.4474923 4.1405582 3.6035176 3.5348026 4.3067669 4.7354258 6.0515237 2.6966713 2.6331026 2.6965403 2.6191385 2.6403150 2.6791962 2.6792946 2.7068194 2.7463139 2.7042872 2.8243802 2.6402892 3.0176038 2.8111196 3.0033803 2.8199778 2.8156250 3.2284790 3.1734402 2.9824523 4.8016005 3.0188702 2.7884285 2.9239242 2.9286633 2.6634478 3.1349057 3.0902716 3.2259310 0.0000000 3.8596454 3.9262458 3.1185957 
Channichthyidae   4.1975782 4.8517669 5.3651828 5.0992375 4.2455090 3.8504338 3.9226819 5.2290545 4.5213084 4.7986750 4.4870158 4.4228439 4.5268905 4.2243113 4.5456893 7.4530259 8.9999990 5.3046619 3.1854391 3.0263251 3.1237456 3.0004412 3.0861869 3.1124053 3.0846010 3.1323222 3.0777802 3.1396521 3.0817258 3.4153412 3.4491686 3.3533414 4.3187878 3.7225838 3.9701996 3.9046319 3.6755444 4.1690351 5.0187289 3.6048551 3.7093509 3.7137869 3.6057556 3.6406503 4.3290424 4.1855258 3.5455774 3.8596454 0.0000000 1.0768522 4.2660821 
Pseudaphritidae   4.7901726 4.8671629 5.5796877 8.9999981 4.7476014 4.6568244 4.8695898 5.4366484 4.9485012 4.7615071 4.8147622 4.9865539 4.4464785 4.5329519 4.6152714 6.2894922 6.6779325 6.0535109 3.4947537 3.3615400 3.6219940 3.4846083 3.5366975 3.6320768 3.6526343 3.6437564 3.6316768 3.6246336 3.6291732 3.9293945 3.9207938 3.7960480 4.3480451 4.2488284 4.2131128 4.6577371 4.4531437 4.1852884 6.3667500 3.6478940 3.7862001 3.5954560 3.7504089 3.8642201 3.6256942 4.3672696 4.1127044 3.9262458 1.0768522 0.0000000 4.3173423 
Carcharhinidae    3.8124026 3.6066444 4.1616678 4.4304635 3.6128706 3.6232348 3.6778807 3.8859653 3.7575724 4.0925809 3.9792038 3.8059102 3.4915191 3.9036466 3.5378290 4.6593719 4.9101376 5.5952711 3.1918009 3.1091956 3.1460478 3.2064294 3.1421212 3.1943496 3.1256897 3.2511024 3.2670851 3.1971720 3.5080262 3.5251378 3.7137408 3.9586008 3.8194227 4.4225709 3.7629261 4.5004285 3.6636130 3.5859010 8.9999985 3.4502155 3.8166152 3.6084383 3.5204448 3.7879453 4.3954229 4.1609681 3.6426707 3.1185957 4.2660821 4.3173423 0.0000000 
