51
Pitheciidae       0.0000000 0.3903502 0.4515686 0.4130460 0.4138631 0.4220057 0.4438426 0.3953378 0.4586198 0.4067385 0.4086898 0.4069411 0.4467589 0.4625951 0.5031753 0.6702782 0.7135696 0.6779650 0.6975683 0.6757049 0.7064192 0.6928159 0.6894114 0.6858542 0.6961288 0.6974022 0.6875804 0.6927611 0.6684143 0.7955876 0.7609679 0.7434948 0.7470764 0.7753972 0.7238357 0.7827301 0.8036984 0.7711827 1.4771790 1.5186194 1.3430389 1.4592408 1.5164283 1.3957764 1.5995829 1.3305811 1.2099808 2.0202608 1.7770323 1.7025422 1.5164976 
Scandentia        0.3903502 0.0000000 0.3109734 0.2872994 0.3349637 0.3391310 0.3718701 0.3782528 0.3964091 0.3424037 0.3378517 0.3167168 0.3527843 0.3614778 0.3881388 0.6287668 0.6613687 0.6125237 0.6316162 0.6186989 0.6291034 0.6199472 0.6233319 0.6325688 0.6200912 0.6427655 0.6215299 0.6262262 0.6270130 0.6975586 0.6308287 0.6507067 0.6822463 0.7032525 0.6514453 0.7100766 0.7416818 0.7076191 1.3700000 1.2954403 1.2123105 1.3300352 1.3697151 1.2480696 1.4547392 1.2164298 0.9926492 1.8008789 1.5780282 1.4797496 1.3360664 
Erethizontidae    0.4515686 0.3109734 0.0000000 0.1019301 0.3006071 0.2977615 0.3321876 0.3615818 0.4207292 0.3264278 0.3251550 0.2698467 0.3252982 0.3274648 0.3782705 0.5866501 0.6101734 0.5913457 0.6065054 0.5986973 0.6088792 0.6186914 0.5952862 0.6123323 0.6028763 0.5986283 0.6014603 0.6123057 0.6055052 0.7110871 0.6215418 0.6589070 0.6436800 0.6496015 0.6559968 0.6886423 0.6663540 0.7018135 1.3511670 1.3755575 1.2926415 1.3400974 1.3656557 1.2543755 1.4600419 1.2047134 1.0541571 1.9729321 1.6637130 1.5548986 1.3978119 
Capromyidae       0.4130460 0.2872994 0.1019301 0.0000000 0.2744830 0.2691383 0.3015484 0.3094901 0.3613557 0.2998580 0.2853639 0.2391342 0.3012219 0.3052876 0.3657779 0.5923770 0.6188810 0.5977739 0.6114178 0.6009150 0.6109261 0.6065294 0.5975713 0.6204860 0.6050267 0.6132445 0.6036350 0.6081356 0.6015583 0.7096217 0.6287962 0.6659191 0.6569657 0.6677872 0.6755950 0.6961860 0.6831293 0.7003891 1.3754300 1.3824498 1.2671927 1.3093188 1.3285129 1.2604554 1.4743460 1.2625324 1.0563927 1.9194639 1.5925822 1.5008188 1.3724468 
Muridae           0.4138631 0.3349637 0.3006071 0.2744830 0.0000000 0.2809228 0.3467711 0.3387851 0.4058284 0.3447464 0.3445744 0.3244895 0.3735606 0.3704279 0.3946500 0.6247719 0.6539550 0.6544794 0.5960565 0.5858452 0.6125026 0.6052738 0.5963042 0.5929415 0.6020991 0.6024336 0.6068350 0.5868823 0.5913139 0.7084460 0.6371045 0.6628879 0.6401842 0.6544160 0.6389518 0.6480243 0.6479689 0.6396652 1.3405408 1.3221784 1.1601536 1.2387939 1.3234589 1.2003382 1.4480231 1.1921183 1.0412681 1.8714645 1.5748864 1.5134500 1.3423297 
Castoridae        0.4220057 0.3391310 0.2977615 0.2691383 0.2809228 0.0000000 0.3208630 0.3144501 0.3797672 0.3609903 0.3128984 0.3131207 0.3361239 0.3537696 0.4365939 0.6055944 0.6593045 0.6749327 0.5979225 0.6044361 0.6229128 0.6073249 0.6044164 0.6263814 0.6167681 0.6301189 0.6153178 0.6009639 0.6068104 0.6708014 0.6233238 0.6657150 0.5758691 0.6292850 0.6069710 0.6140460 0.6571185 0.6737999 1.4111921 1.3768254 1.2393301 1.3210816 1.3643023 1.2736265 1.4653550 1.1948604 1.0858441 1.9669031 1.7216055 1.5975264 1.3945447 
Suidae            0.4438426 0.3718701 0.3321876 0.3015484 0.3467711 0.3208630 0.0000000 0.2319414 0.3181049 0.3196605 0.3010690 0.2892618 0.3541891 0.3427838 0.4065463 0.5710185 0.6431130 0.6169792 0.6159327 0.6154338 0.6427680 0.6284851 0.6366927 0.6432066 0.6333653 0.6305020 0.6236392 0.6284361 0.6027267 0.7058001 0.6203722 0.6537316 0.6689629 0.6630662 0.6358457 0.6744046 0.6590411 0.6635131 1.4233644 1.4246225 1.3367234 1.4447971 1.4878889 1.3364973 1.6002144 1.2383483 1.1160493 2.0055848 1.6817746 1.5803487 1.4154417 
Hippopotamidae    0.3953378 0.3782528 0.3615818 0.3094901 0.3387851 0.3144501 0.2319414 0.0000000 0.2705575 0.3218367 0.2823128 0.2661036 0.3263940 0.3400408 0.4445258 0.6164393 0.6346926 0.6256245 0.6263979 0.6171495 0.6320291 0.6121696 0.6217012 0.6308039 0.6214028 0.6281944 0.6137852 0.6183501 0.6131477 0.7677185 0.6403378 0.6345945 0.6877344 0.6966374 0.6639872 0.6686795 0.7003130 0.6761038 1.3725352 1.3542329 1.2474011 1.3480534 1.3669266 1.2621921 1.5203664 1.2260937 1.0872830 1.9300860 1.6232927 1.5650307 1.3353048 
Hyperoodontidae   0.4586198 0.3964091 0.4207292 0.3613557 0.4058284 0.3797672 0.3181049 0.2705575 0.0000000 0.3822962 0.3569414 0.3447191 0.3962952 0.4043112 0.5089125 0.6952631 0.7253180 0.6843260 0.7052539 0.6972197 0.7086860 0.7004955 0.6972288 0.7070286 0.6888149 0.7100518 0.6955057 0.6987724 0.6625759 0.7588547 0.7047559 0.6665911 0.7269571 0.7394311 0.6766263 0.6964259 0.7197366 0.7546073 1.5223542 1.4029060 1.2813977 1.4489828 1.4696927 1.3142262 1.5483777 1.2591803 1.0885089 1.8434810 1.7074821 1.6303902 1.4184761 
Vespertilionidae  0.4067385 0.3424037 0.3264278 0.2998580 0.3447464 0.3609903 0.3196605 0.3218367 0.3822962 0.0000000 0.2130118 0.2203542 0.3567805 0.3338516 0.3949478 0.5951077 0.6305485 0.5566374 0.5898814 0.5907661 0.6109421 0.5918518 0.5951333 0.5858178 0.5887778 0.5906323 0.5814875 0.5994432 0.5715090 0.6807876 0.6153411 0.6309623 0.6488627 0.6729914 0.6415003 0.6891659 0.7239140 0.6654460 1.3358499 1.3530146 1.1886032 1.3065144 1.3331262 1.1989389 1.4521102 1.1734664 1.0438635 1.8789891 1.5876397 1.5008135 1.3544842 
Furipteridae      0.4086898 0.3378517 0.3251550 0.2853639 0.3445744 0.3128984 0.3010690 0.2823128 0.3569414 0.2130118 0.0000000 0.2187868 0.3269476 0.2993295 0.3938410 0.5786859 0.5982837 0.5622275 0.6310853 0.6308386 0.6473017 0.6428599 0.6337370 0.6365728 0.6412665 0.6436339 0.6336633 0.6320627 0.6463795 0.7200183 0.6487892 0.6548902 0.6597761 0.6921379 0.6797600 0.6778231 0.7537198 0.7180894 1.3678622 1.3244657 1.2497390 1.3138471 1.3530932 1.2567437 1.4948121 1.1986170 1.0647675 1.9075102 1.6216665 1.5570698 1.3250890 
Rhinolophidae     0.4069411 0.3167168 0.2698467 0.2391342 0.3244895 0.3131207 0.2892618 0.2661036 0.3447191 0.2203542 0.2187868 0.0000000 0.3049800 0.2784031 0.3777207 0.5644827 0.5719089 0.5550456 0.5768488 0.5655670 0.5853006 0.5783780 0.5698253 0.5902330 0.5753262 0.5710720 0.5622375 0.5723968 0.5832567 0.6657749 0.5764417 0.6233595 0.6195022 0.6680073 0.6267701 0.6159092 0.6349282 0.6331880 1.3507156 1.3258390 1.2073677 1.2780471 1.3091305 1.2210009 1.4519031 1.1439146 0.9641653 1.8811710 1.6000386 1.4961744 1.2734066 
Viverridae        0.4467589 0.3527843 0.3252982 0.3012219 0.3735606 0.3361239 0.3541891 0.3263940 0.3962952 0.3567805 0.3269476 0.3049800 0.0000000 0.1828652 0.4099820 0.6152740 0.6120269 0.6004806 0.6253198 0.6234237 0.6276822 0.6444734 0.6216782 0.6426509 0.6261400 0.6200892 0.6246387 0.6246877 0.6035210 0.7145209 0.6434672 0.6480288 0.6488318 0.7024599 0.6386184 0.6456977 0.6960132 0.6361072 1.4000853 1.4131718 1.2788207 1.4105227 1.4219318 1.3394944 1.5157241 1.2644963 1.0791540 2.0047523 1.6949971 1.6222730 1.4335891 
Procyonidae       0.4625951 0.3614778 0.3274648 0.3052876 0.3704279 0.3537696 0.3427838 0.3400408 0.4043112 0.3338516 0.2993295 0.2784031 0.1828652 0.0000000 0.4183559 0.6158908 0.6421014 0.5881369 0.6263492 0.6308750 0.6333780 0.6322085 0.6356124 0.6468266 0.6288357 0.6425546 0.6209113 0.6239309 0.6110051 0.7249748 0.6181492 0.6501581 0.6669539 0.6729269 0.6496200 0.6690578 0.7419911 0.6738407 1.4267370 1.4292801 1.3222965 1.4638906 1.4680683 1.3778590 1.5570548 1.2696400 1.1020590 2.0492427 1.7008384 1.6463873 1.4590204 
Myrmecophagidae   0.5031753 0.3881388 0.3782705 0.3657779 0.3946500 0.4365939 0.4065463 0.4445258 0.5089125 0.3949478 0.3938410 0.3777207 0.4099820 0.4183559 0.0000000 0.5980629 0.6027575 0.6147784 0.6294288 0.6120815 0.6304028 0.6292947 0.6183430 0.6274837 0.6288933 0.6311798 0.6228673 0.6211958 0.5992891 0.7133040 0.6569243 0.6656862 0.7097319 0.6948367 0.6884410 0.7398227 0.7696819 0.7123423 1.4400004 1.4575028 1.2596077 1.4456992 1.4784481 1.3551126 1.5474300 1.3356974 1.0927175 1.9546029 1.7106925 1.6459606 1.3832160 
Caluromyidae      0.6702782 0.6287668 0.5866501 0.5923770 0.6247719 0.6055944 0.5710185 0.6164393 0.6952631 0.5951077 0.5786859 0.5644827 0.6152740 0.6158908 0.5980629 0.0000000 0.2489385 0.2850992 0.6187741 0.6113809 0.6278172 0.6187906 0.6203740 0.6204203 0.6263023 0.6097742 0.6203544 0.6266107 0.6091367 0.7267808 0.6514167 0.6537121 0.6153516 0.6403145 0.6137964 0.6678491 0.7220101 0.6580089 1.3689626 1.3835742 1.2656044 1.3430449 1.4191156 1.2857043 1.5300645 1.1874168 1.0553651 1.8569923 1.7396893 1.6470525 1.2778832 
Thylacomyidae     0.7135696 0.6613687 0.6101734 0.6188810 0.6539550 0.6593045 0.6431130 0.6346926 0.7253180 0.6305485 0.5982837 0.5719089 0.6120269 0.6421014 0.6027575 0.2489385 0.0000000 0.2322580 0.6233693 0.6174507 0.6344633 0.6058859 0.6174235 0.6250661 0.6311937 0.6270759 0.6250254 0.6315017 0.6212599 0.7238257 0.6357981 0.6583229 0.6720712 0.6563668 0.6562042 0.6626210 0.7402802 0.6705838 1.3950305 1.3659275 1.2400129 1.3382203 1.4418571 1.3283940 1.5539431 1.1960018 1.0570506 1.9020359 1.7582740 1.7076405 1.2932296 
Phalangeridae     0.6779650 0.6125237 0.5913457 0.5977739 0.6544794 0.6749327 0.6169792 0.6256245 0.6843260 0.5566374 0.5622275 0.5550456 0.6004806 0.5881369 0.6147784 0.2850992 0.2322580 0.0000000 0.6576903 0.6238543 0.6477581 0.6448881 0.6401048 0.6448108 0.6462573 0.6453158 0.6447697 0.6511823 0.6422138 0.7508362 0.6541890 0.6834791 0.7081430 0.6878326 0.6949679 0.7044606 0.7809586 0.6976160 1.3755766 1.4183395 1.2042906 1.3666098 1.4476144 1.2720050 1.5037201 1.1931871 1.0097809 1.9531008 1.7788738 1.7249301 1.4337225 
Tityridae         0.6975683 0.6316162 0.6065054 0.6114178 0.5960565 0.5979225 0.6159327 0.6263979 0.7052539 0.5898814 0.6310853 0.5768488 0.6253198 0.6263492 0.6294288 0.6187741 0.6233693 0.6576903 0.0000000 0.0337898 0.0327881 0.0368565 0.0337891 0.0379073 0.0317677 0.0380302 0.0288131 0.0379453 0.0446144 0.2387675 0.1642721 0.1825361 0.2526611 0.2270346 0.2370529 0.2742648 0.3275868 0.2639603 1.0767325 0.9286277 0.9156174 1.1376749 1.1546290 1.0247540 1.2533037 1.0112312 0.7472022 1.6004947 1.2733948 1.2046021 1.0283509 
Ptilonorhynchidae 0.6757049 0.6186989 0.5986973 0.6009150 0.5858452 0.6044361 0.6154338 0.6171495 0.6972197 0.5907661 0.6308386 0.5655670 0.6234237 0.6308750 0.6120815 0.6113809 0.6174507 0.6238543 0.0337898 0.0000000 0.0257427 0.0277389 0.0247562 0.0287556 0.0227882 0.0308447 0.0218409 0.0287840 0.0435045 0.2417984 0.1664974 0.1911090 0.2536212 0.2260266 0.2359762 0.2825828 0.3187846 0.2760486 1.0714024 0.9317486 0.9274611 1.1341912 1.1393201 1.0102134 1.2385320 0.9785694 0.7397737 1.5582336 1.2467328 1.2020208 0.9976059 
Callaeatidae      0.7064192 0.6291034 0.6088792 0.6109261 0.6125026 0.6229128 0.6427680 0.6320291 0.7086860 0.6109421 0.6473017 0.5853006 0.6276822 0.6333780 0.6304028 0.6278172 0.6344633 0.6477581 0.0327881 0.0257427 0.0000000 0.0227352 0.0198045 0.0237320 0.0178693 0.0257723 0.0169304 0.0208107 0.0445299 0.2403524 0.1650629 0.1878003 0.2610510 0.2330269 0.2466479 0.2905632 0.3264380 0.2741858 1.0809672 0.9605086 0.9585736 1.1666462 1.1738147 1.0279690 1.2624108 0.9948373 0.7524225 1.5991058 1.2698341 1.2083621 0.9975456 
Monarchidae       0.6928159 0.6199472 0.6186914 0.6065294 0.6052738 0.6073249 0.6284851 0.6121696 0.7004955 0.5918518 0.6428599 0.5783780 0.6444734 0.6322085 0.6292947 0.6187906 0.6058859 0.6448881 0.0368565 0.0277389 0.0227352 0.0000000 0.0140585 0.0237513 0.0198124 0.0277710 0.0188707 0.0237745 0.0445688 0.2441146 0.1652829 0.1837870 0.2592932 0.2313621 0.2449238 0.2886826 0.3255355 0.2709220 1.0604100 0.9124525 0.9423779 1.1376155 1.1434610 1.0127713 1.2458481 0.9795714 0.7380279 1.5813147 1.2666021 1.2119084 1.0001340 
Malaconotidae     0.6894114 0.6233319 0.5952862 0.5975713 0.5963042 0.6044164 0.6366927 0.6217012 0.6972288 0.5951333 0.6337370 0.5698253 0.6216782 0.6356124 0.6183430 0.6203740 0.6174235 0.6401048 0.0337891 0.0247562 0.0198045 0.0140585 0.0000000 0.0208064 0.0169065 0.0247845 0.0159687 0.0227746 0.0435036 0.2353203 0.1664934 0.1911023 0.2536146 0.2260208 0.2428028 0.2825752 0.3187688 0.2686014 1.0753331 0.9460177 0.9364993 1.1399532 1.1642092 1.0033767 1.2498056 0.9785419 0.7379798 1.5792761 1.2573896 1.2020649 0.9959895 
Certhiidae        0.6858542 0.6325688 0.6123323 0.6204860 0.5929415 0.6263814 0.6432066 0.6308039 0.7070286 0.5858178 0.6365728 0.5902330 0.6426509 0.6468266 0.6274837 0.6204203 0.6250661 0.6448108 0.0379073 0.0287556 0.0237320 0.0237513 0.0208064 0.0000000 0.0150196 0.0228650 0.0159972 0.0247768 0.0456349 0.2393851 0.1756873 0.1916374 0.2579161 0.2367397 0.2470198 0.2948234 0.3323287 0.2694841 1.0725919 0.9285517 0.9300112 1.1479010 1.1606258 1.0141645 1.2458481 0.9895318 0.7452177 1.5875959 1.2710867 1.2045578 1.0042314 
Cinclidae         0.6961288 0.6200912 0.6028763 0.6050267 0.6020991 0.6167681 0.6333653 0.6214028 0.6888149 0.5887778 0.6412665 0.5753262 0.6261400 0.6288357 0.6288933 0.6263023 0.6311937 0.6462573 0.0317677 0.0227882 0.0178693 0.0198124 0.0169065 0.0150196 0.0000000 0.0189206 0.0102565 0.0179003 0.0434850 0.2318200 0.1663828 0.1909691 0.2509309 0.2278357 0.2412613 0.2809415 0.3266926 0.2683825 1.0847621 0.9353579 0.9288707 1.1430996 1.1556985 1.0053955 1.2427053 1.0066617 0.7539999 1.5894780 1.2501581 1.1826069 1.0052416 
Ploceidae         0.6974022 0.6427655 0.5986283 0.6132445 0.6024336 0.6301189 0.6305020 0.6281944 0.7100518 0.5906323 0.6436339 0.5710720 0.6200892 0.6425546 0.6311798 0.6097742 0.6270759 0.6453158 0.0380302 0.0308447 0.0257723 0.0277710 0.0247845 0.0228650 0.0189206 0.0000000 0.0122128 0.0268312 0.0478498 0.2413392 0.1693566 0.1912612 0.2636763 0.2352673 0.2490938 0.2743876 0.3298754 0.2681399 1.0882588 0.9370504 0.9529299 1.1508772 1.1578981 1.0277346 1.2510030 0.9806623 0.7647163 1.5952442 1.2658367 1.2012813 0.9999362 
Thraupidae        0.6875804 0.6215299 0.6014603 0.6036350 0.6068350 0.6153178 0.6236392 0.6137852 0.6955057 0.5814875 0.6336633 0.5622375 0.6246387 0.6209113 0.6228673 0.6203544 0.6250254 0.6447697 0.0288131 0.0218409 0.0169304 0.0188707 0.0159687 0.0159972 0.0102565 0.0122128 0.0000000 0.0179387 0.0404936 0.2339969 0.1624050 0.1837717 0.2522622 0.2247017 0.2380251 0.2774811 0.3213758 0.2671902 1.0739386 0.9381891 0.9537581 1.1375911 1.1496453 1.0141111 1.2364136 0.9910355 0.7362149 1.5875877 1.2491546 1.1931909 0.9928569 
Alaudidae         0.6927611 0.6262262 0.6123057 0.6081356 0.5868823 0.6009639 0.6284361 0.6183501 0.6987724 0.5994432 0.6320627 0.5723968 0.6246877 0.6239309 0.6211958 0.6266107 0.6315017 0.6511823 0.0379453 0.0287840 0.0208107 0.0237745 0.0227746 0.0247768 0.0179003 0.0268312 0.0179387 0.0000000 0.0498124 0.2417859 0.1717373 0.1827561 0.2632182 0.2370854 0.2473905 0.2915015 0.3329389 0.2811900 1.0860212 0.9502601 0.9578781 1.1610403 1.1606514 1.0247013 1.2564304 1.0052805 0.7490178 1.5922119 1.2551184 1.1919554 0.9905646 
Coraciiformes     0.6684143 0.6270130 0.6055052 0.6015583 0.5913139 0.6068104 0.6027267 0.6131477 0.6625759 0.5715090 0.6463795 0.5832567 0.6035210 0.6110051 0.5992891 0.6091367 0.6212599 0.6422138 0.0446144 0.0435045 0.0445299 0.0445688 0.0435036 0.0456349 0.0434850 0.0478498 0.0404936 0.0498124 0.0000000 0.2494801 0.1671096 0.1824594 0.2620968 0.2291386 0.2458054 0.2912120 0.3210391 0.2787769 1.0641611 0.8857218 0.9160943 1.1347771 1.1336567 0.9904064 1.2060240 0.9731044 0.7170430 1.5540760 1.2137548 1.1525479 1.0032110 
Crocodylidae      0.7955876 0.6975586 0.7110871 0.7096217 0.7084460 0.6708014 0.7058001 0.7677185 0.7588547 0.6807876 0.7200183 0.6657749 0.7145209 0.7249748 0.7133040 0.7267808 0.7238257 0.7508362 0.2387675 0.2417984 0.2403524 0.2441146 0.2353203 0.2393851 0.2318200 0.2413392 0.2339969 0.2417859 0.2494801 0.0000000 0.2601832 0.2928798 0.3407056 0.3209422 0.3344387 0.3580918 0.3909239 0.3605564 1.1125914 1.1349829 1.0448256 1.1731708 1.2417670 1.0275533 1.2672102 1.0679557 0.8463392 1.5920867 1.3667164 1.3171655 1.0730642 
Carettochelyidae  0.7609679 0.6308287 0.6215418 0.6287962 0.6371045 0.6233238 0.6203722 0.6403378 0.7047559 0.6153411 0.6487892 0.5764417 0.6434672 0.6181492 0.6569243 0.6514167 0.6357981 0.6541890 0.1642721 0.1664974 0.1650629 0.1652829 0.1664934 0.1756873 0.1663828 0.1693566 0.1624050 0.1717373 0.1671096 0.2601832 0.0000000 0.1735786 0.2726029 0.2470340 0.2653955 0.2926601 0.3551331 0.2980301 1.1222515 1.0177779 0.9349231 1.1801371 1.1616046 1.0090591 1.2292224 0.9876435 0.7766983 1.5651010 1.2350697 1.1947829 1.0348638 
Kinosternidae     0.7434948 0.6507067 0.6589070 0.6659191 0.6628879 0.6657150 0.6537316 0.6345945 0.6665911 0.6309623 0.6548902 0.6233595 0.6480288 0.6501581 0.6656862 0.6537121 0.6583229 0.6834791 0.1825361 0.1911090 0.1878003 0.1837870 0.1911023 0.1916374 0.1909691 0.1912612 0.1837717 0.1827561 0.1824594 0.2928798 0.1735786 0.0000000 0.3010010 0.2724683 0.2906426 0.3135991 0.3777629 0.3128014 1.1029069 0.9873800 0.9045486 1.1530441 1.1303821 0.9720888 1.1869183 0.9469127 0.7858294 1.5335568 1.2302468 1.2309021 1.0544695 
Anomalepididae    0.7470764 0.6822463 0.6436800 0.6569657 0.6401842 0.5758691 0.6689629 0.6877344 0.7269571 0.6488627 0.6597761 0.6195022 0.6488318 0.6669539 0.7097319 0.6153516 0.6720712 0.7081430 0.2526611 0.2536212 0.2610510 0.2592932 0.2536146 0.2579161 0.2509309 0.2636763 0.2522622 0.2632182 0.2620968 0.3407056 0.2726029 0.3010010 0.0000000 0.1000520 0.1234093 0.1558445 0.2143216 0.2001575 1.1787247 1.0886512 1.0052771 1.1758553 1.1878960 0.9664667 1.1992538 0.9870567 0.8447362 1.6473198 1.3725465 1.3004175 1.0789593 
Loxocemidae       0.7753972 0.7032525 0.6496015 0.6677872 0.6544160 0.6292850 0.6630662 0.6966374 0.7394311 0.6729914 0.6921379 0.6680073 0.7024599 0.6729269 0.6948367 0.6403145 0.6563668 0.6878326 0.2270346 0.2260266 0.2330269 0.2313621 0.2260208 0.2367397 0.2278357 0.2352673 0.2247017 0.2370854 0.2291386 0.3209422 0.2470340 0.2724683 0.1000520 0.0000000 0.0778036 0.1404866 0.2007383 0.1812035 1.1436419 1.0784625 0.9843653 1.1768306 1.1973854 0.9812424 1.1960830 0.9850841 0.8160314 1.6037043 1.3597148 1.3037090 0.9977228 
Natricidae        0.7238357 0.6514453 0.6559968 0.6755950 0.6389518 0.6069710 0.6358457 0.6639872 0.6766263 0.6415003 0.6797600 0.6267701 0.6386184 0.6496200 0.6884410 0.6137964 0.6562042 0.6949679 0.2370529 0.2359762 0.2466479 0.2449238 0.2428028 0.2470198 0.2412613 0.2490938 0.2380251 0.2473905 0.2458054 0.3344387 0.2653955 0.2906426 0.1234093 0.0778036 0.0000000 0.1475295 0.2235908 0.2148111 1.1095806 1.0600001 0.9225020 1.1207380 1.1437601 0.9097514 1.1639761 0.9141916 0.7721651 1.5488384 1.3174210 1.2533826 0.9920512 
Xenosauridae      0.7827301 0.7100766 0.6886423 0.6961860 0.6480243 0.6140460 0.6744046 0.6686795 0.6964259 0.6891659 0.6778231 0.6159092 0.6456977 0.6690578 0.7398227 0.6678491 0.6626210 0.7044606 0.2742648 0.2825828 0.2905632 0.2886826 0.2825752 0.2948234 0.2809415 0.2743876 0.2774811 0.2915015 0.2912120 0.3580918 0.2926601 0.3135991 0.1558445 0.1404866 0.1475295 0.0000000 0.2533945 0.2267616 1.1550135 1.1433271 0.9751952 1.2108274 1.2079995 0.9651618 1.2204921 0.9704121 0.8744768 1.5745442 1.3631837 1.2608264 1.0629825 
Teiidae           0.8036984 0.7416818 0.6663540 0.6831293 0.6479689 0.6571185 0.6590411 0.7003130 0.7197366 0.7239140 0.7537198 0.6349282 0.6960132 0.7419911 0.7696819 0.7220101 0.7402802 0.7809586 0.3275868 0.3187846 0.3264380 0.3255355 0.3187688 0.3323287 0.3266926 0.3298754 0.3213758 0.3329389 0.3210391 0.3909239 0.3551331 0.3777629 0.2143216 0.2007383 0.2235908 0.2533945 0.0000000 0.2703376 1.1037583 1.0932042 1.0566365 1.1736607 1.2430802 1.0065324 1.2237576 0.9985797 0.9115054 1.6968748 1.4334200 1.3569638 1.1479498 
Eublepharidae     0.7711827 0.7076191 0.7018135 0.7003891 0.6396652 0.6737999 0.6635131 0.6761038 0.7546073 0.6654460 0.7180894 0.6331880 0.6361072 0.6738407 0.7123423 0.6580089 0.6705838 0.6976160 0.2639603 0.2760486 0.2741858 0.2709220 0.2686014 0.2694841 0.2683825 0.2681399 0.2671902 0.2811900 0.2787769 0.3605564 0.2980301 0.3128014 0.2001575 0.1812035 0.2148111 0.2267616 0.2703376 0.0000000 1.1565517 1.1157996 0.9826754 1.2246032 1.2324960 1.0555648 1.2241004 1.0166322 0.8435670 1.6381532 1.3696035 1.2966816 1.0342554 
Dicamptodontidae  1.4771790 1.3700000 1.3511670 1.3754300 1.3405408 1.4111921 1.4233644 1.3725352 1.5223542 1.3358499 1.3678622 1.3507156 1.4000853 1.4267370 1.4400004 1.3689626 1.3950305 1.3755766 1.0767325 1.0714024 1.0809672 1.0604100 1.0753331 1.0725919 1.0847621 1.0882588 1.0739386 1.0860212 1.0641611 1.1125914 1.1222515 1.1029069 1.1787247 1.1436419 1.1095806 1.1550135 1.1037583 1.1565517 0.0000000 1.0563908 1.0116452 1.2217647 1.1794305 1.1207680 1.3735323 1.0875943 1.1188613 1.9594447 1.9991653 1.9048079 1.5569968 
Alytidae          1.5186194 1.2954403 1.3755575 1.3824498 1.3221784 1.3768254 1.4246225 1.3542329 1.4029060 1.3530146 1.3244657 1.3258390 1.4131718 1.4292801 1.4575028 1.3835742 1.3659275 1.4183395 0.9286277 0.9317486 0.9605086 0.9124525 0.9460177 0.9285517 0.9353579 0.9370504 0.9381891 0.9502601 0.8857218 1.1349829 1.0177779 0.9873800 1.0886512 1.0784625 1.0600001 1.1433271 1.0932042 1.1157996 1.0563908 0.0000000 0.9757657 1.1553824 1.1291017 0.9826250 1.2739787 0.9622194 1.1192536 2.0577118 1.8849759 1.8763601 1.4713542 
Heleophrynidae    1.3430389 1.2123105 1.2926415 1.2671927 1.1601536 1.2393301 1.3367234 1.2474011 1.2813977 1.1886032 1.2497390 1.2073677 1.2788207 1.3222965 1.2596077 1.2656044 1.2400129 1.2042906 0.9156174 0.9274611 0.9585736 0.9423779 0.9364993 0.9300112 0.9288707 0.9529299 0.9537581 0.9578781 0.9160943 1.0448256 0.9349231 0.9045486 1.0052771 0.9843653 0.9225020 0.9751952 1.0566365 0.9826754 1.0116452 0.9757657 0.0000000 0.9040003 0.8655365 0.6579278 0.8729109 0.6707636 0.9318671 1.9761893 1.8543230 1.7698347 1.4034743 
Leptodactylidae   1.4592408 1.3300352 1.3400974 1.3093188 1.2387939 1.3210816 1.4447971 1.3480534 1.4489828 1.3065144 1.3138471 1.2780471 1.4105227 1.4638906 1.4456992 1.3430449 1.3382203 1.3666098 1.1376749 1.1341912 1.1666462 1.1376155 1.1399532 1.1479010 1.1430996 1.1508772 1.1375911 1.1610403 1.1347771 1.1731708 1.1801371 1.1530441 1.1758553 1.1768306 1.1207380 1.2108274 1.1736607 1.2246032 1.2217647 1.1553824 0.9040003 0.0000000 0.5435958 0.9460565 1.1768759 0.8948442 1.2004567 2.0939405 1.9618816 1.8829660 1.5841423 
Strabomantidae    1.5164283 1.3697151 1.3656557 1.3285129 1.3234589 1.3643023 1.4878889 1.3669266 1.4696927 1.3331262 1.3530932 1.3091305 1.4219318 1.4680683 1.4784481 1.4191156 1.4418571 1.4476144 1.1546290 1.1393201 1.1738147 1.1434610 1.1642092 1.1606258 1.1556985 1.1578981 1.1496453 1.1606514 1.1336567 1.2417670 1.1616046 1.1303821 1.1878960 1.1973854 1.1437601 1.2079995 1.2430802 1.2324960 1.1794305 1.1291017 0.8655365 0.5435958 0.0000000 0.9644837 1.1225697 0.8478681 1.2230869 2.2059213 1.9924854 1.8995821 1.6196979 
Micrixalidae      1.3957764 1.2480696 1.2543755 1.2604554 1.2003382 1.2736265 1.3364973 1.2621921 1.3142262 1.1989389 1.2567437 1.2210009 1.3394944 1.3778590 1.3551126 1.2857043 1.3283940 1.2720050 1.0247540 1.0102134 1.0279690 1.0127713 1.0033767 1.0141645 1.0053955 1.0277346 1.0141111 1.0247013 0.9904064 1.0275533 1.0090591 0.9720888 0.9664667 0.9812424 0.9097514 0.9651618 1.0065324 1.0555648 1.1207680 0.9826250 0.6579278 0.9460565 0.9644837 0.0000000 0.6834883 0.4858763 1.0514596 2.0990228 1.8717777 1.7707437 1.5528565 
Hemisotidae       1.5995829 1.4547392 1.4600419 1.4743460 1.4480231 1.4653550 1.6002144 1.5203664 1.5483777 1.4521102 1.4948121 1.4519031 1.5157241 1.5570548 1.5474300 1.5300645 1.5539431 1.5037201 1.2533037 1.2385320 1.2624108 1.2458481 1.2498056 1.2458481 1.2427053 1.2510030 1.2364136 1.2564304 1.2060240 1.2672102 1.2292224 1.1869183 1.1992538 1.1960830 1.1639761 1.2204921 1.2237576 1.2241004 1.3735323 1.2739787 0.8729109 1.1768759 1.1225697 0.6834883 0.0000000 0.7393053 1.1560503 2.3454047 2.2585324 2.1026531 1.8226413 
Asterophryidae    1.3305811 1.2164298 1.2047134 1.2625324 1.1921183 1.1948604 1.2383483 1.2260937 1.2591803 1.1734664 1.1986170 1.1439146 1.2644963 1.2696400 1.3356974 1.1874168 1.1960018 1.1931871 1.0112312 0.9785694 0.9948373 0.9795714 0.9785419 0.9895318 1.0066617 0.9806623 0.9910355 1.0052805 0.9731044 1.0679557 0.9876435 0.9469127 0.9870567 0.9850841 0.9141916 0.9704121 0.9985797 1.0166322 1.0875943 0.9622194 0.6707636 0.8948442 0.8478681 0.4858763 0.7393053 0.0000000 0.9865725 1.9484850 1.7973065 1.6782155 1.4509353 
Caeciliidae2      1.2099808 0.9926492 1.0541571 1.0563927 1.0412681 1.0858441 1.1160493 1.0872830 1.0885089 1.0438635 1.0647675 0.9641653 1.0791540 1.1020590 1.0927175 1.0553651 1.0570506 1.0097809 0.7472022 0.7397737 0.7524225 0.7380279 0.7379798 0.7452177 0.7539999 0.7647163 0.7362149 0.7490178 0.7170430 0.8463392 0.7766983 0.7858294 0.8447362 0.8160314 0.7721651 0.8744768 0.9115054 0.8435670 1.1188613 1.1192536 0.9318671 1.2004567 1.2230869 1.0514596 1.1560503 0.9865725 0.0000000 1.9254417 1.6204333 1.6053163 1.1932673 
Polypteriformes   2.0202608 1.8008789 1.9729321 1.9194639 1.8714645 1.9669031 2.0055848 1.9300860 1.8434810 1.8789891 1.9075102 1.8811710 2.0047523 2.0492427 1.9546029 1.8569923 1.9020359 1.9531008 1.6004947 1.5582336 1.5991058 1.5813147 1.5792761 1.5875959 1.5894780 1.5952442 1.5875877 1.5922119 1.5540760 1.5920867 1.5651010 1.5335568 1.6473198 1.6037043 1.5488384 1.5745442 1.6968748 1.6381532 1.9594447 2.0577118 1.9761893 2.0939405 2.2059213 2.0990228 2.3454047 1.9484850 1.9254417 0.0000000 1.8347190 1.7947768 1.5956098 
Channichthyidae   1.7770323 1.5780282 1.6637130 1.5925822 1.5748864 1.7216055 1.6817746 1.6232927 1.7074821 1.5876397 1.6216665 1.6000386 1.6949971 1.7008384 1.7106925 1.7396893 1.7582740 1.7788738 1.2733948 1.2467328 1.2698341 1.2666021 1.2573896 1.2710867 1.2501581 1.2658367 1.2491546 1.2551184 1.2137548 1.3667164 1.2350697 1.2302468 1.3725465 1.3597148 1.3174210 1.3631837 1.4334200 1.3696035 1.9991653 1.8849759 1.8543230 1.9618816 1.9924854 1.8717777 2.2585324 1.7973065 1.6204333 1.8347190 0.0000000 0.2803347 1.5190286 
Pseudaphritidae   1.7025422 1.4797496 1.5548986 1.5008188 1.5134500 1.5975264 1.5803487 1.5650307 1.6303902 1.5008135 1.5570698 1.4961744 1.6222730 1.6463873 1.6459606 1.6470525 1.7076405 1.7249301 1.2046021 1.2020208 1.2083621 1.2119084 1.2020649 1.2045578 1.1826069 1.2012813 1.1931909 1.1919554 1.1525479 1.3171655 1.1947829 1.2309021 1.3004175 1.3037090 1.2533826 1.2608264 1.3569638 1.2966816 1.9048079 1.8763601 1.7698347 1.8829660 1.8995821 1.7707437 2.1026531 1.6782155 1.6053163 1.7947768 0.2803347 0.0000000 1.4159781 
Carcharhinidae    1.5164976 1.3360664 1.3978119 1.3724468 1.3423297 1.3945447 1.4154417 1.3353048 1.4184761 1.3544842 1.3250890 1.2734066 1.4335891 1.4590204 1.3832160 1.2778832 1.2932296 1.4337225 1.0283509 0.9976059 0.9975456 1.0001340 0.9959895 1.0042314 1.0052416 0.9999362 0.9928569 0.9905646 1.0032110 1.0730642 1.0348638 1.0544695 1.0789593 0.9977228 0.9920512 1.0629825 1.1479498 1.0342554 1.5569968 1.4713542 1.4034743 1.5841423 1.6196979 1.5528565 1.8226413 1.4509353 1.1932673 1.5956098 1.5190286 1.4159781 0.0000000 
