51
Pitheciidae       0.0000000 0.1874288 0.2542807 0.2246309 0.2526874 0.2852554 0.2432770 0.2429767 0.2687945 0.2421562 0.2570242 0.2539841 0.2105216 0.2074678 0.2188757 0.3632311 0.3944017 0.4199655 0.9298891 0.9258652 0.9518435 0.9478020 0.9242614 0.9727431 0.9806460 0.9380966 1.0022998 0.9598026 0.9829356 1.0760982 0.9507516 0.9993639 0.7740648 0.7712256 0.7807436 0.6971915 0.8008907 0.7505171 0.7722473 0.7343349 0.7159007 0.6549143 0.6605221 0.6701147 0.7091350 0.7097111 0.8007834 1.3361261 2.8976175 2.7769437 1.5022818 
Scandentia        0.1874288 0.0000000 0.2354242 0.2225526 0.2478783 0.2725597 0.2190626 0.2403377 0.2738985 0.2384790 0.2336985 0.2466005 0.2125764 0.1991742 0.2116663 0.3845135 0.4144206 0.4196637 0.8907938 0.8835978 0.9272472 0.9023822 0.8800093 0.9424119 0.9215885 0.8941695 0.9397472 0.9219551 0.8993460 1.0918974 0.9646329 1.0116970 0.7731603 0.7889137 0.8011282 0.7103730 0.7931014 0.7427673 0.8106572 0.7383477 0.7743663 0.7225124 0.7317263 0.7219686 0.7367582 0.7482445 0.8495716 1.3692292 3.0422236 2.7530588 1.5522760 
Erethizontidae    0.2542807 0.2354242 0.0000000 0.0949416 0.2731451 0.3095032 0.2840761 0.2988280 0.3308466 0.2914316 0.3034137 0.3076153 0.2602153 0.2415142 0.2742012 0.4488310 0.4866043 0.4869577 0.9600386 0.9632363 0.9809464 0.9645489 0.9818293 1.0250278 1.0244014 0.9834953 1.0372138 1.0112306 0.9931047 1.1106555 0.9708663 1.0228085 0.8293850 0.8661694 0.8619819 0.7660653 0.8433931 0.8269787 0.8857906 0.8351876 0.8400956 0.7868698 0.7863675 0.7951837 0.8101232 0.8214922 0.8912208 1.4030689 3.0028187 2.6673300 1.5677489 
Capromyidae       0.2246309 0.2225526 0.0949416 0.0000000 0.2560610 0.2748566 0.2650267 0.2714879 0.3113224 0.2572716 0.2811263 0.2802661 0.2317365 0.2262869 0.2566348 0.4325570 0.4665243 0.4654998 0.9406593 0.9364263 0.9516109 0.9420174 0.9514997 1.0055367 0.9938709 0.9655608 1.0073254 0.9983688 0.9783287 1.0652265 0.9770826 0.9743303 0.8181519 0.8541415 0.8605443 0.7639370 0.8169685 0.7993629 0.8682733 0.7912849 0.8121934 0.7485223 0.7568626 0.7577251 0.7690313 0.7877018 0.8829880 1.3926806 3.0182007 2.6544071 1.5630046 
Muridae           0.2526874 0.2478783 0.2731451 0.2560610 0.0000000 0.2835378 0.3094822 0.3020545 0.3324931 0.3033066 0.3101575 0.3154920 0.2757992 0.2658084 0.2813447 0.4553946 0.4930909 0.4986446 1.0062416 0.9794009 0.9898353 0.9874878 0.9719642 1.0049582 0.9965337 0.9769720 1.0203686 1.0251098 1.0251219 1.1717140 1.0179886 1.0579574 0.8598800 0.8686780 0.8812279 0.7801306 0.9191005 0.8358219 0.9213628 0.8164721 0.8082763 0.7791376 0.7779688 0.7883759 0.7832904 0.8032410 0.9048547 1.4534722 3.0323708 2.8425415 1.6259798 
Castoridae        0.2852554 0.2725597 0.3095032 0.2748566 0.2835378 0.0000000 0.3426985 0.3389421 0.3727611 0.3296717 0.3348531 0.3444581 0.3056983 0.3019361 0.3100428 0.4765118 0.5048878 0.5116544 0.9707787 0.9559321 0.9813889 0.9459772 0.9637840 1.0043675 0.9900570 0.9715463 1.0254780 0.9869798 1.0374602 1.1537406 0.9924980 1.0656388 0.8734779 0.8604656 0.8806315 0.7645576 0.9026909 0.8325241 0.9126669 0.8569468 0.8645062 0.8053332 0.8095581 0.8216254 0.8277498 0.8363985 0.9224450 1.4139192 3.0011562 2.9457561 1.6219608 
Suidae            0.2432770 0.2190626 0.2840761 0.2650267 0.3094822 0.3426985 0.0000000 0.1776609 0.2337525 0.2444946 0.2543958 0.2586843 0.2080388 0.2054888 0.2607973 0.4140768 0.4659599 0.4660560 0.9270973 0.8912353 0.9453539 0.9272331 0.9160918 0.9790216 0.9557666 0.9142168 0.9896795 0.9576457 0.9792372 1.1071192 1.0026455 1.0026944 0.7998347 0.7978539 0.7863600 0.7117290 0.8107297 0.7936023 0.8163163 0.8024795 0.7844901 0.7416802 0.7473693 0.7478328 0.7726159 0.7882800 0.8471826 1.4109493 2.9117502 2.6348336 1.5917690 
Hippopotamidae    0.2429767 0.2403377 0.2988280 0.2714879 0.3020545 0.3389421 0.1776609 0.0000000 0.1980562 0.2422025 0.2419936 0.2580621 0.2015786 0.2023601 0.2478883 0.4250403 0.4623923 0.4717684 0.9340378 0.9058579 0.9380715 0.9448875 0.9280327 1.0033474 0.9868485 0.9460542 1.0072100 0.9588700 1.0208099 1.0766775 1.0134459 1.0260719 0.8139102 0.8158941 0.8211723 0.7214105 0.8312425 0.7791005 0.8492723 0.7910033 0.8291990 0.7409566 0.7434969 0.7579974 0.7530371 0.7950207 0.8629443 1.3964065 3.0607707 2.8557342 1.6419626 
Hyperoodontidae   0.2687945 0.2738985 0.3308466 0.3113224 0.3324931 0.3727611 0.2337525 0.1980562 0.0000000 0.2890770 0.2909241 0.2935441 0.2370598 0.2372184 0.2772704 0.4518713 0.4754986 0.5094642 1.0199789 0.9824459 0.9914649 0.9657031 0.9515533 1.0444213 1.0223728 1.0063526 1.0605140 1.0105929 1.0548832 1.1772423 1.0474243 1.0843468 0.8316007 0.8260477 0.8707486 0.7665416 0.8633326 0.8712702 0.8737672 0.8127738 0.8529527 0.7805905 0.7880161 0.7874479 0.7941386 0.8402712 0.8826187 1.4369265 3.1747168 2.9158674 1.6335768 
Vespertilionidae  0.2421562 0.2384790 0.2914316 0.2572716 0.3033066 0.3296717 0.2444946 0.2422025 0.2890770 0.0000000 0.1562448 0.1707600 0.2106564 0.2082733 0.2508682 0.4184901 0.4587364 0.4478475 0.8853623 0.8864850 0.8868715 0.8968884 0.8658822 0.9197875 0.9035792 0.8760998 0.9301544 0.9316480 0.9137975 1.0867077 0.9632530 0.9973501 0.7911486 0.7942127 0.7912129 0.7142011 0.7875137 0.7766785 0.8764348 0.7774365 0.7849859 0.7165689 0.7234918 0.7123894 0.7222671 0.7530357 0.8236026 1.3918908 3.2048748 2.9082881 1.5779821 
Furipteridae      0.2570242 0.2336985 0.3034137 0.2811263 0.3101575 0.3348531 0.2543958 0.2419936 0.2909241 0.1562448 0.0000000 0.1948328 0.2122922 0.2067034 0.2627704 0.4222726 0.4630047 0.4603673 0.9251757 0.9255987 0.9669315 0.9473127 0.9332822 0.9782123 0.9634952 0.9495917 0.9986745 0.9636564 0.9823445 1.1352416 0.9700441 1.0544761 0.8289467 0.8156048 0.8288129 0.7578640 0.8375958 0.8085231 0.8647008 0.8081329 0.7897849 0.7181511 0.7302780 0.7402441 0.7402535 0.7741942 0.8195512 1.3850211 3.1854249 3.0432122 1.5994313 
Rhinolophidae     0.2539841 0.2466005 0.3076153 0.2802661 0.3154920 0.3444581 0.2586843 0.2580621 0.2935441 0.1707600 0.1948328 0.0000000 0.2285306 0.2254576 0.2754413 0.4491244 0.4865006 0.4926575 0.9677639 0.9667874 0.9628560 0.9614623 0.9467715 1.0242361 0.9929084 0.9404442 0.9891240 1.0023108 0.9977714 1.1398844 0.9663611 1.0392921 0.8318008 0.8291686 0.8383593 0.7547689 0.8367406 0.7937363 0.8865117 0.8177448 0.7904542 0.7457132 0.7557641 0.7545087 0.7539730 0.7905100 0.8552233 1.4614179 3.2178500 2.8703918 1.5998038 
Viverridae        0.2105216 0.2125764 0.2602153 0.2317365 0.2757992 0.3056983 0.2080388 0.2015786 0.2370598 0.2106564 0.2122922 0.2285306 0.0000000 0.0895855 0.2280770 0.3751098 0.4275121 0.4282892 0.9185817 0.8777642 0.8970600 0.9048767 0.8851843 0.9551799 0.9359339 0.9068196 0.9553407 0.9293165 0.9560294 1.1238740 0.9684347 0.9935202 0.7937846 0.7707219 0.8021276 0.7242962 0.8129155 0.7594755 0.8344925 0.7831880 0.7747460 0.7100297 0.7111256 0.7296235 0.7509914 0.7540808 0.8183460 1.3782788 3.0106287 2.8200293 1.6009112 
Procyonidae       0.2074678 0.1991742 0.2415142 0.2262869 0.2658084 0.3019361 0.2054888 0.2023601 0.2372184 0.2082733 0.2067034 0.2254576 0.0895855 0.0000000 0.2197886 0.3807317 0.4228593 0.4270916 0.9111715 0.8956792 0.9088874 0.9053591 0.8734630 0.9502769 0.9359784 0.9001432 0.9512247 0.9260403 0.9617084 1.1257238 0.9671086 0.9587322 0.8005675 0.7871130 0.8009443 0.7422918 0.8172015 0.7562992 0.8196370 0.7790147 0.7694657 0.7122285 0.7149557 0.7212520 0.7337811 0.7407691 0.8278546 1.3792386 3.0706686 2.7451280 1.5964608 
Myrmecophagidae   0.2188757 0.2116663 0.2742012 0.2566348 0.2813447 0.3100428 0.2607973 0.2478883 0.2772704 0.2508682 0.2627704 0.2754413 0.2280770 0.2197886 0.0000000 0.4085325 0.4388093 0.4495182 0.9639463 0.9146602 0.9586372 0.9468108 0.9223430 0.9490789 0.9481757 0.9412599 1.0010781 0.9629162 0.9652754 1.1285287 0.9639371 1.0088493 0.7983422 0.7835832 0.7714203 0.7225801 0.8052572 0.7665121 0.8412679 0.7485395 0.7748771 0.7265958 0.7257104 0.7114839 0.7512864 0.7672252 0.8625810 1.3920976 3.1213673 2.9108757 1.5839180 
Caluromyidae      0.3632311 0.3845135 0.4488310 0.4325570 0.4553946 0.4765118 0.4140768 0.4250403 0.4518713 0.4184901 0.4222726 0.4491244 0.3751098 0.3807317 0.4085325 0.0000000 0.1475732 0.1547403 0.9467256 0.8973448 0.8766455 0.9171476 0.9077511 0.9415666 0.9382556 0.9136728 0.9738930 0.9036863 0.9360975 1.0474321 0.9492065 0.9887656 0.8006517 0.7964834 0.7699571 0.7113834 0.7792204 0.7915559 0.8349251 0.7548618 0.7916439 0.7297633 0.7238138 0.7107892 0.7404488 0.7249693 0.8002458 1.3533287 2.8835839 2.5223727 1.5282863 
Thylacomyidae     0.3944017 0.4144206 0.4866043 0.4665243 0.4930909 0.5048878 0.4659599 0.4623923 0.4754986 0.4587364 0.4630047 0.4865006 0.4275121 0.4228593 0.4388093 0.1475732 0.0000000 0.1574759 0.9788477 0.9312273 0.9008850 0.9535821 0.9387515 0.9486998 0.9710704 0.9365226 0.9992383 0.9631150 0.9919044 1.0779184 0.9899066 1.0092297 0.8316916 0.8217002 0.8099375 0.7174088 0.7835178 0.8014672 0.8583700 0.8036876 0.7992978 0.7595306 0.7599590 0.7379024 0.7815112 0.7702702 0.8412654 1.3701479 2.9059822 2.5448183 1.5537070 
Phalangeridae     0.4199655 0.4196637 0.4869577 0.4654998 0.4986446 0.5116544 0.4660560 0.4717684 0.5094642 0.4478475 0.4603673 0.4926575 0.4282892 0.4270916 0.4495182 0.1547403 0.1574759 0.0000000 0.9236901 0.8803927 0.8646337 0.9001872 0.8823293 0.9220354 0.9182916 0.8900458 0.9390149 0.9123597 0.9258496 1.0725947 0.9739522 1.0175966 0.8268631 0.8393471 0.7819335 0.7273736 0.7697388 0.8049595 0.8544883 0.8022267 0.7975994 0.7629432 0.7617499 0.7472713 0.7804203 0.7710556 0.8334573 1.3789506 2.9860122 2.6923412 1.5726397 
Tityridae         0.9298891 0.8907938 0.9600386 0.9406593 1.0062416 0.9707787 0.9270973 0.9340378 1.0199789 0.8853623 0.9251757 0.9677639 0.9185817 0.9111715 0.9639463 0.9467256 0.9788477 0.9236901 0.0000000 0.2830118 0.2835633 0.2830526 0.2620313 0.2783929 0.2750322 0.2796710 0.3055728 0.2918168 0.3473576 0.9345964 0.7653010 0.9483346 0.7801416 0.8176193 0.7770858 0.7159614 0.7862993 0.8074162 0.8767076 0.8394345 0.8671588 0.8216462 0.8359837 0.9092428 0.8609549 0.8612845 0.8697884 1.4580017 2.9367118 2.6147173 1.6975883 
Ptilonorhynchidae 0.9258652 0.8835978 0.9632363 0.9364263 0.9794009 0.9559321 0.8912353 0.9058579 0.9824459 0.8864850 0.9255987 0.9667874 0.8777642 0.8956792 0.9146602 0.8973448 0.9312273 0.8803927 0.2830118 0.0000000 0.2121400 0.1922094 0.1679772 0.1992609 0.1872877 0.1950588 0.2253617 0.2212419 0.3117639 0.8490471 0.7511296 0.8974243 0.7134059 0.7609932 0.7138304 0.6669338 0.7493488 0.7494222 0.8605595 0.8253857 0.8394958 0.7977472 0.7860916 0.8414109 0.8209429 0.7840642 0.8856872 1.4253685 2.7435077 2.4757492 1.5850924 
Callaeatidae      0.9518435 0.9272472 0.9809464 0.9516109 0.9898353 0.9813889 0.9453539 0.9380715 0.9914649 0.8868715 0.9669315 0.9628560 0.8970600 0.9088874 0.9586372 0.8766455 0.9008850 0.8646337 0.2835633 0.2121400 0.0000000 0.1607033 0.1433054 0.1656250 0.1641115 0.1595362 0.1912243 0.1914656 0.2988139 0.8649234 0.7128826 0.8734384 0.7046251 0.7552755 0.7235805 0.6523148 0.7506126 0.7304848 0.9197013 0.8596475 0.8847126 0.8268589 0.8131344 0.8754053 0.8456326 0.8230815 0.9206180 1.3755023 2.9741266 2.5787400 1.6276586 
Monarchidae       0.9478020 0.9023822 0.9645489 0.9420174 0.9874878 0.9459772 0.9272331 0.9448875 0.9657031 0.8968884 0.9473127 0.9614623 0.9048767 0.9053591 0.9468108 0.9171476 0.9535821 0.9001872 0.2830526 0.1922094 0.1607033 0.0000000 0.0783130 0.1547015 0.1571216 0.1471756 0.1768967 0.1772717 0.3107788 0.8591431 0.7284399 0.9048385 0.7093075 0.7741907 0.7272607 0.6749903 0.7634865 0.7500892 0.8784384 0.8376347 0.8744418 0.8057001 0.7923467 0.8668259 0.8312027 0.8207124 0.8735619 1.3670141 2.8026762 2.4628242 1.6246145 
Malaconotidae     0.9242614 0.8800093 0.9818293 0.9514997 0.9719642 0.9637840 0.9160918 0.9280327 0.9515533 0.8658822 0.9332822 0.9467715 0.8851843 0.8734630 0.9223430 0.9077511 0.9387515 0.8823293 0.2620313 0.1679772 0.1433054 0.0783130 0.0000000 0.1407641 0.1316487 0.1267090 0.1575330 0.1583008 0.2868816 0.8291707 0.7037775 0.9106432 0.6754917 0.7321152 0.6931131 0.6402893 0.7167814 0.7309841 0.8592445 0.8162030 0.8521265 0.7835564 0.7702006 0.8294040 0.8007869 0.7769764 0.8685213 1.3791184 2.7744605 2.4472193 1.5937508 
Certhiidae        0.9727431 0.9424119 1.0250278 1.0055367 1.0049582 1.0043675 0.9790216 1.0033474 1.0444213 0.9197875 0.9782123 1.0242361 0.9551799 0.9502769 0.9490789 0.9415666 0.9486998 0.9220354 0.2783929 0.1992609 0.1656250 0.1547015 0.1407641 0.0000000 0.1366067 0.1313685 0.1487865 0.1590857 0.3056169 0.8709738 0.7360616 0.9108400 0.7302550 0.8193134 0.7512182 0.6992536 0.7925206 0.7751362 0.9123783 0.8344034 0.8844655 0.8307835 0.8213779 0.9012303 0.8678037 0.8386611 0.9220098 1.3531059 2.6394121 2.5117906 1.6170314 
Cinclidae         0.9806460 0.9215885 1.0244014 0.9938709 0.9965337 0.9900570 0.9557666 0.9868485 1.0223728 0.9035792 0.9634952 0.9929084 0.9359339 0.9359784 0.9481757 0.9382556 0.9710704 0.9182916 0.2750322 0.1872877 0.1641115 0.1571216 0.1316487 0.1366067 0.0000000 0.1364866 0.1572736 0.1767450 0.3085388 0.8607034 0.7259052 0.8944023 0.6965941 0.7626338 0.6949181 0.6525968 0.7455257 0.7604289 0.8706684 0.8116225 0.8509247 0.8100272 0.7979856 0.8710156 0.8450164 0.8082301 0.9131651 1.3894007 2.6757450 2.5009894 1.5707325 
Ploceidae         0.9380966 0.8941695 0.9834953 0.9655608 0.9769720 0.9715463 0.9142168 0.9460542 1.0063526 0.8760998 0.9495917 0.9404442 0.9068196 0.9001432 0.9412599 0.9136728 0.9365226 0.8900458 0.2796710 0.1950588 0.1595362 0.1471756 0.1267090 0.1313685 0.1364866 0.0000000 0.1012380 0.1539639 0.2899363 0.8421833 0.6896204 0.8985047 0.7175160 0.7800864 0.7257876 0.6636826 0.7483521 0.7523881 0.9006496 0.8437266 0.8623873 0.8119415 0.8025708 0.8857052 0.8487746 0.8166139 0.9091230 1.4479845 2.6982814 2.5373849 1.6396223 
Thraupidae        1.0022998 0.9397472 1.0372138 1.0073254 1.0203686 1.0254780 0.9896795 1.0072100 1.0605140 0.9301544 0.9986745 0.9891240 0.9553407 0.9512247 1.0010781 0.9738930 0.9992383 0.9390149 0.3055728 0.2253617 0.1912243 0.1768967 0.1575330 0.1487865 0.1572736 0.1012380 0.0000000 0.1920134 0.3109772 0.9179877 0.7374608 0.9593472 0.7555733 0.8380894 0.7650293 0.7026546 0.8001512 0.7907253 0.9402734 0.8547094 0.8903208 0.8409460 0.8258796 0.9142617 0.8687422 0.8470965 0.9473288 1.4086338 2.8223426 2.5618273 1.6851576 
Alaudidae         0.9598026 0.9219551 1.0112306 0.9983688 1.0251098 0.9869798 0.9576457 0.9588700 1.0105929 0.9316480 0.9636564 1.0023108 0.9293165 0.9260403 0.9629162 0.9036863 0.9631150 0.9123597 0.2918168 0.2212419 0.1914656 0.1772717 0.1583008 0.1590857 0.1767450 0.1539639 0.1920134 0.0000000 0.3232078 0.8974101 0.7060627 0.9383011 0.7455779 0.7961954 0.7531194 0.7124339 0.7581076 0.7823229 0.9043098 0.8554495 0.8621687 0.8119944 0.8032535 0.8828376 0.8478375 0.8077602 0.8983667 1.4114925 2.9020841 2.6057801 1.6254419 
Coraciiformes     0.9829356 0.8993460 0.9931047 0.9783287 1.0251219 1.0374602 0.9792372 1.0208099 1.0548832 0.9137975 0.9823445 0.9977714 0.9560294 0.9617084 0.9652754 0.9360975 0.9919044 0.9258496 0.3473576 0.3117639 0.2988139 0.3107788 0.2868816 0.3056169 0.3085388 0.2899363 0.3109772 0.3232078 0.0000000 0.8572372 0.7070561 0.8682380 0.7535369 0.8230281 0.7765358 0.7123792 0.8055752 0.7944825 0.8567416 0.8301656 0.8589649 0.8234920 0.8109870 0.8543918 0.8413551 0.8074200 0.8631285 1.3813724 2.7870460 2.6469222 1.5159761 
Crocodylidae      1.0760982 1.0918974 1.1106555 1.0652265 1.1717140 1.1537406 1.1071192 1.0766775 1.1772423 1.0867077 1.1352416 1.1398844 1.1238740 1.1257238 1.1285287 1.0474321 1.0779184 1.0725947 0.9345964 0.8490471 0.8649234 0.8591431 0.8291707 0.8709738 0.8607034 0.8421833 0.9179877 0.8974101 0.8572372 0.0000000 0.8280888 0.9688868 0.8511175 0.9125890 0.9126409 0.8142726 1.0012650 0.9083880 1.1103688 1.0940411 1.0770700 1.0472827 1.0622950 1.0971837 1.0900370 1.0981081 1.0724952 1.6557429 2.7894117 2.7250106 1.6511906 
Carettochelyidae  0.9507516 0.9646329 0.9708663 0.9770826 1.0179886 0.9924980 1.0026455 1.0134459 1.0474243 0.9632530 0.9700441 0.9663611 0.9684347 0.9671086 0.9639371 0.9492065 0.9899066 0.9739522 0.7653010 0.7511296 0.7128826 0.7284399 0.7037775 0.7360616 0.7259052 0.6896204 0.7374608 0.7060627 0.7070561 0.8280888 0.0000000 0.6375313 0.7704532 0.7344387 0.7284906 0.6664521 0.7915966 0.7747153 0.9117823 0.8717553 0.8312560 0.8206348 0.7978747 0.8449975 0.8663430 0.8469050 0.9150209 1.3755391 2.7866703 2.4912352 1.6361952 
Kinosternidae     0.9993639 1.0116970 1.0228085 0.9743303 1.0579574 1.0656388 1.0026944 1.0260719 1.0843468 0.9973501 1.0544761 1.0392921 0.9935202 0.9587322 1.0088493 0.9887656 1.0092297 1.0175966 0.9483346 0.8974243 0.8734384 0.9048385 0.9106432 0.9108400 0.8944023 0.8985047 0.9593472 0.9383011 0.8682380 0.9688868 0.6375313 0.0000000 0.9104772 0.8990408 0.8696589 0.8241909 1.0020517 0.9574191 1.0641038 0.9775369 1.0163104 0.9346381 0.9310770 0.9810610 1.0079457 0.9812022 1.0585839 1.5428905 2.7959644 2.5690361 1.7125628 
Anomalepididae    0.7740648 0.7731603 0.8293850 0.8181519 0.8598800 0.8734779 0.7998347 0.8139102 0.8316007 0.7911486 0.8289467 0.8318008 0.7937846 0.8005675 0.7983422 0.8006517 0.8316916 0.8268631 0.7801416 0.7134059 0.7046251 0.7093075 0.6754917 0.7302550 0.6965941 0.7175160 0.7555733 0.7455779 0.7535369 0.8511175 0.7704532 0.9104772 0.0000000 0.3203540 0.3064161 0.2617569 0.4059409 0.4136731 0.7667619 0.6595336 0.7641206 0.7118013 0.7230741 0.7295420 0.7469282 0.7640535 0.7997382 1.3107223 2.7582853 2.4440655 1.4361958 
Loxocemidae       0.7712256 0.7889137 0.8661694 0.8541415 0.8686780 0.8604656 0.7978539 0.8158941 0.8260477 0.7942127 0.8156048 0.8291686 0.7707219 0.7871130 0.7835832 0.7964834 0.8217002 0.8393471 0.8176193 0.7609932 0.7552755 0.7741907 0.7321152 0.8193134 0.7626338 0.7800864 0.8380894 0.7961954 0.8230281 0.9125890 0.7344387 0.8990408 0.3203540 0.0000000 0.2274570 0.2977879 0.4443188 0.4374683 0.8140095 0.7203027 0.7679733 0.7194662 0.7261405 0.7251301 0.7368892 0.7687662 0.7980678 1.4111626 2.7850021 2.6643314 1.4594427 
Natricidae        0.7807436 0.8011282 0.8619819 0.8605443 0.8812279 0.8806315 0.7863600 0.8211723 0.8707486 0.7912129 0.8288129 0.8383593 0.8021276 0.8009443 0.7714203 0.7699571 0.8099375 0.7819335 0.7770858 0.7138304 0.7235805 0.7272607 0.6931131 0.7512182 0.6949181 0.7257876 0.7650293 0.7531194 0.7765358 0.9126409 0.7284906 0.8696589 0.3064161 0.2274570 0.0000000 0.2655038 0.4088103 0.4219716 0.7781030 0.6647881 0.7340504 0.6725009 0.6781916 0.7021311 0.7227236 0.7352299 0.7622544 1.3078984 2.8500660 2.5142522 1.3392646 
Xenosauridae      0.6971915 0.7103730 0.7660653 0.7639370 0.7801306 0.7645576 0.7117290 0.7214105 0.7665416 0.7142011 0.7578640 0.7547689 0.7242962 0.7422918 0.7225801 0.7113834 0.7174088 0.7273736 0.7159614 0.6669338 0.6523148 0.6749903 0.6402893 0.6992536 0.6525968 0.6636826 0.7026546 0.7124339 0.7123792 0.8142726 0.6664521 0.8241909 0.2617569 0.2977879 0.2655038 0.0000000 0.3549652 0.3603879 0.7038509 0.6322511 0.6859186 0.6382357 0.6374578 0.6735169 0.6839835 0.6798376 0.7299702 1.2433879 2.7943940 2.5572223 1.4254020 
Teiidae           0.8008907 0.7931014 0.8433931 0.8169685 0.9191005 0.9026909 0.8107297 0.8312425 0.8633326 0.7875137 0.8375958 0.8367406 0.8129155 0.8172015 0.8052572 0.7792204 0.7835178 0.7697388 0.7862993 0.7493488 0.7506126 0.7634865 0.7167814 0.7925206 0.7455257 0.7483521 0.8001512 0.7581076 0.8055752 1.0012650 0.7915966 1.0020517 0.4059409 0.4443188 0.4088103 0.3549652 0.0000000 0.4799600 0.8019513 0.7208073 0.7510552 0.7118309 0.7198280 0.7210225 0.7485605 0.7366379 0.8368713 1.3954487 3.0159459 2.6296955 1.5837000 
Eublepharidae     0.7505171 0.7427673 0.8269787 0.7993629 0.8358219 0.8325241 0.7936023 0.7791005 0.8712702 0.7766785 0.8085231 0.7937363 0.7594755 0.7562992 0.7665121 0.7915559 0.8014672 0.8049595 0.8074162 0.7494222 0.7304848 0.7500892 0.7309841 0.7751362 0.7604289 0.7523881 0.7907253 0.7823229 0.7944825 0.9083880 0.7747153 0.9574191 0.4136731 0.4374683 0.4219716 0.3603879 0.4799600 0.0000000 0.8210860 0.7441072 0.7805007 0.7265223 0.7227431 0.7560147 0.7638931 0.7706381 0.8110155 1.2696397 2.6978609 2.5902100 1.4770415 
Dicamptodontidae  0.7722473 0.8106572 0.8857906 0.8682733 0.9213628 0.9126669 0.8163163 0.8492723 0.8737672 0.8764348 0.8647008 0.8865117 0.8344925 0.8196370 0.8412679 0.8349251 0.8583700 0.8544883 0.8767076 0.8605595 0.9197013 0.8784384 0.8592445 0.9123783 0.8706684 0.9006496 0.9402734 0.9043098 0.8567416 1.1103688 0.9117823 1.0641038 0.7667619 0.8140095 0.7781030 0.7038509 0.8019513 0.8210860 0.0000000 0.3698188 0.4189526 0.3322293 0.3317280 0.3732190 0.3951006 0.4231234 0.5399918 1.1823264 2.6536397 2.4790168 1.3597929 
Alytidae          0.7343349 0.7383477 0.8351876 0.7912849 0.8164721 0.8569468 0.8024795 0.7910033 0.8127738 0.7774365 0.8081329 0.8177448 0.7831880 0.7790147 0.7485395 0.7548618 0.8036876 0.8022267 0.8394345 0.8253857 0.8596475 0.8376347 0.8162030 0.8344034 0.8116225 0.8437266 0.8547094 0.8554495 0.8301656 1.0940411 0.8717553 0.9775369 0.6595336 0.7203027 0.6647881 0.6322511 0.7208073 0.7441072 0.3698188 0.0000000 0.3077992 0.2405091 0.2374875 0.2870123 0.2759565 0.3179632 0.4604871 1.1066292 2.7005632 2.4541549 1.4144281 
Heleophrynidae    0.7159007 0.7743663 0.8400956 0.8121934 0.8082763 0.8645062 0.7844901 0.8291990 0.8529527 0.7849859 0.7897849 0.7904542 0.7747460 0.7694657 0.7748771 0.7916439 0.7992978 0.7975994 0.8671588 0.8394958 0.8847126 0.8744418 0.8521265 0.8844655 0.8509247 0.8623873 0.8903208 0.8621687 0.8589649 1.0770700 0.8312560 1.0163104 0.7641206 0.7679733 0.7340504 0.6859186 0.7510552 0.7805007 0.4189526 0.3077992 0.0000000 0.2115659 0.2062172 0.2378888 0.2464573 0.2772399 0.4965587 1.2162776 2.5472461 2.3643961 1.4220540 
Leptodactylidae   0.6549143 0.7225124 0.7868698 0.7485223 0.7791376 0.8053332 0.7416802 0.7409566 0.7805905 0.7165689 0.7181511 0.7457132 0.7100297 0.7122285 0.7265958 0.7297633 0.7595306 0.7629432 0.8216462 0.7977472 0.8268589 0.8057001 0.7835564 0.8307835 0.8100272 0.8119415 0.8409460 0.8119944 0.8234920 1.0472827 0.8206348 0.9346381 0.7118013 0.7194662 0.6725009 0.6382357 0.7118309 0.7265223 0.3322293 0.2405091 0.2115659 0.0000000 0.0340165 0.1541857 0.1633844 0.2009094 0.4396735 1.1384943 2.6237489 2.4332530 1.3448989 
Strabomantidae    0.6605221 0.7317263 0.7863675 0.7568626 0.7779688 0.8095581 0.7473693 0.7434969 0.7880161 0.7234918 0.7302780 0.7557641 0.7111256 0.7149557 0.7257104 0.7238138 0.7599590 0.7617499 0.8359837 0.7860916 0.8131344 0.7923467 0.7702006 0.8213779 0.7979856 0.8025708 0.8258796 0.8032535 0.8109870 1.0622950 0.7978747 0.9310770 0.7230741 0.7261405 0.6781916 0.6374578 0.7198280 0.7227431 0.3317280 0.2374875 0.2062172 0.0340165 0.0000000 0.1538661 0.1631345 0.1942371 0.4442692 1.1518101 2.6626876 2.4317219 1.3836180 
Micrixalidae      0.6701147 0.7219686 0.7951837 0.7577251 0.7883759 0.8216254 0.7478328 0.7579974 0.7874479 0.7123894 0.7402441 0.7545087 0.7296235 0.7212520 0.7114839 0.7107892 0.7379024 0.7472713 0.9092428 0.8414109 0.8754053 0.8668259 0.8294040 0.9012303 0.8710156 0.8857052 0.9142617 0.8828376 0.8543918 1.0971837 0.8449975 0.9810610 0.7295420 0.7251301 0.7021311 0.6735169 0.7210225 0.7560147 0.3732190 0.2870123 0.2378888 0.1541857 0.1538661 0.0000000 0.1464588 0.1661755 0.4582320 1.1697466 2.5344962 2.4633840 1.4239624 
Hemisotidae       0.7091350 0.7367582 0.8101232 0.7690313 0.7832904 0.8277498 0.7726159 0.7530371 0.7941386 0.7222671 0.7402535 0.7539730 0.7509914 0.7337811 0.7512864 0.7404488 0.7815112 0.7804203 0.8609549 0.8209429 0.8456326 0.8312027 0.8007869 0.8678037 0.8450164 0.8487746 0.8687422 0.8478375 0.8413551 1.0900370 0.8663430 1.0079457 0.7469282 0.7368892 0.7227236 0.6839835 0.7485605 0.7638931 0.3951006 0.2759565 0.2464573 0.1633844 0.1631345 0.1464588 0.0000000 0.1764928 0.4561366 1.2505009 2.7127784 2.4679601 1.3866207 
Asterophryidae    0.7097111 0.7482445 0.8214922 0.7877018 0.8032410 0.8363985 0.7882800 0.7950207 0.8402712 0.7530357 0.7741942 0.7905100 0.7540808 0.7407691 0.7672252 0.7249693 0.7702702 0.7710556 0.8612845 0.7840642 0.8230815 0.8207124 0.7769764 0.8386611 0.8082301 0.8166139 0.8470965 0.8077602 0.8074200 1.0981081 0.8469050 0.9812022 0.7640535 0.7687662 0.7352299 0.6798376 0.7366379 0.7706381 0.4231234 0.3179632 0.2772399 0.2009094 0.1942371 0.1661755 0.1764928 0.0000000 0.5005803 1.2345496 2.6905913 2.5426314 1.4418674 
Caeciliidae2      0.8007834 0.8495716 0.8912208 0.8829880 0.9048547 0.9224450 0.8471826 0.8629443 0.8826187 0.8236026 0.8195512 0.8552233 0.8183460 0.8278546 0.8625810 0.8002458 0.8412654 0.8334573 0.8697884 0.8856872 0.9206180 0.8735619 0.8685213 0.9220098 0.9131651 0.9091230 0.9473288 0.8983667 0.8631285 1.0724952 0.9150209 1.0585839 0.7997382 0.7980678 0.7622544 0.7299702 0.8368713 0.8110155 0.5399918 0.4604871 0.4965587 0.4396735 0.4442692 0.4582320 0.4561366 0.5005803 0.0000000 1.2161322 2.5617388 2.4985389 1.4805173 
Polypteriformes   1.3361261 1.3692292 1.4030689 1.3926806 1.4534722 1.4139192 1.4109493 1.3964065 1.4369265 1.3918908 1.3850211 1.4614179 1.3782788 1.3792386 1.3920976 1.3533287 1.3701479 1.3789506 1.4580017 1.4253685 1.3755023 1.3670141 1.3791184 1.3531059 1.3894007 1.4479845 1.4086338 1.4114925 1.3813724 1.6557429 1.3755391 1.5428905 1.3107223 1.4111626 1.3078984 1.2433879 1.3954487 1.2696397 1.1823264 1.1066292 1.2162776 1.1384943 1.1518101 1.1697466 1.2505009 1.2345496 1.2161322 0.0000000 2.9919972 2.5417692 1.9123271 
Channichthyidae   2.8976175 3.0422236 3.0028187 3.0182007 3.0323708 3.0011562 2.9117502 3.0607707 3.1747168 3.2048748 3.1854249 3.2178500 3.0106287 3.0706686 3.1213673 2.8835839 2.9059822 2.9860122 2.9367118 2.7435077 2.9741266 2.8026762 2.7744605 2.6394121 2.6757450 2.6982814 2.8223426 2.9020841 2.7870460 2.7894117 2.7866703 2.7959644 2.7582853 2.7850021 2.8500660 2.7943940 3.0159459 2.6978609 2.6536397 2.7005632 2.5472461 2.6237489 2.6626876 2.5344962 2.7127784 2.6905913 2.5617388 2.9919972 0.0000000 0.9799688 3.8874532 
Pseudaphritidae   2.7769437 2.7530588 2.6673300 2.6544071 2.8425415 2.9457561 2.6348336 2.8557342 2.9158674 2.9082881 3.0432122 2.8703918 2.8200293 2.7451280 2.9108757 2.5223727 2.5448183 2.6923412 2.6147173 2.4757492 2.5787400 2.4628242 2.4472193 2.5117906 2.5009894 2.5373849 2.5618273 2.6057801 2.6469222 2.7250106 2.4912352 2.5690361 2.4440655 2.6643314 2.5142522 2.5572223 2.6296955 2.5902100 2.4790168 2.4541549 2.3643961 2.4332530 2.4317219 2.4633840 2.4679601 2.5426314 2.4985389 2.5417692 0.9799688 0.0000000 3.2576001 
Carcharhinidae    1.5022818 1.5522760 1.5677489 1.5630046 1.6259798 1.6219608 1.5917690 1.6419626 1.6335768 1.5779821 1.5994313 1.5998038 1.6009112 1.5964608 1.5839180 1.5282863 1.5537070 1.5726397 1.6975883 1.5850924 1.6276586 1.6246145 1.5937508 1.6170314 1.5707325 1.6396223 1.6851576 1.6254419 1.5159761 1.6511906 1.6361952 1.7125628 1.4361958 1.4594427 1.3392646 1.4254020 1.5837000 1.4770415 1.3597929 1.4144281 1.4220540 1.3448989 1.3836180 1.4239624 1.3866207 1.4418674 1.4805173 1.9123271 3.8874532 3.2576001 0.0000000 
