51
Pitheciidae       0.0000000 0.1306962 0.1159026 0.1178472 0.1245786 0.1122256 0.1007495 0.1006913 0.1057307 0.1212207 0.1229417 0.1196458 0.1110109 0.1108788 0.1024725 0.2712953 0.2317515 0.2044159 0.5607607 0.5503781 0.5311678 0.5367516 0.5380908 0.5498942 0.5451376 0.5709508 0.5646398 0.5696265 0.5389450 0.9121880 0.7863029 0.5518688 0.4784330 0.3999843 0.3983394 0.5258276 0.4763256 0.3975994 0.5741387 0.5319698 0.6121616 0.6183923 0.5832183 0.5883972 0.5936867 0.5526088 0.6224749 1.7506727 1.6600487 1.6997276 2.5126230 
Scandentia        0.1306962 0.0000000 0.1230637 0.1264960 0.1444955 0.1277802 0.1078547 0.1077917 0.1145555 0.1318184 0.1371714 0.1269112 0.1199413 0.1232397 0.1200487 0.2785642 0.2381457 0.2147355 0.5901874 0.5776457 0.5455718 0.5595150 0.5578643 0.5645008 0.5633547 0.5919977 0.5883594 0.5969683 0.5657938 0.9825047 0.8108321 0.5666099 0.4697807 0.4018614 0.3946843 0.5336165 0.4931830 0.3976201 0.5839113 0.5448788 0.6226709 0.6229796 0.5825851 0.6025158 0.6086331 0.5614452 0.6307716 1.7603612 1.7380909 1.7667862 2.7817871 
Erethizontidae    0.1159026 0.1230637 0.0000000 0.0372140 0.1105882 0.0948099 0.0804265 0.0820324 0.0885518 0.1067076 0.1171250 0.1054164 0.1037430 0.0985507 0.0987925 0.2614121 0.2030521 0.1857419 0.5348319 0.5189374 0.4985695 0.5089176 0.5051107 0.5158195 0.5142502 0.5357518 0.5325473 0.5400474 0.5229657 0.9188010 0.7661710 0.5370514 0.4594837 0.3744172 0.3726856 0.4985569 0.4389004 0.3759856 0.5389698 0.5168088 0.6104388 0.6008053 0.5650048 0.5729836 0.5827152 0.5466522 0.6156465 1.7782659 1.7040795 1.6776308 2.5303411 
Capromyidae       0.1178472 0.1264960 0.0372140 0.0000000 0.1124930 0.0933908 0.0887944 0.0888030 0.0970169 0.1120152 0.1191214 0.1124497 0.1039764 0.0938137 0.0973666 0.2644533 0.2136475 0.1900745 0.5504345 0.5286221 0.5108868 0.5239397 0.5200459 0.5253646 0.5263830 0.5513871 0.5482059 0.5588716 0.5326095 0.9173967 0.7584874 0.5441955 0.4679254 0.3842019 0.3728599 0.5160898 0.4392042 0.3809831 0.5475308 0.5252832 0.6112441 0.6077617 0.5596410 0.5736198 0.5842496 0.5556310 0.6180165 1.7198334 1.6814467 1.6511593 2.5136828 
Muridae           0.1245786 0.1444955 0.1105882 0.1124930 0.0000000 0.1003289 0.1022627 0.1022037 0.1072445 0.1243436 0.1313069 0.1245466 0.1210880 0.1158050 0.1143671 0.2583548 0.2294867 0.2039553 0.5511091 0.5407289 0.5249448 0.5273749 0.5286800 0.5460238 0.5324853 0.5562093 0.5584251 0.5596826 0.5418786 0.8867244 0.7872784 0.5537143 0.4530556 0.3825745 0.3854823 0.5225287 0.4488132 0.3746894 0.5583710 0.5075114 0.6345271 0.6437022 0.6052869 0.6019307 0.6101210 0.5744158 0.6492122 1.7171598 1.7313454 1.7112870 2.6308303 
Castoridae        0.1122256 0.1277802 0.0948099 0.0933908 0.1003289 0.0000000 0.0917856 0.0950245 0.0983586 0.1101564 0.1254525 0.1137076 0.1119694 0.1018064 0.0936689 0.2569075 0.2107059 0.2028701 0.5413541 0.5306851 0.5183484 0.5151965 0.5164517 0.5222374 0.5201633 0.5449411 0.5501396 0.5492961 0.5289288 0.8989854 0.7645261 0.5319463 0.4500265 0.3730984 0.3710720 0.5097360 0.4479966 0.3712003 0.5400744 0.5158880 0.5660423 0.6056536 0.5573654 0.5686538 0.5670008 0.5396907 0.6059180 1.7816630 1.6946631 1.7130165 2.6068631 
Suidae            0.1007495 0.1078547 0.0804265 0.0887944 0.1022627 0.0917856 0.0000000 0.0391283 0.0437692 0.0836800 0.0853248 0.0772636 0.0740179 0.0707560 0.0838659 0.2400408 0.1954409 0.1747972 0.5142441 0.5040260 0.4867220 0.4890678 0.4848813 0.5013186 0.5022156 0.5157851 0.5151586 0.5224685 0.5051613 0.8957611 0.7576311 0.5272671 0.4446657 0.3631865 0.3565667 0.4913313 0.4303162 0.3668673 0.5272432 0.4805579 0.5742598 0.5706842 0.5410257 0.5553235 0.5542335 0.5204922 0.5777151 1.7231499 1.6628629 1.6412551 2.5568717 
Hippopotamidae    0.1006913 0.1077917 0.0820324 0.0888030 0.1022037 0.0950245 0.0391283 0.0000000 0.0468493 0.0836328 0.0902166 0.0821055 0.0756145 0.0723074 0.0787701 0.2314425 0.1854848 0.1670154 0.5172282 0.5101063 0.4900391 0.4923932 0.4935730 0.5047061 0.5056120 0.5243215 0.5180613 0.5285444 0.5081543 0.8734739 0.7659940 0.5360349 0.4439586 0.3573167 0.3507861 0.4878901 0.4266417 0.3596172 0.5350537 0.4763267 0.5699055 0.5700846 0.5347381 0.5510850 0.5640942 0.5164721 0.5909789 1.7350588 1.6332551 1.6364899 2.6035668 
Hyperoodontidae   0.1057307 0.1145555 0.0885518 0.0970169 0.1072445 0.0983586 0.0437692 0.0468493 0.0000000 0.0868874 0.0968403 0.0837439 0.0837369 0.0771504 0.0920295 0.2380647 0.1993159 0.1748745 0.5196283 0.5044317 0.4937869 0.4865400 0.4823796 0.5041356 0.5050340 0.5235973 0.5200400 0.5221541 0.5124625 0.9131519 0.7712803 0.5477648 0.4464066 0.3699475 0.3726103 0.5043388 0.4402545 0.3644898 0.5466434 0.4987500 0.5887010 0.5922727 0.5474213 0.5697136 0.5828333 0.5345941 0.5858840 1.7607042 1.6467485 1.6509119 2.6035939 
Vespertilionidae  0.1212207 0.1318184 0.1067076 0.1120152 0.1243436 0.1101564 0.0836800 0.0836328 0.0868874 0.0000000 0.0753094 0.0723325 0.0967995 0.0935576 0.1004253 0.2588584 0.2146954 0.1970316 0.5468441 0.5422416 0.5210916 0.5180665 0.5189032 0.5306795 0.5316476 0.5567945 0.5563133 0.5465042 0.5291815 0.9128126 0.7481470 0.5282623 0.4380932 0.3725792 0.3683230 0.4985606 0.4383558 0.3577097 0.5420953 0.5011691 0.5872136 0.5861422 0.5458688 0.5450539 0.5836646 0.5382166 0.5958775 1.8000305 1.7092081 1.6745948 2.6115871 
Furipteridae      0.1229417 0.1371714 0.1171250 0.1191214 0.1313069 0.1254525 0.0853248 0.0902166 0.0968403 0.0753094 0.0000000 0.0820622 0.0984832 0.1019167 0.1071734 0.2590244 0.2225625 0.1956424 0.5165523 0.5182046 0.4972954 0.4996567 0.4954580 0.5121055 0.5105368 0.5261641 0.5312583 0.5441744 0.5105368 0.9179583 0.7397590 0.5381753 0.4557305 0.3827701 0.3689488 0.5109010 0.4469911 0.3695693 0.5430530 0.5157795 0.6025603 0.5927983 0.5675965 0.5771246 0.5990695 0.5529907 0.5930101 1.7394193 1.7299092 1.6755286 2.6301946 
Rhinolophidae     0.1196458 0.1269112 0.1054164 0.1124497 0.1245466 0.1137076 0.0772636 0.0821055 0.0837439 0.0723325 0.0820622 0.0000000 0.0971687 0.0920738 0.1053379 0.2443754 0.2035707 0.1864542 0.5367304 0.5320596 0.5088231 0.5081767 0.5065040 0.5177378 0.5161648 0.5321429 0.5315689 0.5362834 0.5329796 0.9135041 0.7589871 0.5411123 0.4389305 0.3761836 0.3693625 0.4897203 0.4515455 0.3564551 0.5333618 0.4933439 0.5796242 0.5684252 0.5241941 0.5394537 0.5626899 0.5240084 0.6014532 1.7584157 1.6605176 1.6401224 2.5563066 
Viverridae        0.1110109 0.1199413 0.1037430 0.1039764 0.1210880 0.1119694 0.0740179 0.0756145 0.0837369 0.0967995 0.0984832 0.0971687 0.0000000 0.0642101 0.1005654 0.2585950 0.2085037 0.1895040 0.5082508 0.4983272 0.4786785 0.4809981 0.4834771 0.4931205 0.4885881 0.5066769 0.5060775 0.5181345 0.4890346 0.8459472 0.7509414 0.5450703 0.4417042 0.3651563 0.3514894 0.4696809 0.4257037 0.3583068 0.5297756 0.5013738 0.5867505 0.5747309 0.5393090 0.5450486 0.5514413 0.5190928 0.5818179 1.7674948 1.6887779 1.7027984 2.4767410 
Procyonidae       0.1108788 0.1232397 0.0985507 0.0938137 0.1158050 0.1018064 0.0707560 0.0723074 0.0771504 0.0935576 0.1019167 0.0920738 0.0642101 0.0000000 0.0954427 0.2448655 0.2050911 0.1860375 0.5378514 0.5275246 0.5068530 0.5037415 0.5020725 0.5218433 0.5142795 0.5332123 0.5383101 0.5404485 0.5202012 0.8761949 0.7551723 0.5379707 0.4417697 0.3752279 0.3544473 0.5078080 0.4373304 0.3650306 0.5507771 0.4899410 0.5832770 0.5827919 0.5436389 0.5554235 0.5742466 0.5349977 0.5952930 1.7654499 1.6610240 1.6472641 2.5885990 
Myrmecophagidae   0.1024725 0.1200487 0.0987925 0.0973666 0.1143671 0.0936689 0.0838659 0.0787701 0.0920295 0.1004253 0.1071734 0.1053379 0.1005654 0.0954427 0.0000000 0.2353467 0.1903306 0.1716584 0.5373290 0.5214886 0.4955568 0.5033810 0.5017126 0.5109035 0.5009482 0.5306000 0.5243606 0.5322142 0.5224124 0.8854705 0.7466006 0.5191344 0.4309411 0.3655697 0.3613766 0.4850684 0.4296388 0.3600870 0.5247859 0.5062098 0.5714707 0.5716968 0.5383691 0.5389374 0.5516226 0.5184616 0.5948334 1.7346090 1.6548217 1.6351777 2.5926203 
Caluromyidae      0.2712953 0.2785642 0.2614121 0.2644533 0.2583548 0.2569075 0.2400408 0.2314425 0.2380647 0.2588584 0.2590244 0.2443754 0.2585950 0.2448655 0.2353467 0.0000000 0.1806321 0.1624469 0.6177001 0.6023193 0.5732858 0.5834352 0.5997709 0.6004207 0.5788091 0.6198244 0.6073716 0.6131318 0.5896781 0.9628992 0.8075831 0.5718243 0.4780290 0.4165834 0.4245546 0.5219486 0.4935210 0.4218011 0.5740102 0.5342819 0.6545310 0.6533655 0.6022708 0.6286050 0.6662990 0.6157925 0.6248914 1.8040143 1.7188237 1.6350525 2.6824340 
Thylacomyidae     0.2317515 0.2381457 0.2030521 0.2136475 0.2294867 0.2107059 0.1954409 0.1854848 0.1993159 0.2146954 0.2225625 0.2035707 0.2085037 0.2050911 0.1903306 0.1806321 0.0000000 0.0884204 0.5801439 0.5692318 0.5415766 0.5440316 0.5459781 0.5596766 0.5256130 0.5718544 0.5597197 0.5660788 0.5606207 0.9214746 0.7935327 0.5357469 0.4633559 0.3940609 0.3933993 0.5095439 0.4671921 0.3908014 0.5420281 0.5486932 0.6084527 0.6151418 0.5645071 0.6007614 0.6041597 0.5820036 0.6145795 1.7744308 1.6267262 1.6544029 2.5862881 
Phalangeridae     0.2044159 0.2147355 0.1857419 0.1900745 0.2039553 0.2028701 0.1747972 0.1670154 0.1748745 0.1970316 0.1956424 0.1864542 0.1895040 0.1860375 0.1716584 0.1624469 0.0884204 0.0000000 0.5322989 0.5278156 0.4884260 0.4907365 0.5021418 0.5166023 0.4838319 0.5251471 0.5189094 0.5381174 0.5089634 0.9498684 0.7718641 0.5517271 0.4297952 0.3690076 0.3683787 0.4981123 0.4459917 0.3678637 0.5201478 0.5303457 0.5884104 0.5756560 0.5334855 0.5733326 0.5846548 0.5499379 0.5854946 1.7579122 1.6708421 1.6507751 2.5551540 
Tityridae         0.5607607 0.5901874 0.5348319 0.5504345 0.5511091 0.5413541 0.5142441 0.5172282 0.5196283 0.5468441 0.5165523 0.5367304 0.5082508 0.5378514 0.5373290 0.6177001 0.5801439 0.5322989 0.0000000 0.1027017 0.0952027 0.0899418 0.1039954 0.1134546 0.1070573 0.1055266 0.1213646 0.1336712 0.1157287 0.8993073 0.7612438 0.4878030 0.4948264 0.4306025 0.4566569 0.5829002 0.5003316 0.4554324 0.6950845 0.6525674 0.7555430 0.7690972 0.7640364 0.7507315 0.7461759 0.7151890 0.7340187 1.9561988 1.9544403 1.9078892 2.6142433 
Ptilonorhynchidae 0.5503781 0.5776457 0.5189374 0.5286221 0.5407289 0.5306851 0.5040260 0.5101063 0.5044317 0.5422416 0.5182046 0.5320596 0.4983272 0.5275246 0.5214886 0.6023193 0.5692318 0.5278156 0.1027017 0.0000000 0.0821754 0.0736815 0.0873281 0.0901066 0.0952900 0.0956141 0.1095181 0.1163271 0.1145031 0.8349711 0.7694425 0.4744245 0.4813937 0.4164246 0.4322360 0.5371768 0.4906263 0.4376161 0.6902127 0.6484752 0.7870221 0.7777844 0.7721515 0.7743080 0.7731516 0.7410168 0.7410216 1.8994201 1.9352414 1.9185465 2.5567037 
Callaeatidae      0.5311678 0.5455718 0.4985695 0.5108868 0.5249448 0.5183484 0.4867220 0.4900391 0.4937869 0.5210916 0.4972954 0.5088231 0.4786785 0.5068530 0.4955568 0.5732858 0.5415766 0.4884260 0.0952027 0.0821754 0.0000000 0.0496002 0.0562608 0.0669517 0.0655706 0.0673722 0.0789553 0.0871221 0.1149678 0.8437211 0.7963845 0.4768732 0.4561990 0.4008148 0.4067124 0.5286434 0.4586933 0.4096024 0.6621140 0.6489486 0.7145854 0.7264113 0.7079042 0.7268314 0.7227796 0.6915706 0.7012282 1.8216359 1.8929986 1.8909317 2.4169865 
Monarchidae       0.5367516 0.5595150 0.5089176 0.5239397 0.5273749 0.5151965 0.4890678 0.4923932 0.4865400 0.5180665 0.4996567 0.5081767 0.4809981 0.5037415 0.5033810 0.5834352 0.5440316 0.4907365 0.0899418 0.0736815 0.0496002 0.0000000 0.0328241 0.0618946 0.0620708 0.0622385 0.0752844 0.0721169 0.1065172 0.8390576 0.7833573 0.4759625 0.4528177 0.3857360 0.4009889 0.5190345 0.4691537 0.4204751 0.6637332 0.6542441 0.7103042 0.7419766 0.7103459 0.7355125 0.7209881 0.7037739 0.6993604 1.8328803 1.8602828 1.8400637 2.4071350 
Malaconotidae     0.5380908 0.5578643 0.5051107 0.5200459 0.5286800 0.5164517 0.4848813 0.4935730 0.4823796 0.5189032 0.4954580 0.5065040 0.4834771 0.5020725 0.5017126 0.5997709 0.5459781 0.5021418 0.1039954 0.0873281 0.0562608 0.0328241 0.0000000 0.0671261 0.0689568 0.0739604 0.0873526 0.0871986 0.1209923 0.8460281 0.7823512 0.4755634 0.4577248 0.4000066 0.4081958 0.5335979 0.4686964 0.4252875 0.6731730 0.6876720 0.7365552 0.7693567 0.7426572 0.7524110 0.7412993 0.7196467 0.7212955 1.8985550 1.8895252 1.8696725 2.4936232 
Certhiidae        0.5498942 0.5645008 0.5158195 0.5253646 0.5460238 0.5222374 0.5013186 0.5047061 0.5041356 0.5306795 0.5121055 0.5177378 0.4931205 0.5218433 0.5109035 0.6004207 0.5596766 0.5166023 0.1134546 0.0901066 0.0669517 0.0618946 0.0671261 0.0000000 0.0683846 0.0685707 0.0849907 0.0866398 0.1287855 0.8361417 0.8040875 0.4870156 0.4641990 0.4136596 0.4242307 0.5486313 0.4754147 0.4189438 0.6735136 0.6540623 0.7241363 0.7524767 0.7364015 0.7503762 0.7548856 0.7144796 0.7201340 1.8337924 1.9126100 1.8938824 2.4800931 
Cinclidae         0.5451376 0.5633547 0.5142502 0.5263830 0.5324853 0.5201633 0.5022156 0.5056120 0.5050340 0.5316476 0.5105368 0.5161648 0.4885881 0.5142795 0.5009482 0.5788091 0.5256130 0.4838319 0.1070573 0.0952900 0.0655706 0.0620708 0.0689568 0.0683846 0.0000000 0.0703858 0.0819838 0.0901683 0.1240668 0.8440918 0.8095323 0.5023486 0.4589483 0.4021324 0.4076766 0.5178913 0.4647656 0.4261790 0.6545789 0.6673372 0.7327353 0.7581332 0.7389586 0.7341814 0.7398722 0.7219841 0.7071064 1.8465518 1.9119942 1.9034747 2.3802062 
Ploceidae         0.5709508 0.5919977 0.5357518 0.5513871 0.5562093 0.5449411 0.5157851 0.5243215 0.5235973 0.5567945 0.5261641 0.5321429 0.5066769 0.5332123 0.5306000 0.6198244 0.5718544 0.5251471 0.1055266 0.0956141 0.0673722 0.0622385 0.0739604 0.0685707 0.0703858 0.0000000 0.0373839 0.0855279 0.1296292 0.8290852 0.7846215 0.4906478 0.4689396 0.4153081 0.4149091 0.5573399 0.4836669 0.4308243 0.6688462 0.6435174 0.7333211 0.7370092 0.7182386 0.7388718 0.7365759 0.7228067 0.7160452 1.9485961 1.8987306 1.8865829 2.3872925 
Thraupidae        0.5646398 0.5883594 0.5325473 0.5482059 0.5584251 0.5501396 0.5151586 0.5180613 0.5200400 0.5563133 0.5312583 0.5315689 0.5060775 0.5383101 0.5243606 0.6073716 0.5597197 0.5189094 0.1213646 0.1095181 0.0789553 0.0752844 0.0873526 0.0849907 0.0819838 0.0373839 0.0000000 0.0991909 0.1442733 0.8387438 0.7943794 0.5118587 0.4845630 0.4369955 0.4340395 0.5808060 0.4828084 0.4374144 0.7019904 0.6693121 0.7404517 0.7521940 0.7193227 0.7394775 0.7415599 0.7266696 0.7193651 1.8554457 1.8796693 1.8836987 2.4523749 
Alaudidae         0.5696265 0.5969683 0.5400474 0.5588716 0.5596826 0.5492961 0.5224685 0.5285444 0.5221541 0.5465042 0.5441744 0.5362834 0.5181345 0.5404485 0.5322142 0.6131318 0.5660788 0.5381174 0.1336712 0.1163271 0.0871221 0.0721169 0.0871986 0.0866398 0.0901683 0.0855279 0.0991909 0.0000000 0.1475382 0.8855781 0.8655336 0.5212278 0.4918360 0.4443988 0.4580011 0.5774182 0.5066483 0.4575368 0.7198505 0.7055364 0.7662013 0.7751471 0.7524367 0.7823190 0.7622656 0.7410583 0.7825929 1.8838104 1.9527967 1.9271273 2.5533901 
Coraciiformes     0.5389450 0.5657938 0.5229657 0.5326095 0.5418786 0.5289288 0.5051613 0.5081543 0.5124625 0.5291815 0.5105368 0.5329796 0.4890346 0.5202012 0.5224124 0.5896781 0.5606207 0.5089634 0.1157287 0.1145031 0.1149678 0.1065172 0.1209923 0.1287855 0.1240668 0.1296292 0.1442733 0.1475382 0.0000000 0.8477658 0.7440882 0.4766276 0.4745998 0.3995968 0.4101070 0.5302184 0.4556819 0.4247742 0.6688724 0.6387887 0.7154454 0.7422252 0.7336608 0.7320199 0.7365990 0.7139682 0.6849304 1.8436071 1.9274652 1.9310997 2.6850488 
Crocodylidae      0.9121880 0.9825047 0.9188010 0.9173967 0.8867244 0.8989854 0.8957611 0.8734739 0.9131519 0.9128126 0.9179583 0.9135041 0.8459472 0.8761949 0.8854705 0.9628992 0.9214746 0.9498684 0.8993073 0.8349711 0.8437211 0.8390576 0.8460281 0.8361417 0.8440918 0.8290852 0.8387438 0.8855781 0.8477658 0.0000000 1.2440952 0.8752196 0.8050105 0.7747144 0.7675698 0.8234347 0.8197305 0.7936829 1.0210188 1.0248326 1.2837664 1.2422686 1.1801456 1.1721441 1.2155695 1.1596307 1.2807061 2.8382447 2.3605062 2.3352533 3.5852553 
Carettochelyidae  0.7863029 0.8108321 0.7661710 0.7584874 0.7872784 0.7645261 0.7576311 0.7659940 0.7712803 0.7481470 0.7397590 0.7589871 0.7509414 0.7551723 0.7466006 0.8075831 0.7935327 0.7718641 0.7612438 0.7694425 0.7963845 0.7833573 0.7823512 0.8040875 0.8095323 0.7846215 0.7943794 0.8655336 0.7440882 1.2440952 0.0000000 0.4600635 0.7314629 0.6260136 0.6222975 0.7136840 0.7205795 0.6270822 0.9259718 0.8793210 0.9612898 0.9818101 0.9980070 0.9261297 0.9110888 0.9330818 0.9390590 1.9849836 2.0421114 2.0354801 2.7929632 
Kinosternidae     0.5518688 0.5666099 0.5370514 0.5441955 0.5537143 0.5319463 0.5272671 0.5360349 0.5477648 0.5282623 0.5381753 0.5411123 0.5450703 0.5379707 0.5191344 0.5718243 0.5357469 0.5517271 0.4878030 0.4744245 0.4768732 0.4759625 0.4755634 0.4870156 0.5023486 0.4906478 0.5118587 0.5212278 0.4766276 0.8752196 0.4600635 0.0000000 0.5231968 0.3953101 0.4224326 0.5380330 0.4785409 0.4001517 0.6412052 0.6063880 0.7660870 0.7426719 0.7435610 0.7445339 0.7139004 0.7175789 0.7641082 1.8197441 1.8934329 1.8479149 2.7338370 
Anomalepididae    0.4784330 0.4697807 0.4594837 0.4679254 0.4530556 0.4500265 0.4446657 0.4439586 0.4464066 0.4380932 0.4557305 0.4389305 0.4417042 0.4417697 0.4309411 0.4780290 0.4633559 0.4297952 0.4948264 0.4813937 0.4561990 0.4528177 0.4577248 0.4641990 0.4589483 0.4689396 0.4845630 0.4918360 0.4745998 0.8050105 0.7314629 0.5231968 0.0000000 0.1960571 0.2011321 0.2873140 0.2838756 0.2491641 0.5677054 0.4925814 0.5991537 0.5895303 0.5827711 0.5862564 0.6121463 0.5790100 0.6469838 1.6736200 1.8255580 1.8649594 2.6085710 
Loxocemidae       0.3999843 0.4018614 0.3744172 0.3842019 0.3825745 0.3730984 0.3631865 0.3573167 0.3699475 0.3725792 0.3827701 0.3761836 0.3651563 0.3752279 0.3655697 0.4165834 0.3940609 0.3690076 0.4306025 0.4164246 0.4008148 0.3857360 0.4000066 0.4136596 0.4021324 0.4153081 0.4369955 0.4443988 0.3995968 0.7747144 0.6260136 0.3953101 0.1960571 0.0000000 0.0753144 0.2313816 0.2106837 0.1693808 0.4962070 0.4560964 0.5444576 0.5736039 0.5613810 0.5377313 0.5427518 0.5287484 0.5966503 1.7128530 1.7748163 1.8054886 2.5150002 
Natricidae        0.3983394 0.3946843 0.3726856 0.3728599 0.3854823 0.3710720 0.3565667 0.3507861 0.3726103 0.3683230 0.3689488 0.3693625 0.3514894 0.3544473 0.3613766 0.4245546 0.3933993 0.3683787 0.4566569 0.4322360 0.4067124 0.4009889 0.4081958 0.4242307 0.4076766 0.4149091 0.4340395 0.4580011 0.4101070 0.7675698 0.6222975 0.4224326 0.2011321 0.0753144 0.0000000 0.2508442 0.2161126 0.1881950 0.5058839 0.4587870 0.5534264 0.5762070 0.5666467 0.5384493 0.5403016 0.5348361 0.5899976 1.7138924 1.7582185 1.7460706 2.5217799 
Xenosauridae      0.5258276 0.5336165 0.4985569 0.5160898 0.5225287 0.5097360 0.4913313 0.4878901 0.5043388 0.4985606 0.5109010 0.4897203 0.4696809 0.5078080 0.4850684 0.5219486 0.5095439 0.4981123 0.5829002 0.5371768 0.5286434 0.5190345 0.5335979 0.5486313 0.5178913 0.5573399 0.5808060 0.5774182 0.5302184 0.8234347 0.7136840 0.5380330 0.2873140 0.2313816 0.2508442 0.0000000 0.3250776 0.2937239 0.5937233 0.5865853 0.6985186 0.6914688 0.6863033 0.6685957 0.6667245 0.6582126 0.7199113 1.8223719 1.8755015 1.8551326 2.7711671 
Teiidae           0.4763256 0.4931830 0.4389004 0.4392042 0.4488132 0.4479966 0.4303162 0.4266417 0.4402545 0.4383558 0.4469911 0.4515455 0.4257037 0.4373304 0.4296388 0.4935210 0.4671921 0.4459917 0.5003316 0.4906263 0.4586933 0.4691537 0.4686964 0.4754147 0.4647656 0.4836669 0.4828084 0.5066483 0.4556819 0.8197305 0.7205795 0.4785409 0.2838756 0.2106837 0.2161126 0.3250776 0.0000000 0.2431342 0.5790279 0.5298793 0.6297399 0.6236056 0.6072686 0.5786105 0.5866696 0.5781514 0.6615770 1.8460029 1.7767662 1.7978797 2.5953149 
Eublepharidae     0.3975994 0.3976201 0.3759856 0.3809831 0.3746894 0.3712003 0.3668673 0.3596172 0.3644898 0.3577097 0.3695693 0.3564551 0.3583068 0.3650306 0.3600870 0.4218011 0.3908014 0.3678637 0.4554324 0.4376161 0.4096024 0.4204751 0.4252875 0.4189438 0.4261790 0.4308243 0.4374144 0.4575368 0.4247742 0.7936829 0.6270822 0.4001517 0.2491641 0.1693808 0.1881950 0.2937239 0.2431342 0.0000000 0.5084043 0.4768462 0.6021454 0.5947208 0.5840733 0.5465296 0.5724514 0.5400695 0.5690495 1.7075064 1.7709367 1.8017659 2.6403656 
Dicamptodontidae  0.5741387 0.5839113 0.5389698 0.5475308 0.5583710 0.5400744 0.5272432 0.5350537 0.5466434 0.5420953 0.5430530 0.5333618 0.5297756 0.5507771 0.5247859 0.5740102 0.5420281 0.5201478 0.6950845 0.6902127 0.6621140 0.6637332 0.6731730 0.6735136 0.6545789 0.6688462 0.7019904 0.7198505 0.6688724 1.0210188 0.9259718 0.6412052 0.5677054 0.4962070 0.5058839 0.5937233 0.5790279 0.5084043 0.0000000 0.3161899 0.4577409 0.4244186 0.4370978 0.3938297 0.4201544 0.3918460 0.4922604 1.8006647 1.7932139 1.7641911 2.5429600 
Alytidae          0.5319698 0.5448788 0.5168088 0.5252832 0.5075114 0.5158880 0.4805579 0.4763267 0.4987500 0.5011691 0.5157795 0.4933439 0.5013738 0.4899410 0.5062098 0.5342819 0.5486932 0.5303457 0.6525674 0.6484752 0.6489486 0.6542441 0.6876720 0.6540623 0.6673372 0.6435174 0.6693121 0.7055364 0.6387887 1.0248326 0.8793210 0.6063880 0.4925814 0.4560964 0.4587870 0.5865853 0.5298793 0.4768462 0.3161899 0.0000000 0.3186851 0.2774350 0.3030133 0.2560276 0.2906257 0.2487252 0.4653546 1.7033086 1.8371286 1.8286031 2.5955977 
Heleophrynidae    0.6121616 0.6226709 0.6104388 0.6112441 0.6345271 0.5660423 0.5742598 0.5699055 0.5887010 0.5872136 0.6025603 0.5796242 0.5867505 0.5832770 0.5714707 0.6545310 0.6084527 0.5884104 0.7555430 0.7870221 0.7145854 0.7103042 0.7365552 0.7241363 0.7327353 0.7333211 0.7404517 0.7662013 0.7154454 1.2837664 0.9612898 0.7660870 0.5991537 0.5444576 0.5534264 0.6985186 0.6297399 0.6021454 0.4577409 0.3186851 0.0000000 0.2588887 0.2613840 0.2379608 0.2782090 0.2430462 0.5114174 1.8389810 1.8786215 1.8578165 2.5442578 
Leptodactylidae   0.6183923 0.6229796 0.6008053 0.6077617 0.6437022 0.6056536 0.5706842 0.5700846 0.5922727 0.5861422 0.5927983 0.5684252 0.5747309 0.5827919 0.5716968 0.6533655 0.6151418 0.5756560 0.7690972 0.7777844 0.7264113 0.7419766 0.7693567 0.7524767 0.7581332 0.7370092 0.7521940 0.7751471 0.7422252 1.2422686 0.9818101 0.7426719 0.5895303 0.5736039 0.5762070 0.6914688 0.6236056 0.5947208 0.4244186 0.2774350 0.2588887 0.0000000 0.0758125 0.1559292 0.1780603 0.1500689 0.5120940 1.7733680 1.8386083 1.9284813 2.6298516 
Strabomantidae    0.5832183 0.5825851 0.5650048 0.5596410 0.6052869 0.5573654 0.5410257 0.5347381 0.5474213 0.5458688 0.5675965 0.5241941 0.5393090 0.5436389 0.5383691 0.6022708 0.5645071 0.5334855 0.7640364 0.7721515 0.7079042 0.7103459 0.7426572 0.7364015 0.7389586 0.7182386 0.7193227 0.7524367 0.7336608 1.1801456 0.9980070 0.7435610 0.5827711 0.5613810 0.5666467 0.6863033 0.6072686 0.5840733 0.4370978 0.3030133 0.2613840 0.0758125 0.0000000 0.1772943 0.1955377 0.1728754 0.5374864 1.7744397 1.8208795 1.9074721 2.6987698 
Micrixalidae      0.5883972 0.6025158 0.5729836 0.5736198 0.6019307 0.5686538 0.5553235 0.5510850 0.5697136 0.5450539 0.5771246 0.5394537 0.5450486 0.5554235 0.5389374 0.6286050 0.6007614 0.5733326 0.7507315 0.7743080 0.7268314 0.7355125 0.7524110 0.7503762 0.7341814 0.7388718 0.7394775 0.7823190 0.7320199 1.1721441 0.9261297 0.7445339 0.5862564 0.5377313 0.5384493 0.6685957 0.5786105 0.5465296 0.3938297 0.2560276 0.2379608 0.1559292 0.1772943 0.0000000 0.1202494 0.0840717 0.4895956 1.7944397 1.8798547 1.9304283 2.5265993 
Hemisotidae       0.5936867 0.6086331 0.5827152 0.5842496 0.6101210 0.5670008 0.5542335 0.5640942 0.5828333 0.5836646 0.5990695 0.5626899 0.5514413 0.5742466 0.5516226 0.6662990 0.6041597 0.5846548 0.7461759 0.7731516 0.7227796 0.7209881 0.7412993 0.7548856 0.7398722 0.7365759 0.7415599 0.7622656 0.7365990 1.2155695 0.9110888 0.7139004 0.6121463 0.5427518 0.5403016 0.6667245 0.5866696 0.5724514 0.4201544 0.2906257 0.2782090 0.1780603 0.1955377 0.1202494 0.0000000 0.1112863 0.5089838 1.7662557 1.9183057 1.9653836 2.5554460 
Asterophryidae    0.5526088 0.5614452 0.5466522 0.5556310 0.5744158 0.5396907 0.5204922 0.5164721 0.5345941 0.5382166 0.5529907 0.5240084 0.5190928 0.5349977 0.5184616 0.6157925 0.5820036 0.5499379 0.7151890 0.7410168 0.6915706 0.7037739 0.7196467 0.7144796 0.7219841 0.7228067 0.7266696 0.7410583 0.7139682 1.1596307 0.9330818 0.7175789 0.5790100 0.5287484 0.5348361 0.6582126 0.5781514 0.5400695 0.3918460 0.2487252 0.2430462 0.1500689 0.1728754 0.0840717 0.1112863 0.0000000 0.4804543 1.8489835 1.8160712 1.8911319 2.5819044 
Caeciliidae2      0.6224749 0.6307716 0.6156465 0.6180165 0.6492122 0.6059180 0.5777151 0.5909789 0.5858840 0.5958775 0.5930101 0.6014532 0.5818179 0.5952930 0.5948334 0.6248914 0.6145795 0.5854946 0.7340187 0.7410216 0.7012282 0.6993604 0.7212955 0.7201340 0.7071064 0.7160452 0.7193651 0.7825929 0.6849304 1.2807061 0.9390590 0.7641082 0.6469838 0.5966503 0.5899976 0.7199113 0.6615770 0.5690495 0.4922604 0.4653546 0.5114174 0.5120940 0.5374864 0.4895956 0.5089838 0.4804543 0.0000000 1.8963107 2.0692352 2.0715936 2.5188557 
Polypteriformes   1.7506727 1.7603612 1.7782659 1.7198334 1.7171598 1.7816630 1.7231499 1.7350588 1.7607042 1.8000305 1.7394193 1.7584157 1.7674948 1.7654499 1.7346090 1.8040143 1.7744308 1.7579122 1.9561988 1.8994201 1.8216359 1.8328803 1.8985550 1.8337924 1.8465518 1.9485961 1.8554457 1.8838104 1.8436071 2.8382447 1.9849836 1.8197441 1.6736200 1.7128530 1.7138924 1.8223719 1.8460029 1.7075064 1.8006647 1.7033086 1.8389810 1.7733680 1.7744397 1.7944397 1.7662557 1.8489835 1.8963107 0.0000000 2.8830266 2.7962296 3.3967306 
Channichthyidae   1.6600487 1.7380909 1.7040795 1.6814467 1.7313454 1.6946631 1.6628629 1.6332551 1.6467485 1.7092081 1.7299092 1.6605176 1.6887779 1.6610240 1.6548217 1.7188237 1.6267262 1.6708421 1.9544403 1.9352414 1.8929986 1.8602828 1.8895252 1.9126100 1.9119942 1.8987306 1.8796693 1.9527967 1.9274652 2.3605062 2.0421114 1.8934329 1.8255580 1.7748163 1.7582185 1.8755015 1.7767662 1.7709367 1.7932139 1.8371286 1.8786215 1.8386083 1.8208795 1.8798547 1.9183057 1.8160712 2.0692352 2.8830266 0.0000000 0.2397192 4.0089853 
Pseudaphritidae   1.6997276 1.7667862 1.6776308 1.6511593 1.7112870 1.7130165 1.6412551 1.6364899 1.6509119 1.6745948 1.6755286 1.6401224 1.7027984 1.6472641 1.6351777 1.6350525 1.6544029 1.6507751 1.9078892 1.9185465 1.8909317 1.8400637 1.8696725 1.8938824 1.9034747 1.8865829 1.8836987 1.9271273 1.9310997 2.3352533 2.0354801 1.8479149 1.8649594 1.8054886 1.7460706 1.8551326 1.7978797 1.8017659 1.7641911 1.8286031 1.8578165 1.9284813 1.9074721 1.9304283 1.9653836 1.8911319 2.0715936 2.7962296 0.2397192 0.0000000 3.8753885 
Carcharhinidae    2.5126230 2.7817871 2.5303411 2.5136828 2.6308303 2.6068631 2.5568717 2.6035668 2.6035939 2.6115871 2.6301946 2.5563066 2.4767410 2.5885990 2.5926203 2.6824340 2.5862881 2.5551540 2.6142433 2.5567037 2.4169865 2.4071350 2.4936232 2.4800931 2.3802062 2.3872925 2.4523749 2.5533901 2.6850488 3.5852553 2.7929632 2.7338370 2.6085710 2.5150002 2.5217799 2.7711671 2.5953149 2.6403656 2.5429600 2.5955977 2.5442578 2.6298516 2.6987698 2.5265993 2.5554460 2.5819044 2.5188557 3.3967306 4.0089853 3.8753885 0.0000000 
