51
Pitheciidae       0.0000000 0.2723557 0.2985251 0.3159857 0.3103957 0.3354405 0.3549904 0.3329975 0.3109656 0.3235751 0.3190956 0.3161285 0.4312909 0.3241162 0.3751795 0.5437771 0.5437261 0.5236401 0.7958885 0.7589747 0.7666568 0.7632488 0.7535617 0.7544235 0.7718293 0.7885385 0.7659745 0.7733921 0.7720305 0.9533999 0.8351504 0.9432930 0.7829887 0.7689919 0.7528565 0.6807364 0.7361712 0.7567416 1.4260421 1.7235034 1.9235800 1.9304381 1.8803005 1.9651458 1.7963155 1.8509998 1.8806409 1.4690166 2.3813333 2.3221983 2.2423916 
Scandentia        0.2723557 0.0000000 0.2377726 0.2477537 0.2568964 0.2594019 0.2844725 0.2750006 0.2478527 0.2428083 0.2535291 0.2659882 0.3610057 0.2623025 0.3001447 0.4457067 0.4409574 0.4258555 0.6967845 0.6711692 0.6618633 0.6637848 0.6726032 0.6725032 0.6799287 0.6904613 0.6595972 0.6824163 0.6794080 0.8817657 0.7289832 0.8942869 0.7004672 0.6648071 0.6511061 0.6068752 0.6427564 0.6409749 1.2836983 1.6386366 1.7665053 1.7929093 1.7365856 1.8537215 1.7218082 1.7774921 1.8186572 1.4044163 2.1521298 2.1505166 2.1392931 
Erethizontidae    0.2985251 0.2377726 0.0000000 0.1110643 0.2178664 0.2313421 0.2845577 0.2700123 0.2581403 0.2430373 0.2580482 0.2773236 0.3556879 0.2573925 0.2834670 0.4161428 0.4213223 0.4186784 0.6484599 0.6370299 0.6395006 0.6267167 0.6266377 0.6330237 0.6325155 0.6539893 0.6291933 0.6266765 0.6491168 0.8300833 0.7520767 0.8635676 0.7210295 0.6703847 0.6558364 0.6134121 0.6505376 0.6239376 1.3169799 1.6785932 1.8247338 1.7987488 1.7602770 1.8953273 1.7415062 1.7623931 1.8688824 1.3105993 2.1508442 2.1828592 2.1415422 
Capromyidae       0.3159857 0.2477537 0.1110643 0.0000000 0.2388990 0.2597855 0.2961286 0.2757240 0.2585937 0.2472756 0.2692901 0.2815403 0.3722446 0.2740930 0.2838625 0.4394838 0.4609325 0.4272399 0.6853559 0.6652183 0.6612402 0.6589101 0.6678872 0.6651244 0.6567338 0.6872468 0.6654401 0.6599720 0.6708931 0.8451371 0.7370187 0.8692630 0.7165035 0.6899798 0.6637601 0.5950033 0.6621564 0.6252599 1.3360656 1.6180257 1.7816318 1.7703142 1.7284432 1.8013770 1.6793441 1.7090959 1.8241492 1.3163753 2.1370750 2.1721590 2.0887037 
Muridae           0.3103957 0.2568964 0.2178664 0.2388990 0.0000000 0.2319931 0.2875527 0.2673997 0.2502981 0.2513333 0.2489939 0.2741123 0.3523354 0.2662995 0.2853240 0.4457596 0.4499359 0.4167912 0.7185321 0.6862629 0.6943356 0.6854604 0.6889457 0.6860381 0.6844593 0.6946044 0.6715883 0.6880629 0.6811939 0.8529919 0.7587133 0.8938199 0.7220377 0.7038089 0.6714125 0.6054493 0.6442842 0.6611846 1.3716043 1.6582436 1.8880173 1.9092698 1.8196519 1.9480067 1.7849794 1.8591179 1.8101139 1.3727697 2.2220429 2.2724145 2.1219998 
Castoridae        0.3354405 0.2594019 0.2313421 0.2597855 0.2319931 0.0000000 0.3294079 0.3110652 0.2810226 0.2867017 0.2928768 0.2995102 0.3957733 0.3026641 0.3521211 0.4716255 0.4932877 0.4816172 0.7268570 0.6968240 0.7037496 0.7121765 0.7067339 0.7036670 0.7117456 0.7111331 0.7056515 0.7142699 0.7127314 0.9080503 0.7721355 0.9098774 0.7640287 0.7289448 0.6922723 0.6560441 0.7078570 0.7114366 1.4069599 1.6535076 1.8939951 1.7646000 1.7132679 1.8509706 1.7642807 1.8058707 1.9128270 1.4190421 2.2566157 2.2662070 2.1477757 
Suidae            0.3549904 0.2844725 0.2845577 0.2961286 0.2875527 0.3294079 0.0000000 0.1772286 0.1536098 0.2359626 0.2480135 0.2610004 0.3442068 0.2451074 0.3220208 0.4444215 0.4498486 0.4326175 0.7122380 0.6998237 0.7013301 0.6881361 0.6944400 0.6903269 0.6942273 0.7069408 0.6909643 0.6896514 0.7098622 0.8701189 0.7523584 0.8703522 0.7371075 0.6922611 0.6779651 0.6292264 0.6784481 0.6713210 1.2959612 1.6220598 1.8580721 1.8558456 1.8307084 1.8467182 1.7851594 1.7691581 1.7801421 1.3686110 2.2040475 2.1871830 2.1636650 
Hippopotamidae    0.3329975 0.2750006 0.2700123 0.2757240 0.2673997 0.3110652 0.1772286 0.0000000 0.1101562 0.2171293 0.2210298 0.2515884 0.3275402 0.2286760 0.3078553 0.4399797 0.4378856 0.4024035 0.6811495 0.6717367 0.6648237 0.6534193 0.6584051 0.6570085 0.6634077 0.6733737 0.6454448 0.6506371 0.6558115 0.8791657 0.7053646 0.8429157 0.6782686 0.6728629 0.6318023 0.5877081 0.6512763 0.6350775 1.3111088 1.6647214 1.8162999 1.8304063 1.7585721 1.8573366 1.7488005 1.7769464 1.8056878 1.3194959 2.1631333 2.1100178 2.0726997 
Hyperoodontidae   0.3109656 0.2478527 0.2581403 0.2585937 0.2502981 0.2810226 0.1536098 0.1101562 0.0000000 0.1918010 0.2065158 0.2294210 0.3016092 0.2042810 0.2848355 0.4246793 0.4363508 0.4052973 0.6361501 0.6185725 0.6172334 0.6135590 0.6132317 0.6108613 0.6180942 0.6298935 0.6057407 0.6134457 0.6352922 0.8636362 0.6854694 0.8236989 0.6620364 0.6519077 0.6165402 0.5670533 0.6290899 0.6288027 1.3138617 1.6462290 1.8244562 1.7911798 1.7198085 1.8138015 1.7027713 1.7268470 1.7722086 1.3184581 2.2148063 2.1363803 2.1166106 
Vespertilionidae  0.3235751 0.2428083 0.2430373 0.2472756 0.2513333 0.2867017 0.2359626 0.2171293 0.1918010 0.0000000 0.1369051 0.1764898 0.2881007 0.1950876 0.2904577 0.4296606 0.4413862 0.4135056 0.6799614 0.6327923 0.6352335 0.6303038 0.6415846 0.6377759 0.6361036 0.6587996 0.6366778 0.6430722 0.6794138 0.8702223 0.6901148 0.8624998 0.6588023 0.6411686 0.6112537 0.5610677 0.6009903 0.6023941 1.3158188 1.6433822 1.7963027 1.8221035 1.7541903 1.8340950 1.7175689 1.7475829 1.7836937 1.3338966 2.1280410 2.0842841 2.0935900 
Furipteridae      0.3190956 0.2535291 0.2580482 0.2692901 0.2489939 0.2928768 0.2480135 0.2210298 0.2065158 0.1369051 0.0000000 0.1767445 0.2946906 0.2109124 0.2950315 0.4390543 0.4361840 0.4318627 0.6881750 0.6503202 0.6435950 0.6546573 0.6581975 0.6501463 0.6378296 0.6704382 0.6491280 0.6490208 0.6819790 0.8592184 0.7055838 0.8873569 0.6718908 0.6529981 0.6174495 0.5797943 0.6156980 0.6156078 1.3523987 1.6717380 1.7989159 1.8500923 1.8158508 1.8365351 1.7027766 1.7980139 1.7786434 1.3314533 2.2314798 2.1647233 2.0789278 
Rhinolophidae     0.3161285 0.2659882 0.2773236 0.2815403 0.2741123 0.2995102 0.2610004 0.2515884 0.2294210 0.1764898 0.1767445 0.0000000 0.3322845 0.2338735 0.3166137 0.4612711 0.4745483 0.4609493 0.7085337 0.6758413 0.6703275 0.6746680 0.6809717 0.6715269 0.6644699 0.7002931 0.6718942 0.6773109 0.7009435 0.9080087 0.7387172 0.9163606 0.7189658 0.6877489 0.6557461 0.6120769 0.6501820 0.6575815 1.3695329 1.6115820 1.8319457 1.8268354 1.7431617 1.9327420 1.7557103 1.8135256 1.8039791 1.3692871 2.1705484 2.1490339 2.1176121 
Viverridae        0.4312909 0.3610057 0.3556879 0.3722446 0.3523354 0.3957733 0.3442068 0.3275402 0.3016092 0.2881007 0.2946906 0.3322845 0.0000000 0.2234170 0.4033946 0.5831534 0.5485555 0.5442779 0.8021302 0.7806906 0.7908133 0.7871793 0.8005580 0.7869817 0.7811481 0.8096552 0.7915347 0.7906785 0.8136860 0.9754453 0.8729193 0.9748830 0.8298664 0.8037999 0.7803443 0.7194411 0.7489583 0.7386087 1.3532833 1.6780488 1.9402322 1.8778164 1.8600724 2.0438061 1.8201376 1.8584617 1.7948810 1.4351931 2.2995945 2.2393863 2.1550700 
Procyonidae       0.3241162 0.2623025 0.2573925 0.2740930 0.2662995 0.3026641 0.2451074 0.2286760 0.2042810 0.1950876 0.2109124 0.2338735 0.2234170 0.0000000 0.3027137 0.4597884 0.4486006 0.4150860 0.7036712 0.6734955 0.6830762 0.6726049 0.6842556 0.6611368 0.6729706 0.6928755 0.6805419 0.6861450 0.7081422 0.8633265 0.6862091 0.8627445 0.6707288 0.6617965 0.6403416 0.5821875 0.6161442 0.6392743 1.2961461 1.6246110 1.7695045 1.8175408 1.8170309 1.9102654 1.7472237 1.7336460 1.7128769 1.3619766 2.2806757 2.1872384 2.1049615 
Myrmecophagidae   0.3751795 0.3001447 0.2834670 0.2838625 0.2853240 0.3521211 0.3220208 0.3078553 0.2848355 0.2904577 0.2950315 0.3166137 0.4033946 0.3027137 0.0000000 0.4674481 0.4813639 0.4424569 0.7017240 0.6945201 0.6960955 0.6844477 0.6894951 0.6892154 0.6956356 0.7088725 0.6925208 0.6923732 0.7053749 0.8859994 0.7344969 0.9151356 0.7302079 0.7058680 0.6743158 0.6275248 0.6644118 0.6809057 1.3365279 1.6832140 1.8982680 1.8226135 1.8096154 2.0273592 1.8302751 1.9081038 1.8425882 1.3985081 2.2557275 2.2534646 2.1357256 
Caluromyidae      0.5437771 0.4457067 0.4161428 0.4394838 0.4457596 0.4716255 0.4444215 0.4399797 0.4246793 0.4296606 0.4390543 0.4612711 0.5831534 0.4597884 0.4674481 0.0000000 0.1972362 0.1999175 0.6506320 0.6371101 0.6531913 0.6347354 0.6420485 0.6307441 0.6427890 0.6495756 0.6209528 0.6270457 0.6571242 0.8269311 0.6995075 0.8501956 0.6666884 0.6462453 0.6156040 0.5840771 0.6384217 0.6160997 1.3659543 1.5703185 1.7814940 1.7770196 1.6990554 1.8954208 1.7474222 1.9173115 1.7891686 1.3665113 2.1664793 2.0862764 2.0515687 
Thylacomyidae     0.5437261 0.4409574 0.4213223 0.4609325 0.4499359 0.4932877 0.4498486 0.4378856 0.4363508 0.4413862 0.4361840 0.4745483 0.5485555 0.4486006 0.4813639 0.1972362 0.0000000 0.1656793 0.6344218 0.6222753 0.6320039 0.6061781 0.6122493 0.6024281 0.6057460 0.6256995 0.6010773 0.6109561 0.6523137 0.8633538 0.6992208 0.8489787 0.6427840 0.6693902 0.6264490 0.5965890 0.6299494 0.6225176 1.3494664 1.5487261 1.7163033 1.7069194 1.7183322 1.8396745 1.7539896 1.8994249 1.7975516 1.3790032 2.1929747 2.1269734 1.9869128 
Phalangeridae     0.5236401 0.4258555 0.4186784 0.4272399 0.4167912 0.4816172 0.4326175 0.4024035 0.4052973 0.4135056 0.4318627 0.4609493 0.5442779 0.4150860 0.4424569 0.1999175 0.1656793 0.0000000 0.6274863 0.5950575 0.6129606 0.5958895 0.5982277 0.5936108 0.5991945 0.6066640 0.5886929 0.5920194 0.6276006 0.8325085 0.6981047 0.8468644 0.6505724 0.6591166 0.6254200 0.5894118 0.6217247 0.6055970 1.3768796 1.5790969 1.7309594 1.7229818 1.6746458 1.8246326 1.6957028 1.8246451 1.7483683 1.3514871 2.1307533 2.0739009 2.0040653 
Tityridae         0.7958885 0.6967845 0.6484599 0.6853559 0.7185321 0.7268570 0.7122380 0.6811495 0.6361501 0.6799614 0.6881750 0.7085337 0.8021302 0.7036712 0.7017240 0.6506320 0.6344218 0.6274863 0.0000000 0.0727366 0.0761491 0.0724351 0.0727053 0.0664215 0.0798137 0.0761099 0.0730282 0.0768640 0.0999291 0.5575575 0.4388148 0.5653174 0.4517031 0.4650273 0.4147777 0.4010404 0.4027532 0.4423950 1.3018791 1.4432656 1.7120582 1.7588327 1.7729535 1.7392222 1.6510666 1.7067367 1.5546075 1.2611813 2.1109609 1.9780923 1.9827515 
Ptilonorhynchidae 0.7589747 0.6711692 0.6370299 0.6652183 0.6862629 0.6968240 0.6998237 0.6717367 0.6185725 0.6327923 0.6503202 0.6758413 0.7806906 0.6734955 0.6945201 0.6371101 0.6222753 0.5950575 0.0727366 0.0000000 0.0386648 0.0350904 0.0341199 0.0326638 0.0451952 0.0401576 0.0387241 0.0408510 0.0831151 0.5571264 0.4261927 0.5408285 0.4179790 0.4264737 0.3866429 0.3812661 0.3806465 0.4190991 1.2773765 1.4124731 1.6856103 1.7350473 1.7716620 1.7116212 1.5899691 1.6641743 1.5457054 1.2072074 2.0942589 1.9730865 1.9442697 
Callaeatidae      0.7666568 0.6618633 0.6395006 0.6612402 0.6943356 0.7037496 0.7013301 0.6648237 0.6172334 0.6352335 0.6435950 0.6703275 0.7908133 0.6830762 0.6960955 0.6531913 0.6320039 0.6129606 0.0761491 0.0386648 0.0000000 0.0329325 0.0319795 0.0305259 0.0415416 0.0386927 0.0343023 0.0386900 0.0832211 0.5562657 0.4311055 0.5498912 0.4236327 0.4316883 0.3956924 0.3871543 0.3891549 0.4323877 1.2821024 1.4326148 1.7134100 1.7780913 1.7883343 1.7211302 1.6361994 1.6988367 1.5791200 1.2078887 2.0903012 1.9869426 1.9944547 
Monarchidae       0.7632488 0.6637848 0.6267167 0.6589101 0.6854604 0.7121765 0.6881361 0.6534193 0.6135590 0.6303038 0.6546573 0.6746680 0.7871793 0.6726049 0.6844477 0.6347354 0.6061781 0.5958895 0.0724351 0.0350904 0.0329325 0.0000000 0.0218773 0.0262402 0.0386904 0.0336605 0.0322282 0.0328815 0.0795560 0.5691239 0.4253195 0.5388428 0.4177504 0.4262608 0.3861073 0.3813602 0.3779600 0.4159716 1.2568502 1.4120020 1.6894542 1.7411900 1.7788084 1.7155741 1.6060663 1.6701052 1.5576506 1.2067408 2.0860080 1.9522384 1.9533534 
Malaconotidae     0.7535617 0.6726032 0.6266377 0.6678872 0.6889457 0.7067339 0.6944400 0.6584051 0.6132317 0.6415846 0.6581975 0.6809717 0.8005580 0.6842556 0.6894951 0.6420485 0.6122493 0.5982277 0.0727053 0.0341199 0.0319795 0.0218773 0.0000000 0.0253458 0.0376929 0.0341685 0.0312801 0.0333926 0.0798602 0.5670561 0.4200304 0.5347228 0.4126672 0.4233197 0.3863861 0.3771311 0.3722021 0.4189707 1.2836329 1.4213279 1.6944176 1.7683510 1.7821239 1.7346950 1.6271179 1.6760530 1.5581850 1.2310437 2.0736277 1.9417879 1.9724082 
Certhiidae        0.7544235 0.6725032 0.6330237 0.6651244 0.6860381 0.7036670 0.6903269 0.6570085 0.6108613 0.6377759 0.6501463 0.6715269 0.7869817 0.6611368 0.6892154 0.6307441 0.6024281 0.5936108 0.0664215 0.0326638 0.0305259 0.0262402 0.0253458 0.0000000 0.0296008 0.0260998 0.0218102 0.0260805 0.0766839 0.5441110 0.4116148 0.5359458 0.4047562 0.4127421 0.3738372 0.3694356 0.3637009 0.4148646 1.2837710 1.4232092 1.6935123 1.7506503 1.7873335 1.7376099 1.6135149 1.6648825 1.5766054 1.2100686 2.0909049 1.9712267 1.9529401 
Cinclidae         0.7718293 0.6799287 0.6325155 0.6567338 0.6844593 0.7117456 0.6942273 0.6634077 0.6180942 0.6361036 0.6378296 0.6644699 0.7811481 0.6729706 0.6956356 0.6427890 0.6057460 0.5991945 0.0798137 0.0451952 0.0415416 0.0386904 0.0376929 0.0296008 0.0000000 0.0362870 0.0348652 0.0377309 0.0895355 0.5704492 0.4270053 0.5571100 0.4289739 0.4389256 0.3922993 0.3847076 0.3850217 0.4319963 1.2944439 1.4074896 1.7117016 1.7762873 1.8053309 1.7340897 1.6232220 1.6579576 1.5719742 1.2109196 2.1222320 1.9825228 1.9784065 
Ploceidae         0.7885385 0.6904613 0.6539893 0.6872468 0.6946044 0.7111331 0.7069408 0.6733737 0.6298935 0.6587996 0.6704382 0.7002931 0.8096552 0.6928755 0.7088725 0.6495756 0.6256995 0.6066640 0.0761099 0.0401576 0.0386927 0.0336605 0.0341685 0.0260998 0.0362870 0.0000000 0.0211257 0.0342036 0.0839455 0.5648992 0.4275191 0.5488162 0.4271883 0.4390207 0.3981986 0.3883598 0.3931406 0.4376467 1.3084722 1.4305728 1.7116705 1.7673614 1.8081010 1.7659786 1.6341281 1.6817514 1.5594744 1.2415035 2.0958020 1.9802857 1.9705080 
Thraupidae        0.7659745 0.6595972 0.6291933 0.6654401 0.6715883 0.7056515 0.6909643 0.6454448 0.6057407 0.6366778 0.6491280 0.6718942 0.7915347 0.6805419 0.6925208 0.6209528 0.6010773 0.5886929 0.0730282 0.0387241 0.0343023 0.0322282 0.0312801 0.0218102 0.0348652 0.0211257 0.0000000 0.0305654 0.0833058 0.5586762 0.4164701 0.5366297 0.4187739 0.4243137 0.3872328 0.3801486 0.3822996 0.4262188 1.2900845 1.4259840 1.7044916 1.7566022 1.8010702 1.7499211 1.6211684 1.6581035 1.5825027 1.2218447 2.0910563 1.9718776 1.9796512 
Alaudidae         0.7733921 0.6824163 0.6266765 0.6599720 0.6880629 0.7142699 0.6896514 0.6506371 0.6134457 0.6430722 0.6490208 0.6773109 0.7906785 0.6861450 0.6923732 0.6270457 0.6109561 0.5920194 0.0768640 0.0408510 0.0386900 0.0328815 0.0333926 0.0260805 0.0377309 0.0342036 0.0305654 0.0000000 0.0840278 0.5681176 0.4269889 0.5455841 0.4174663 0.4253009 0.3854311 0.3811358 0.3839377 0.4231880 1.2836368 1.4385358 1.7062708 1.7365695 1.8011167 1.7405718 1.6418879 1.6668943 1.6026057 1.2152951 2.0807712 1.9650221 1.9571660 
Coraciiformes     0.7720305 0.6794080 0.6491168 0.6708931 0.6811939 0.7127314 0.7098622 0.6558115 0.6352922 0.6794138 0.6819790 0.7009435 0.8136860 0.7081422 0.7053749 0.6571242 0.6523137 0.6276006 0.0999291 0.0831151 0.0832211 0.0795560 0.0798602 0.0766839 0.0895355 0.0839455 0.0833058 0.0840278 0.0000000 0.5498401 0.4395437 0.5636545 0.4400231 0.4583062 0.4094327 0.4009250 0.4011051 0.4359012 1.2758267 1.3706382 1.6817020 1.7124603 1.7810113 1.6867678 1.6107156 1.6267410 1.5072110 1.2301185 2.0758013 1.9413072 1.9464313 
Crocodylidae      0.9533999 0.8817657 0.8300833 0.8451371 0.8529919 0.9080503 0.8701189 0.8791657 0.8636362 0.8702223 0.8592184 0.9080087 0.9754453 0.8633265 0.8859994 0.8269311 0.8633538 0.8325085 0.5575575 0.5571264 0.5562657 0.5691239 0.5670561 0.5441110 0.5704492 0.5648992 0.5586762 0.5681176 0.5498401 0.0000000 0.6353959 0.7886714 0.6740292 0.6949062 0.6188939 0.5861715 0.5976316 0.6397635 1.4718058 1.6879187 1.8645372 1.8932881 1.9618086 2.1404308 1.8751581 1.9036369 1.7402593 1.4429954 2.3034718 2.2769551 2.1482165 
Carettochelyidae  0.8351504 0.7289832 0.7520767 0.7370187 0.7587133 0.7721355 0.7523584 0.7053646 0.6854694 0.6901148 0.7055838 0.7387172 0.8729193 0.6862091 0.7344969 0.6995075 0.6992208 0.6981047 0.4388148 0.4261927 0.4311055 0.4253195 0.4200304 0.4116148 0.4270053 0.4275191 0.4164701 0.4269889 0.4395437 0.6353959 0.0000000 0.5236438 0.4611983 0.4556355 0.4269322 0.3958388 0.4186204 0.4406378 1.2799809 1.4478079 1.7465519 1.8082816 1.8363343 1.8073600 1.6237411 1.6900148 1.6710660 1.2471766 2.2904869 2.1594229 1.9709065 
Kinosternidae     0.9432930 0.8942869 0.8635676 0.8692630 0.8938199 0.9098774 0.8703522 0.8429157 0.8236989 0.8624998 0.8873569 0.9163606 0.9748830 0.8627445 0.9151356 0.8501956 0.8489787 0.8468644 0.5653174 0.5408285 0.5498912 0.5388428 0.5347228 0.5359458 0.5571100 0.5488162 0.5366297 0.5455841 0.5636545 0.7886714 0.5236438 0.0000000 0.6481052 0.6031837 0.6095254 0.5820061 0.5778011 0.5852510 1.4585989 1.6196603 1.8989582 1.9280037 1.9554882 2.0293791 1.7740258 1.9126689 1.7752661 1.3816353 2.3043455 2.1604313 1.9754997 
Anomalepididae    0.7829887 0.7004672 0.7210295 0.7165035 0.7220377 0.7640287 0.7371075 0.6782686 0.6620364 0.6588023 0.6718908 0.7189658 0.8298664 0.6707288 0.7302079 0.6666884 0.6427840 0.6505724 0.4517031 0.4179790 0.4236327 0.4177504 0.4126672 0.4047562 0.4289739 0.4271883 0.4187739 0.4174663 0.4400231 0.6740292 0.4611983 0.6481052 0.0000000 0.2237681 0.1877023 0.1813240 0.2144898 0.2582179 1.2947444 1.4096399 1.6212429 1.7052102 1.7092217 1.7453680 1.6251436 1.7765907 1.5757973 1.2658709 2.2023499 2.0453065 2.0299852 
Loxocemidae       0.7689919 0.6648071 0.6703847 0.6899798 0.7038089 0.7289448 0.6922611 0.6728629 0.6519077 0.6411686 0.6529981 0.6877489 0.8037999 0.6617965 0.7058680 0.6462453 0.6693902 0.6591166 0.4650273 0.4264737 0.4316883 0.4262608 0.4233197 0.4127421 0.4389256 0.4390207 0.4243137 0.4253009 0.4583062 0.6949062 0.4556355 0.6031837 0.2237681 0.0000000 0.1348654 0.1868182 0.2165398 0.2654375 1.3201762 1.3983651 1.6646271 1.7316911 1.7640181 1.7454449 1.5986207 1.6842994 1.5652572 1.2380282 2.1813276 2.0342743 2.0395956 
Natricidae        0.7528565 0.6511061 0.6558364 0.6637601 0.6714125 0.6922723 0.6779651 0.6318023 0.6165402 0.6112537 0.6174495 0.6557461 0.7803443 0.6403416 0.6743158 0.6156040 0.6264490 0.6254200 0.4147777 0.3866429 0.3956924 0.3861073 0.3863861 0.3738372 0.3922993 0.3981986 0.3872328 0.3854311 0.4094327 0.6188939 0.4269322 0.6095254 0.1877023 0.1348654 0.0000000 0.1577062 0.1969479 0.2293459 1.2768976 1.3930296 1.6582137 1.7461317 1.7415365 1.7290205 1.5906501 1.6898459 1.5512081 1.2373613 2.1722656 2.0194873 2.0237135 
Xenosauridae      0.6807364 0.6068752 0.6134121 0.5950033 0.6054493 0.6560441 0.6292264 0.5877081 0.5670533 0.5610677 0.5797943 0.6120769 0.7194411 0.5821875 0.6275248 0.5840771 0.5965890 0.5894118 0.4010404 0.3812661 0.3871543 0.3813602 0.3771311 0.3694356 0.3847076 0.3883598 0.3801486 0.3811358 0.4009250 0.5861715 0.3958388 0.5820061 0.1813240 0.1868182 0.1577062 0.0000000 0.1545300 0.2145292 1.2691177 1.3848653 1.6511058 1.6789061 1.7127940 1.7046391 1.5728715 1.6727090 1.5167796 1.1977309 2.1554334 2.0092572 1.9796662 
Teiidae           0.7361712 0.6427564 0.6505376 0.6621564 0.6442842 0.7078570 0.6784481 0.6512763 0.6290899 0.6009903 0.6156980 0.6501820 0.7489583 0.6161442 0.6644118 0.6384217 0.6299494 0.6217247 0.4027532 0.3806465 0.3891549 0.3779600 0.3722021 0.3637009 0.3850217 0.3931406 0.3822996 0.3839377 0.4011051 0.5976316 0.4186204 0.5778011 0.2144898 0.2165398 0.1969479 0.1545300 0.0000000 0.2243048 1.2511026 1.4028985 1.6157974 1.6859639 1.6567466 1.7070243 1.5615628 1.6564436 1.5238175 1.1883307 2.0898009 1.9432553 2.0168307 
Eublepharidae     0.7567416 0.6409749 0.6239376 0.6252599 0.6611846 0.7114366 0.6713210 0.6350775 0.6288027 0.6023941 0.6156078 0.6575815 0.7386087 0.6392743 0.6809057 0.6160997 0.6225176 0.6055970 0.4423950 0.4190991 0.4323877 0.4159716 0.4189707 0.4148646 0.4319963 0.4376467 0.4262188 0.4231880 0.4359012 0.6397635 0.4406378 0.5852510 0.2582179 0.2654375 0.2293459 0.2145292 0.2243048 0.0000000 1.2794341 1.3705979 1.6193100 1.7255976 1.7407839 1.6993576 1.5854283 1.6862679 1.4859556 1.2362020 2.1138724 1.9813528 1.9793137 
Dicamptodontidae  1.4260421 1.2836983 1.3169799 1.3360656 1.3716043 1.4069599 1.2959612 1.3111088 1.3138617 1.3158188 1.3523987 1.3695329 1.3532833 1.2961461 1.3365279 1.3659543 1.3494664 1.3768796 1.3018791 1.2773765 1.2821024 1.2568502 1.2836329 1.2837710 1.2944439 1.3084722 1.2900845 1.2836368 1.2758267 1.4718058 1.2799809 1.4585989 1.2947444 1.3201762 1.2768976 1.2691177 1.2511026 1.2794341 0.0000000 1.3347941 1.7450045 1.7363893 1.7610019 1.6742729 1.5445047 1.6827111 1.7059332 1.8555768 2.6491279 2.5465079 2.4106787 
Alytidae          1.7235034 1.6386366 1.6785932 1.6180257 1.6582436 1.6535076 1.6220598 1.6647214 1.6462290 1.6433822 1.6717380 1.6115820 1.6780488 1.6246110 1.6832140 1.5703185 1.5487261 1.5790969 1.4432656 1.4124731 1.4326148 1.4120020 1.4213279 1.4232092 1.4074896 1.4305728 1.4259840 1.4385358 1.3706382 1.6879187 1.4478079 1.6196603 1.4096399 1.3983651 1.3930296 1.3848653 1.4028985 1.3705979 1.3347941 0.0000000 1.4331177 1.5430193 1.4747218 1.5186668 1.4018617 1.4180654 1.7218711 1.8361417 2.7678277 2.7369826 2.7145738 
Heleophrynidae    1.9235800 1.7665053 1.8247338 1.7816318 1.8880173 1.8939951 1.8580721 1.8162999 1.8244562 1.7963027 1.7989159 1.8319457 1.9402322 1.7695045 1.8982680 1.7814940 1.7163033 1.7309594 1.7120582 1.6856103 1.7134100 1.6894542 1.6944176 1.6935123 1.7117016 1.7116705 1.7044916 1.7062708 1.6817020 1.8645372 1.7465519 1.8989582 1.6212429 1.6646271 1.6582137 1.6511058 1.6157974 1.6193100 1.7450045 1.4331177 0.0000000 1.3683340 1.4324582 1.3530815 1.3883188 1.3775898 2.3210700 2.2629364 3.0342856 2.9754713 2.8448386 
Leptodactylidae   1.9304381 1.7929093 1.7987488 1.7703142 1.9092698 1.7646000 1.8558456 1.8304063 1.7911798 1.8221035 1.8500923 1.8268354 1.8778164 1.8175408 1.8226135 1.7770196 1.7069194 1.7229818 1.7588327 1.7350473 1.7780913 1.7411900 1.7683510 1.7506503 1.7762873 1.7673614 1.7566022 1.7365695 1.7124603 1.8932881 1.8082816 1.9280037 1.7052102 1.7316911 1.7461317 1.6789061 1.6859639 1.7255976 1.7363893 1.5430193 1.3683340 0.0000000 0.4035741 1.2555666 1.2972341 1.3108837 2.4358905 2.1042012 3.0588185 2.9723559 2.9835302 
Strabomantidae    1.8803005 1.7365856 1.7602770 1.7284432 1.8196519 1.7132679 1.8307084 1.7585721 1.7198085 1.7541903 1.8158508 1.7431617 1.8600724 1.8170309 1.8096154 1.6990554 1.7183322 1.6746458 1.7729535 1.7716620 1.7883343 1.7788084 1.7821239 1.7873335 1.8053309 1.8081010 1.8010702 1.8011167 1.7810113 1.9618086 1.8363343 1.9554882 1.7092217 1.7640181 1.7415365 1.7127940 1.6567466 1.7407839 1.7610019 1.4747218 1.4324582 0.4035741 0.0000000 1.3577516 1.2834135 1.3229450 2.3900183 2.1250897 2.9154087 2.8126811 3.0787261 
Micrixalidae      1.9651458 1.8537215 1.8953273 1.8013770 1.9480067 1.8509706 1.8467182 1.8573366 1.8138015 1.8340950 1.8365351 1.9327420 2.0438061 1.9102654 2.0273592 1.8954208 1.8396745 1.8246326 1.7392222 1.7116212 1.7211302 1.7155741 1.7346950 1.7376099 1.7340897 1.7659786 1.7499211 1.7405718 1.6867678 2.1404308 1.8073600 2.0293791 1.7453680 1.7454449 1.7290205 1.7046391 1.7070243 1.6993576 1.6742729 1.5186668 1.3530815 1.2555666 1.3577516 0.0000000 0.8041380 0.8347727 2.1842688 2.1276850 3.3616554 3.2928738 2.8366705 
Hemisotidae       1.7963155 1.7218082 1.7415062 1.6793441 1.7849794 1.7642807 1.7851594 1.7488005 1.7027713 1.7175689 1.7027766 1.7557103 1.8201376 1.7472237 1.8302751 1.7474222 1.7539896 1.6957028 1.6510666 1.5899691 1.6361994 1.6060663 1.6271179 1.6135149 1.6232220 1.6341281 1.6211684 1.6418879 1.6107156 1.8751581 1.6237411 1.7740258 1.6251436 1.5986207 1.5906501 1.5728715 1.5615628 1.5854283 1.5445047 1.4018617 1.3883188 1.2972341 1.2834135 0.8041380 0.0000000 0.8283475 2.2333640 2.0491588 3.0445594 3.2390346 2.7242246 
Asterophryidae    1.8509998 1.7774921 1.7623931 1.7090959 1.8591179 1.8058707 1.7691581 1.7769464 1.7268470 1.7475829 1.7980139 1.8135256 1.8584617 1.7336460 1.9081038 1.9173115 1.8994249 1.8246451 1.7067367 1.6641743 1.6988367 1.6701052 1.6760530 1.6648825 1.6579576 1.6817514 1.6581035 1.6668943 1.6267410 1.9036369 1.6900148 1.9126689 1.7765907 1.6842994 1.6898459 1.6727090 1.6564436 1.6862679 1.6827111 1.4180654 1.3775898 1.3108837 1.3229450 0.8347727 0.8283475 0.0000000 2.1865156 2.1503761 3.3280966 3.2089245 2.8111268 
Caeciliidae2      1.8806409 1.8186572 1.8688824 1.8241492 1.8101139 1.9128270 1.7801421 1.8056878 1.7722086 1.7836937 1.7786434 1.8039791 1.7948810 1.7128769 1.8425882 1.7891686 1.7975516 1.7483683 1.5546075 1.5457054 1.5791200 1.5576506 1.5581850 1.5766054 1.5719742 1.5594744 1.5825027 1.6026057 1.5072110 1.7402593 1.6710660 1.7752661 1.5757973 1.5652572 1.5512081 1.5167796 1.5238175 1.4859556 1.7059332 1.7218711 2.3210700 2.4358905 2.3900183 2.1842688 2.2333640 2.1865156 0.0000000 2.1157750 3.2497454 3.0127134 3.0446408 
Polypteriformes   1.4690166 1.4044163 1.3105993 1.3163753 1.3727697 1.4190421 1.3686110 1.3194959 1.3184581 1.3338966 1.3314533 1.3692871 1.4351931 1.3619766 1.3985081 1.3665113 1.3790032 1.3514871 1.2611813 1.2072074 1.2078887 1.2067408 1.2310437 1.2100686 1.2109196 1.2415035 1.2218447 1.2152951 1.2301185 1.4429954 1.2471766 1.3816353 1.2658709 1.2380282 1.2373613 1.1977309 1.1883307 1.2362020 1.8555768 1.8361417 2.2629364 2.1042012 2.1250897 2.1276850 2.0491588 2.1503761 2.1157750 0.0000000 2.3289393 2.2621863 2.3410042 
Channichthyidae   2.3813333 2.1521298 2.1508442 2.1370750 2.2220429 2.2566157 2.2040475 2.1631333 2.2148063 2.1280410 2.2314798 2.1705484 2.2995945 2.2806757 2.2557275 2.1664793 2.1929747 2.1307533 2.1109609 2.0942589 2.0903012 2.0860080 2.0736277 2.0909049 2.1222320 2.0958020 2.0910563 2.0807712 2.0758013 2.3034718 2.2904869 2.3043455 2.2023499 2.1813276 2.1722656 2.1554334 2.0898009 2.1138724 2.6491279 2.7678277 3.0342856 3.0588185 2.9154087 3.3616554 3.0445594 3.3280966 3.2497454 2.3289393 0.0000000 0.5970594 3.1616783 
Pseudaphritidae   2.3221983 2.1505166 2.1828592 2.1721590 2.2724145 2.2662070 2.1871830 2.1100178 2.1363803 2.0842841 2.1647233 2.1490339 2.2393863 2.1872384 2.2534646 2.0862764 2.1269734 2.0739009 1.9780923 1.9730865 1.9869426 1.9522384 1.9417879 1.9712267 1.9825228 1.9802857 1.9718776 1.9650221 1.9413072 2.2769551 2.1594229 2.1604313 2.0453065 2.0342743 2.0194873 2.0092572 1.9432553 1.9813528 2.5465079 2.7369826 2.9754713 2.9723559 2.8126811 3.2928738 3.2390346 3.2089245 3.0127134 2.2621863 0.5970594 0.0000000 3.0559111 
Carcharhinidae    2.2423916 2.1392931 2.1415422 2.0887037 2.1219998 2.1477757 2.1636650 2.0726997 2.1166106 2.0935900 2.0789278 2.1176121 2.1550700 2.1049615 2.1357256 2.0515687 1.9869128 2.0040653 1.9827515 1.9442697 1.9944547 1.9533534 1.9724082 1.9529401 1.9784065 1.9705080 1.9796512 1.9571660 1.9464313 2.1482165 1.9709065 1.9754997 2.0299852 2.0395956 2.0237135 1.9796662 2.0168307 1.9793137 2.4106787 2.7145738 2.8448386 2.9835302 3.0787261 2.8366705 2.7242246 2.8111268 3.0446408 2.3410042 3.1616783 3.0559111 0.0000000 
