51
Pitheciidae       0.0000000 0.2855875 0.2442135 0.2503203 0.2254867 0.2166598 0.2892766 0.2722685 0.2657600 0.2520487 0.2429595 0.2649269 0.2478416 0.2791667 0.2862850 0.4836131 0.4974026 0.5447177 0.6011512 0.5767011 0.5627444 0.5461140 0.5527699 0.5527426 0.5402846 0.5467271 0.5595944 0.5582993 0.5476447 0.5842546 0.5662893 0.6066165 0.5797050 0.6523519 0.6859265 0.7615554 0.6208118 0.8096189 0.7281418 0.5856487 0.5906584 0.5657482 0.5563497 0.6033717 0.6183450 0.6245435 0.7082193 1.5377487 1.5374798 1.5853934 1.5114349 
Scandentia        0.2855875 0.0000000 0.2672794 0.2567038 0.2368788 0.2496853 0.3023657 0.2893303 0.2729876 0.2738672 0.2685972 0.2775853 0.2609981 0.3025116 0.2866326 0.4811653 0.4892638 0.5137293 0.6336430 0.6028220 0.6143651 0.6035030 0.5999857 0.6078247 0.6141151 0.6036407 0.6082156 0.6310122 0.6090731 0.5757110 0.5762900 0.6063355 0.6232407 0.7313886 0.7770238 0.8077744 0.6701138 0.8446470 0.6822930 0.5744851 0.5614422 0.5514917 0.5440246 0.5689109 0.5971588 0.5860422 0.7069295 1.4732597 1.5184855 1.6037556 1.5443720 
Erethizontidae    0.2442135 0.2672794 0.0000000 0.0792341 0.1790753 0.1972799 0.2677695 0.2601644 0.2627430 0.2479815 0.2322439 0.2445115 0.2370448 0.2697879 0.2568545 0.4516395 0.4602596 0.4778164 0.6050293 0.5970092 0.5880453 0.5690308 0.5849698 0.5829398 0.5829513 0.5712715 0.5697433 0.5846901 0.5585150 0.5507574 0.5748504 0.6114603 0.5812957 0.6724605 0.7118628 0.7543915 0.6146788 0.7891681 0.6553860 0.5561287 0.5563858 0.5242858 0.5231685 0.5422938 0.5758687 0.5758581 0.6813069 1.4922449 1.4768332 1.5093833 1.4719570 
Capromyidae       0.2503203 0.2567038 0.0792341 0.0000000 0.1775193 0.1992259 0.2700436 0.2749324 0.2591146 0.2499077 0.2391121 0.2397789 0.2408868 0.2753301 0.2488850 0.4557636 0.4656381 0.4890668 0.6062305 0.5962995 0.5938898 0.5703643 0.5908291 0.5771139 0.5849639 0.5770399 0.5820252 0.5885906 0.5687323 0.5635221 0.5631265 0.6153833 0.5768357 0.6816601 0.6974198 0.7407567 0.6404214 0.8162629 0.6525350 0.5499788 0.5639183 0.5367326 0.5295169 0.5611530 0.5887430 0.5842061 0.6812887 1.4760990 1.4338607 1.4231131 1.4487104 
Muridae           0.2254867 0.2368788 0.1790753 0.1775193 0.0000000 0.1517674 0.2369352 0.2292760 0.2161268 0.2127751 0.2108108 0.1874967 0.2124446 0.2438157 0.2149553 0.4250354 0.4415493 0.4610344 0.5558462 0.5490876 0.5507737 0.5323535 0.5498522 0.5431808 0.5420207 0.5349197 0.5394108 0.5676728 0.5292869 0.5430121 0.5419294 0.5681589 0.5622256 0.6568008 0.6685986 0.6981748 0.5817353 0.7450527 0.6491146 0.5252849 0.5423903 0.5167899 0.5056665 0.5524056 0.5599923 0.5600955 0.6607957 1.4388464 1.4524303 1.5090014 1.4409046 
Castoridae        0.2166598 0.2496853 0.1972799 0.1992259 0.1517674 0.0000000 0.2443670 0.2489309 0.2378178 0.2311119 0.2281883 0.2258959 0.2329275 0.2637586 0.2484023 0.4266272 0.4504709 0.4843602 0.5655448 0.5584446 0.5387700 0.5228239 0.5428351 0.5535083 0.5454968 0.5321952 0.5471970 0.5634423 0.5215610 0.5341036 0.5563417 0.5759811 0.5772070 0.6582946 0.6950080 0.7450757 0.6166086 0.8220233 0.6663615 0.5543562 0.5629937 0.5544948 0.5472147 0.5760856 0.5821346 0.5937176 0.7148390 1.4361541 1.4434075 1.4623367 1.4174319 
Suidae            0.2892766 0.3023657 0.2677695 0.2700436 0.2369352 0.2443670 0.0000000 0.1813134 0.1694061 0.2188350 0.2113381 0.2129120 0.2159755 0.2421682 0.2962676 0.4645231 0.4537460 0.5038729 0.6278754 0.6050555 0.6179320 0.5845741 0.6061400 0.6060906 0.5857713 0.5803593 0.5780588 0.5979466 0.5725217 0.6047712 0.5943737 0.6576391 0.6260072 0.7212116 0.7462163 0.7650353 0.6456016 0.7848741 0.6962619 0.6018310 0.5984051 0.5776336 0.5682815 0.6038721 0.6164184 0.6248435 0.7230576 1.5240577 1.5804725 1.5584616 1.5754220 
Hippopotamidae    0.2722685 0.2893303 0.2601644 0.2749324 0.2292760 0.2489309 0.1813134 0.0000000 0.1108952 0.2096334 0.2115848 0.2207315 0.2096268 0.2412827 0.2784552 0.4836851 0.4958203 0.5356633 0.6091553 0.5832182 0.5962789 0.5731786 0.6029313 0.5938453 0.5768871 0.5665274 0.5853716 0.6085416 0.5600361 0.5973195 0.6117566 0.6503953 0.6464841 0.7197066 0.7468182 0.7740272 0.6372589 0.7953467 0.6885608 0.5713880 0.6034233 0.5751630 0.5714785 0.6202915 0.6206305 0.6381378 0.7319082 1.5095114 1.5765328 1.5797295 1.4974118 
Hyperoodontidae   0.2657600 0.2729876 0.2627430 0.2591146 0.2161268 0.2378178 0.1694061 0.1108952 0.0000000 0.2066722 0.2076778 0.2020662 0.1903176 0.2291943 0.2682451 0.4581223 0.4621256 0.5062884 0.5938230 0.5589333 0.5735929 0.5468057 0.5782059 0.5659619 0.5547881 0.5517226 0.5545200 0.5722476 0.5521997 0.5626012 0.5562323 0.6045157 0.6189342 0.6789404 0.7138988 0.7248342 0.6018585 0.7839691 0.6660172 0.5648859 0.5720106 0.5611516 0.5581738 0.6005261 0.6086624 0.6139770 0.6889587 1.4209710 1.4953323 1.5235218 1.4889535 
Vespertilionidae  0.2520487 0.2738672 0.2479815 0.2499077 0.2127751 0.2311119 0.2188350 0.2096334 0.2066722 0.0000000 0.1326563 0.1449805 0.1866775 0.2231300 0.2392991 0.4360718 0.4465469 0.5108753 0.5727859 0.5487273 0.5530771 0.5298752 0.5539183 0.5364636 0.5372248 0.5380069 0.5352423 0.5430215 0.5217760 0.5481069 0.5414249 0.6033574 0.5915589 0.6903483 0.7367594 0.7595548 0.6119767 0.7594562 0.6760793 0.5752973 0.5789424 0.5714106 0.5507743 0.5969454 0.6025447 0.6097223 0.7025696 1.4940967 1.4909623 1.5462567 1.5503016 
Furipteridae      0.2429595 0.2685972 0.2322439 0.2391121 0.2108108 0.2281883 0.2113381 0.2115848 0.2076778 0.1326563 0.0000000 0.1374032 0.1862623 0.2127724 0.2537074 0.4217640 0.4211510 0.4886567 0.5563945 0.5273439 0.5290407 0.5151756 0.5342217 0.5205002 0.5205794 0.5118899 0.5222839 0.5237198 0.4991200 0.5570424 0.5490118 0.5929488 0.5859608 0.6728363 0.7111769 0.7148816 0.6150541 0.7503187 0.6768830 0.5587372 0.5592932 0.5433931 0.5362246 0.5633615 0.5666956 0.5787685 0.6867148 1.4489166 1.4592474 1.5296269 1.4713587 
Rhinolophidae     0.2649269 0.2775853 0.2445115 0.2397789 0.1874967 0.2258959 0.2129120 0.2207315 0.2020662 0.1449805 0.1374032 0.0000000 0.1822608 0.2239859 0.2240386 0.4141790 0.4467989 0.4845721 0.5471464 0.5206961 0.5236106 0.4989042 0.5245642 0.5138446 0.5042990 0.5017758 0.5103580 0.5164731 0.4983852 0.5486245 0.5512590 0.5908995 0.5667048 0.6509249 0.6895524 0.7307912 0.6077199 0.7488899 0.6450167 0.5397594 0.5533921 0.5357434 0.5176400 0.5574619 0.5602392 0.5652439 0.6805229 1.4285904 1.4531494 1.4902298 1.4586588 
Viverridae        0.2478416 0.2609981 0.2370448 0.2408868 0.2124446 0.2329275 0.2159755 0.2096268 0.1903176 0.1866775 0.1862623 0.1822608 0.0000000 0.1360517 0.2511721 0.4550527 0.4624555 0.4866706 0.5457762 0.5164014 0.5291144 0.5127498 0.5467237 0.5259333 0.5241944 0.5154678 0.5175387 0.5391607 0.5031740 0.5372968 0.5285831 0.5655044 0.5517010 0.6702114 0.7178391 0.7125235 0.5852948 0.7672033 0.6243753 0.5225281 0.5283557 0.5122749 0.5093508 0.5461703 0.5468831 0.5581613 0.6306732 1.4100861 1.4680045 1.5255151 1.5576646 
Procyonidae       0.2791667 0.3025116 0.2697879 0.2753301 0.2438157 0.2637586 0.2421682 0.2412827 0.2291943 0.2231300 0.2127724 0.2239859 0.1360517 0.0000000 0.2806424 0.4560616 0.4786779 0.4920515 0.6270271 0.5883733 0.5858353 0.5602722 0.5994780 0.5934797 0.5872159 0.5731199 0.5778320 0.5967649 0.5568340 0.5715079 0.5836508 0.6463811 0.6200068 0.7103474 0.7060258 0.7618394 0.6397748 0.8062240 0.6676587 0.5913164 0.5794766 0.5734567 0.5617676 0.6023784 0.5829652 0.6041433 0.7107335 1.5002905 1.5464612 1.5919195 1.5665425 
Myrmecophagidae   0.2862850 0.2866326 0.2568545 0.2488850 0.2149553 0.2484023 0.2962676 0.2784552 0.2682451 0.2392991 0.2537074 0.2240386 0.2511721 0.2806424 0.0000000 0.4300739 0.4329490 0.4605493 0.5600351 0.5489433 0.5498896 0.5174235 0.5496256 0.5490981 0.5307902 0.5261762 0.5270431 0.5500313 0.5121565 0.5469050 0.5411205 0.5813921 0.5613944 0.6610629 0.6856510 0.6979455 0.5989102 0.7512452 0.5995928 0.5020037 0.5088849 0.4949176 0.4839720 0.5231647 0.5479924 0.5311486 0.6313524 1.4036239 1.5046502 1.4903924 1.4194413 
Caluromyidae      0.4836131 0.4811653 0.4516395 0.4557636 0.4250354 0.4266272 0.4645231 0.4836851 0.4581223 0.4360718 0.4217640 0.4141790 0.4550527 0.4560616 0.4300739 0.0000000 0.1967156 0.2152980 0.5400043 0.5390381 0.5145155 0.5049146 0.5306416 0.5351320 0.5265811 0.4999580 0.5169474 0.5311193 0.5061303 0.5460571 0.5261562 0.5609188 0.5766401 0.6797973 0.6866130 0.7335523 0.6413938 0.7466097 0.6422809 0.5773699 0.5698315 0.5641727 0.5529981 0.5683022 0.5946950 0.5628569 0.7150969 1.4037191 1.5686626 1.5870098 1.5400068 
Thylacomyidae     0.4974026 0.4892638 0.4602596 0.4656381 0.4415493 0.4504709 0.4537460 0.4958203 0.4621256 0.4465469 0.4211510 0.4467989 0.4624555 0.4786779 0.4329490 0.1967156 0.0000000 0.1979646 0.6080408 0.6068255 0.5730817 0.5581990 0.5924663 0.5839817 0.5704072 0.5575460 0.5688301 0.5772611 0.5503533 0.5971928 0.5686877 0.6153640 0.6376830 0.7110655 0.7765896 0.7508682 0.6891018 0.7857161 0.6774578 0.6047362 0.6005259 0.5760439 0.5709807 0.6014588 0.6354221 0.6101737 0.7368705 1.4715374 1.5606906 1.5904895 1.4915344 
Phalangeridae     0.5447177 0.5137293 0.4778164 0.4890668 0.4610344 0.4843602 0.5038729 0.5356633 0.5062884 0.5108753 0.4886567 0.4845721 0.4866706 0.4920515 0.4605493 0.2152980 0.1979646 0.0000000 0.6664647 0.6472324 0.6167168 0.6048356 0.6266330 0.6272573 0.6273171 0.5963243 0.6102892 0.6363984 0.6009830 0.6441712 0.6310179 0.6605161 0.6870518 0.7386851 0.7879549 0.7883147 0.6936884 0.8434807 0.7283474 0.6383435 0.6148596 0.6120510 0.6028434 0.6292397 0.6649389 0.6339588 0.7629077 1.5129102 1.6674730 1.6957806 1.5136738 
Tityridae         0.6011512 0.6336430 0.6050293 0.6062305 0.5558462 0.5655448 0.6278754 0.6091553 0.5938230 0.5727859 0.5563945 0.5471464 0.5457762 0.6270271 0.5600351 0.5400043 0.6080408 0.6664647 0.0000000 0.1146594 0.1093520 0.1020231 0.1067771 0.1069963 0.1092679 0.1012846 0.1017872 0.1200971 0.1228351 0.2722356 0.3220201 0.3388209 0.4040320 0.4862336 0.5027044 0.5063742 0.4174267 0.5495473 0.5121169 0.4031137 0.4183887 0.4139245 0.4144379 0.4008876 0.4333142 0.4275835 0.5937723 1.3061460 1.3246928 1.3737406 1.4331158 
Ptilonorhynchidae 0.5767011 0.6028220 0.5970092 0.5962995 0.5490876 0.5584446 0.6050555 0.5832182 0.5589333 0.5487273 0.5273439 0.5206961 0.5164014 0.5883733 0.5489433 0.5390381 0.6068255 0.6472324 0.1146594 0.0000000 0.0856760 0.0752629 0.0799438 0.0811206 0.0799083 0.0781536 0.0819748 0.0983833 0.1177974 0.2553746 0.2987478 0.3097232 0.3765473 0.4438018 0.4657357 0.5045663 0.4010172 0.5368755 0.4831766 0.3962174 0.4164813 0.4015738 0.4020581 0.3916036 0.4188454 0.4095767 0.5792751 1.2368875 1.2946398 1.3393123 1.4209913 
Callaeatidae      0.5627444 0.6143651 0.5880453 0.5938898 0.5507737 0.5387700 0.6179320 0.5962789 0.5735929 0.5530771 0.5290407 0.5236106 0.5291144 0.5858353 0.5498896 0.5145155 0.5730817 0.6167168 0.1093520 0.0856760 0.0000000 0.0427477 0.0504061 0.0515501 0.0558640 0.0511839 0.0557201 0.0691202 0.1018951 0.2582562 0.2937016 0.2916224 0.3767685 0.4423898 0.4709511 0.4856579 0.3885047 0.5124507 0.4783645 0.3935275 0.4120089 0.4044394 0.4029074 0.3997023 0.4249174 0.4067261 0.5943259 1.2022961 1.2306533 1.3117421 1.3908644 
Monarchidae       0.5461140 0.6035030 0.5690308 0.5703643 0.5323535 0.5228239 0.5845741 0.5731786 0.5468057 0.5298752 0.5151756 0.4989042 0.5127498 0.5602722 0.5174235 0.5049146 0.5581990 0.6048356 0.1020231 0.0752629 0.0427477 0.0000000 0.0395577 0.0438863 0.0470591 0.0414408 0.0458763 0.0590509 0.0910585 0.2299050 0.2771999 0.2784317 0.3524793 0.4214123 0.4532281 0.4721621 0.3537788 0.4967011 0.4518713 0.3602275 0.3871265 0.3776785 0.3726868 0.3731397 0.3974213 0.3884723 0.5691880 1.2119642 1.2121319 1.2680712 1.4075486 
Malaconotidae     0.5527699 0.5999857 0.5849698 0.5908291 0.5498522 0.5428351 0.6061400 0.6029313 0.5782059 0.5539183 0.5342217 0.5245642 0.5467237 0.5994780 0.5496256 0.5306416 0.5924663 0.6266330 0.1067771 0.0799438 0.0504061 0.0395577 0.0000000 0.0537572 0.0558504 0.0522716 0.0557058 0.0679645 0.1007282 0.2495190 0.2919248 0.2936904 0.3761894 0.4303327 0.4670539 0.4761411 0.3673637 0.5279100 0.4816193 0.3807427 0.3954737 0.3915085 0.3793587 0.3833094 0.4100404 0.3937256 0.5854485 1.1945896 1.2259374 1.3016525 1.4353285 
Certhiidae        0.5527426 0.6078247 0.5829398 0.5771139 0.5431808 0.5535083 0.6060906 0.5938453 0.5659619 0.5364636 0.5205002 0.5138446 0.5259333 0.5934797 0.5490981 0.5351320 0.5839817 0.6272573 0.1069963 0.0811206 0.0515501 0.0438863 0.0537572 0.0000000 0.0342355 0.0351047 0.0394843 0.0525402 0.0983307 0.2558828 0.2900685 0.2998312 0.3729873 0.4460060 0.4696637 0.4885530 0.3767100 0.5154863 0.4769043 0.3836127 0.4090983 0.4015492 0.4000243 0.3968263 0.4239572 0.4110718 0.5890261 1.2340505 1.2420364 1.3120002 1.3941707 
Cinclidae         0.5402846 0.6141151 0.5829513 0.5849639 0.5420207 0.5454968 0.5857713 0.5768871 0.5547881 0.5372248 0.5205794 0.5042990 0.5241944 0.5872159 0.5307902 0.5265811 0.5704072 0.6273171 0.1092679 0.0799083 0.0558640 0.0470591 0.0558504 0.0342355 0.0000000 0.0361114 0.0426356 0.0524795 0.1016923 0.2576254 0.2927029 0.2990701 0.3698958 0.4283934 0.4603452 0.4761555 0.3834517 0.5013283 0.4751584 0.3739841 0.3992150 0.3846107 0.3831085 0.3866649 0.4101719 0.3974994 0.5787147 1.2309429 1.2436719 1.2875047 1.4025919 
Ploceidae         0.5467271 0.6036407 0.5712715 0.5770399 0.5349197 0.5321952 0.5803593 0.5665274 0.5517226 0.5380069 0.5118899 0.5017758 0.5154678 0.5731199 0.5261762 0.4999580 0.5575460 0.5963243 0.1012846 0.0781536 0.0511839 0.0414408 0.0522716 0.0351047 0.0361114 0.0000000 0.0307717 0.0489113 0.0916589 0.2486092 0.2854009 0.2915503 0.3545747 0.4379527 0.4567406 0.4740161 0.3743090 0.5042917 0.4681223 0.3706619 0.3936320 0.3811402 0.3796551 0.3766161 0.4027859 0.3903245 0.5715297 1.2043505 1.2315404 1.2743070 1.3823627 
Thraupidae        0.5595944 0.6082156 0.5697433 0.5820252 0.5394108 0.5471970 0.5780588 0.5853716 0.5545200 0.5352423 0.5222839 0.5103580 0.5175387 0.5778320 0.5270431 0.5169474 0.5688301 0.6102892 0.1017872 0.0819748 0.0557201 0.0458763 0.0557058 0.0394843 0.0426356 0.0307717 0.0000000 0.0555944 0.0967416 0.2434549 0.2831496 0.2986516 0.3692980 0.4393068 0.4670874 0.4690507 0.3794381 0.5113430 0.4715042 0.3759425 0.3945035 0.3835395 0.3820490 0.3789901 0.4025581 0.3901049 0.5775249 1.2037419 1.2218171 1.2629488 1.4041517 
Alaudidae         0.5582993 0.6310122 0.5846901 0.5885906 0.5676728 0.5634423 0.5979466 0.6085416 0.5722476 0.5430215 0.5237198 0.5164731 0.5391607 0.5967649 0.5500313 0.5311193 0.5772611 0.6363984 0.1200971 0.0983833 0.0691202 0.0590509 0.0679645 0.0525402 0.0524795 0.0489113 0.0555944 0.0000000 0.1099527 0.2735797 0.3069771 0.3139991 0.3773613 0.4531717 0.4797492 0.4745292 0.3957421 0.5074310 0.4920624 0.3684636 0.4042064 0.3887256 0.3852520 0.3911518 0.4180743 0.4088901 0.5963841 1.2495231 1.2402865 1.2782477 1.4221854 
Coraciiformes     0.5476447 0.6090731 0.5585150 0.5687323 0.5292869 0.5215610 0.5725217 0.5600361 0.5521997 0.5217760 0.4991200 0.4983852 0.5031740 0.5568340 0.5121565 0.5061303 0.5503533 0.6009830 0.1228351 0.1177974 0.1018951 0.0910585 0.1007282 0.0983307 0.1016923 0.0916589 0.0967416 0.1099527 0.0000000 0.2513178 0.2803867 0.2934294 0.3561093 0.4225530 0.4430281 0.4719166 0.3810988 0.5059519 0.4802981 0.3813214 0.3913262 0.3829835 0.3814827 0.3858362 0.4141606 0.4018722 0.5670599 1.2081509 1.2504369 1.2885828 1.3637505 
Crocodylidae      0.5842546 0.5757110 0.5507574 0.5635221 0.5430121 0.5341036 0.6047712 0.5973195 0.5626012 0.5481069 0.5570424 0.5486245 0.5372968 0.5715079 0.5469050 0.5460571 0.5971928 0.6441712 0.2722356 0.2553746 0.2582562 0.2299050 0.2495190 0.2558828 0.2576254 0.2486092 0.2434549 0.2735797 0.2513178 0.0000000 0.2861743 0.3133756 0.3931328 0.4483630 0.4841187 0.5191208 0.4145116 0.5410508 0.4770801 0.3818675 0.3813935 0.3734933 0.3739154 0.3883907 0.4115050 0.3964752 0.5889791 1.2095204 1.2882163 1.3716190 1.4584175 
Carettochelyidae  0.5662893 0.5762900 0.5748504 0.5631265 0.5419294 0.5563417 0.5943737 0.6117566 0.5562323 0.5414249 0.5490118 0.5512590 0.5285831 0.5836508 0.5411205 0.5261562 0.5686877 0.6310179 0.3220201 0.2987478 0.2937016 0.2771999 0.2919248 0.2900685 0.2927029 0.2854009 0.2831496 0.3069771 0.2803867 0.2861743 0.0000000 0.2490075 0.4060610 0.4647051 0.4841805 0.5211160 0.4481154 0.5315052 0.5154355 0.4257379 0.4280604 0.4145191 0.4113667 0.4324304 0.4507713 0.4483982 0.5813247 1.1970730 1.2866797 1.3562129 1.3584359 
Kinosternidae     0.6066165 0.6063355 0.6114603 0.6153833 0.5681589 0.5759811 0.6576391 0.6503953 0.6045157 0.6033574 0.5929488 0.5908995 0.5655044 0.6463811 0.5813921 0.5609188 0.6153640 0.6605161 0.3388209 0.3097232 0.2916224 0.2784317 0.2936904 0.2998312 0.2990701 0.2915503 0.2986516 0.3139991 0.2934294 0.3133756 0.2490075 0.0000000 0.4045403 0.4480891 0.5247524 0.5274315 0.4232116 0.5358752 0.5293171 0.4387544 0.4350576 0.4199071 0.4183460 0.4412386 0.4713590 0.4660165 0.5860306 1.2692062 1.2964621 1.4073020 1.4783918 
Anomalepididae    0.5797050 0.6232407 0.5812957 0.5768357 0.5622256 0.5772070 0.6260072 0.6464841 0.6189342 0.5915589 0.5859608 0.5667048 0.5517010 0.6200068 0.5613944 0.5766401 0.6376830 0.6870518 0.4040320 0.3765473 0.3767685 0.3524793 0.3761894 0.3729873 0.3698958 0.3545747 0.3692980 0.3773613 0.3561093 0.3931328 0.4060610 0.4045403 0.0000000 0.3044406 0.3234101 0.3640634 0.3008423 0.4878592 0.5435496 0.4377716 0.4484628 0.4510336 0.4472422 0.4548255 0.4885156 0.4676198 0.6116603 1.4163054 1.3985963 1.4802729 1.4168818 
Loxocemidae       0.6523519 0.7313886 0.6724605 0.6816601 0.6568008 0.6582946 0.7212116 0.7197066 0.6789404 0.6903483 0.6728363 0.6509249 0.6702114 0.7103474 0.6610629 0.6797973 0.7110655 0.7386851 0.4862336 0.4438018 0.4423898 0.4214123 0.4303327 0.4460060 0.4283934 0.4379527 0.4393068 0.4531717 0.4225530 0.4483630 0.4647051 0.4480891 0.3044406 0.0000000 0.2669047 0.4439077 0.3545981 0.5387047 0.6097768 0.5134419 0.5122758 0.5039489 0.4899631 0.5135365 0.5589981 0.5299109 0.6977867 1.4712678 1.2774103 1.4254357 1.4660193 
Natricidae        0.6859265 0.7770238 0.7118628 0.6974198 0.6685986 0.6950080 0.7462163 0.7468182 0.7138988 0.7367594 0.7111769 0.6895524 0.7178391 0.7060258 0.6856510 0.6866130 0.7765896 0.7879549 0.5027044 0.4657357 0.4709511 0.4532281 0.4670539 0.4696637 0.4603452 0.4567406 0.4670874 0.4797492 0.4430281 0.4841187 0.4841805 0.5247524 0.3234101 0.2669047 0.0000000 0.4677569 0.3912036 0.5286957 0.6302269 0.5288029 0.5198634 0.5292293 0.5133133 0.5430747 0.5719394 0.5446249 0.7226496 1.4153953 1.4515877 1.4943763 1.4700255 
Xenosauridae      0.7615554 0.8077744 0.7543915 0.7407567 0.6981748 0.7450757 0.7650353 0.7740272 0.7248342 0.7595548 0.7148816 0.7307912 0.7125235 0.7618394 0.6979455 0.7335523 0.7508682 0.7883147 0.5063742 0.5045663 0.4856579 0.4721621 0.4761411 0.4885530 0.4761555 0.4740161 0.4690507 0.4745292 0.4719166 0.5191208 0.5211160 0.5274315 0.3640634 0.4439077 0.4677569 0.0000000 0.4115951 0.5696718 0.6303174 0.5436747 0.5114614 0.5130478 0.5087559 0.5221708 0.5693625 0.5321990 0.7368721 1.4315037 1.4713838 1.5741298 1.5532585 
Teiidae           0.6208118 0.6701138 0.6146788 0.6404214 0.5817353 0.6166086 0.6456016 0.6372589 0.6018585 0.6119767 0.6150541 0.6077199 0.5852948 0.6397748 0.5989102 0.6413938 0.6891018 0.6936884 0.4174267 0.4010172 0.3885047 0.3537788 0.3673637 0.3767100 0.3834517 0.3743090 0.3794381 0.3957421 0.3810988 0.4145116 0.4481154 0.4232116 0.3008423 0.3545981 0.3912036 0.4115951 0.0000000 0.5016901 0.5594865 0.4777391 0.4670243 0.4443890 0.4449854 0.4789457 0.5115231 0.4921542 0.6416198 1.3355855 1.3462615 1.4183757 1.4960608 
Eublepharidae     0.8096189 0.8446470 0.7891681 0.8162629 0.7450527 0.8220233 0.7848741 0.7953467 0.7839691 0.7594562 0.7503187 0.7488899 0.7672033 0.8062240 0.7512452 0.7466097 0.7857161 0.8434807 0.5495473 0.5368755 0.5124507 0.4967011 0.5279100 0.5154863 0.5013283 0.5042917 0.5113430 0.5074310 0.5059519 0.5410508 0.5315052 0.5358752 0.4878592 0.5387047 0.5286957 0.5696718 0.5016901 0.0000000 0.6366740 0.5520309 0.5801561 0.5546149 0.5546669 0.5832203 0.6222625 0.5887521 0.7424422 1.4277897 1.5661973 1.5641596 1.6403607 
Dicamptodontidae  0.7281418 0.6822930 0.6553860 0.6525350 0.6491146 0.6663615 0.6962619 0.6885608 0.6660172 0.6760793 0.6768830 0.6450167 0.6243753 0.6676587 0.5995928 0.6422809 0.6774578 0.7283474 0.5121169 0.4831766 0.4783645 0.4518713 0.4816193 0.4769043 0.4751584 0.4681223 0.4715042 0.4920624 0.4802981 0.4770801 0.5154355 0.5293171 0.5435496 0.6097768 0.6302269 0.6303174 0.5594865 0.6366740 0.0000000 0.2868439 0.2885569 0.2895875 0.2858170 0.2907342 0.3298527 0.2993597 0.5320757 1.3281635 1.3480001 1.3807774 1.4681514 
Alytidae          0.5856487 0.5744851 0.5561287 0.5499788 0.5252849 0.5543562 0.6018310 0.5713880 0.5648859 0.5752973 0.5587372 0.5397594 0.5225281 0.5913164 0.5020037 0.5773699 0.6047362 0.6383435 0.4031137 0.3962174 0.3935275 0.3602275 0.3807427 0.3836127 0.3739841 0.3706619 0.3759425 0.3684636 0.3813214 0.3818675 0.4257379 0.4387544 0.4377716 0.5134419 0.5288029 0.5436747 0.4777391 0.5520309 0.2868439 0.0000000 0.1318672 0.1253230 0.1205490 0.1336007 0.1726485 0.1427746 0.4318647 1.2352114 1.2087434 1.2291112 1.3741326 
Heleophrynidae    0.5906584 0.5614422 0.5563858 0.5639183 0.5423903 0.5629937 0.5984051 0.6034233 0.5720106 0.5789424 0.5592932 0.5533921 0.5283557 0.5794766 0.5088849 0.5698315 0.6005259 0.6148596 0.4183887 0.4164813 0.4120089 0.3871265 0.3954737 0.4090983 0.3992150 0.3936320 0.3945035 0.4042064 0.3913262 0.3813935 0.4280604 0.4350576 0.4484628 0.5122758 0.5198634 0.5114614 0.4670243 0.5801561 0.2885569 0.1318672 0.0000000 0.0883717 0.0815830 0.0892562 0.1239448 0.1093428 0.4227244 1.1869815 1.1978740 1.2637136 1.3855363 
Leptodactylidae   0.5657482 0.5514917 0.5242858 0.5367326 0.5167899 0.5544948 0.5776336 0.5751630 0.5611516 0.5714106 0.5433931 0.5357434 0.5122749 0.5734567 0.4949176 0.5641727 0.5760439 0.6120510 0.4139245 0.4015738 0.4044394 0.3776785 0.3915085 0.4015492 0.3846107 0.3811402 0.3835395 0.3887256 0.3829835 0.3734933 0.4145191 0.4199071 0.4510336 0.5039489 0.5292293 0.5130478 0.4443890 0.5546149 0.2895875 0.1253230 0.0883717 0.0000000 0.0204987 0.0737333 0.1006693 0.0886363 0.4358091 1.2170090 1.1737304 1.2545816 1.3783643 
Strabomantidae    0.5563497 0.5440246 0.5231685 0.5295169 0.5056665 0.5472147 0.5682815 0.5714785 0.5581738 0.5507743 0.5362246 0.5176400 0.5093508 0.5617676 0.4839720 0.5529981 0.5709807 0.6028434 0.4144379 0.4020581 0.4029074 0.3726868 0.3793587 0.4000243 0.3831085 0.3796551 0.3820490 0.3852520 0.3814827 0.3739154 0.4113667 0.4183460 0.4472422 0.4899631 0.5133133 0.5087559 0.4449854 0.5546669 0.2858170 0.1205490 0.0815830 0.0204987 0.0000000 0.0670580 0.0960601 0.0783847 0.4246183 1.2031035 1.1744653 1.2645280 1.3829232 
Micrixalidae      0.6033717 0.5689109 0.5422938 0.5611530 0.5524056 0.5760856 0.6038721 0.6202915 0.6005261 0.5969454 0.5633615 0.5574619 0.5461703 0.6023784 0.5231647 0.5683022 0.6014588 0.6292397 0.4008876 0.3916036 0.3997023 0.3731397 0.3833094 0.3968263 0.3866649 0.3766161 0.3789901 0.3911518 0.3858362 0.3883907 0.4324304 0.4412386 0.4548255 0.5135365 0.5430747 0.5221708 0.4789457 0.5832203 0.2907342 0.1336007 0.0892562 0.0737333 0.0670580 0.0000000 0.0783050 0.0623487 0.4270572 1.2192784 1.1994596 1.2478303 1.4230216 
Hemisotidae       0.6183450 0.5971588 0.5758687 0.5887430 0.5599923 0.5821346 0.6164184 0.6206305 0.6086624 0.6025447 0.5666956 0.5602392 0.5468831 0.5829652 0.5479924 0.5946950 0.6354221 0.6649389 0.4333142 0.4188454 0.4249174 0.3974213 0.4100404 0.4239572 0.4101719 0.4027859 0.4025581 0.4180743 0.4141606 0.4115050 0.4507713 0.4713590 0.4885156 0.5589981 0.5719394 0.5693625 0.5115231 0.6222625 0.3298527 0.1726485 0.1239448 0.1006693 0.0960601 0.0783050 0.0000000 0.0910080 0.4650402 1.2128634 1.2088825 1.2859042 1.4170767 
Asterophryidae    0.6245435 0.5860422 0.5758581 0.5842061 0.5600955 0.5937176 0.6248435 0.6381378 0.6139770 0.6097223 0.5787685 0.5652439 0.5581613 0.6041433 0.5311486 0.5628569 0.6101737 0.6339588 0.4275835 0.4095767 0.4067261 0.3884723 0.3937256 0.4110718 0.3974994 0.3903245 0.3901049 0.4088901 0.4018722 0.3964752 0.4483982 0.4660165 0.4676198 0.5299109 0.5446249 0.5321990 0.4921542 0.5887521 0.2993597 0.1427746 0.1093428 0.0886363 0.0783847 0.0623487 0.0910080 0.0000000 0.4610908 1.2335659 1.2105218 1.2663601 1.4055824 
Caeciliidae2      0.7082193 0.7069295 0.6813069 0.6812887 0.6607957 0.7148390 0.7230576 0.7319082 0.6889587 0.7025696 0.6867148 0.6805229 0.6306732 0.7107335 0.6313524 0.7150969 0.7368705 0.7629077 0.5937723 0.5792751 0.5943259 0.5691880 0.5854485 0.5890261 0.5787147 0.5715297 0.5775249 0.5963841 0.5670599 0.5889791 0.5813247 0.5860306 0.6116603 0.6977867 0.7226496 0.7368721 0.6416198 0.7424422 0.5320757 0.4318647 0.4227244 0.4358091 0.4246183 0.4270572 0.4650402 0.4610908 0.0000000 1.3565960 1.2585780 1.3056904 1.5419935 
Polypteriformes   1.5377487 1.4732597 1.4922449 1.4760990 1.4388464 1.4361541 1.5240577 1.5095114 1.4209710 1.4940967 1.4489166 1.4285904 1.4100861 1.5002905 1.4036239 1.4037191 1.4715374 1.5129102 1.3061460 1.2368875 1.2022961 1.2119642 1.1945896 1.2340505 1.2309429 1.2043505 1.2037419 1.2495231 1.2081509 1.2095204 1.1970730 1.2692062 1.4163054 1.4712678 1.4153953 1.4315037 1.3355855 1.4277897 1.3281635 1.2352114 1.1869815 1.2170090 1.2031035 1.2192784 1.2128634 1.2335659 1.3565960 0.0000000 1.7531047 1.7433475 2.0374654 
Channichthyidae   1.5374798 1.5184855 1.4768332 1.4338607 1.4524303 1.4434075 1.5804725 1.5765328 1.4953323 1.4909623 1.4592474 1.4531494 1.4680045 1.5464612 1.5046502 1.5686626 1.5606906 1.6674730 1.3246928 1.2946398 1.2306533 1.2121319 1.2259374 1.2420364 1.2436719 1.2315404 1.2218171 1.2402865 1.2504369 1.2882163 1.2866797 1.2964621 1.3985963 1.2774103 1.4515877 1.4713838 1.3462615 1.5661973 1.3480001 1.2087434 1.1978740 1.1737304 1.1744653 1.1994596 1.2088825 1.2105218 1.2585780 1.7531047 0.0000000 0.2723164 2.2125110 
Pseudaphritidae   1.5853934 1.6037556 1.5093833 1.4231131 1.5090014 1.4623367 1.5584616 1.5797295 1.5235218 1.5462567 1.5296269 1.4902298 1.5255151 1.5919195 1.4903924 1.5870098 1.5904895 1.6957806 1.3737406 1.3393123 1.3117421 1.2680712 1.3016525 1.3120002 1.2875047 1.2743070 1.2629488 1.2782477 1.2885828 1.3716190 1.3562129 1.4073020 1.4802729 1.4254357 1.4943763 1.5741298 1.4183757 1.5641596 1.3807774 1.2291112 1.2637136 1.2545816 1.2645280 1.2478303 1.2859042 1.2663601 1.3056904 1.7433475 0.2723164 0.0000000 2.1771698 
Carcharhinidae    1.5114349 1.5443720 1.4719570 1.4487104 1.4409046 1.4174319 1.5754220 1.4974118 1.4889535 1.5503016 1.4713587 1.4586588 1.5576646 1.5665425 1.4194413 1.5400068 1.4915344 1.5136738 1.4331158 1.4209913 1.3908644 1.4075486 1.4353285 1.3941707 1.4025919 1.3823627 1.4041517 1.4221854 1.3637505 1.4584175 1.3584359 1.4783918 1.4168818 1.4660193 1.4700255 1.5532585 1.4960608 1.6403607 1.4681514 1.3741326 1.3855363 1.3783643 1.3829232 1.4230216 1.4170767 1.4055824 1.5419935 2.0374654 2.2125110 2.1771698 0.0000000 
