51
Pitheciidae       0.0000000 0.5100253 0.4050161 0.3970336 0.6710538 0.4432607 0.5218507 0.6668021 0.5126527 0.4785713 0.4798828 0.5262192 0.5520136 0.5279918 0.5911862 0.6296596 0.6689375 0.6703911 1.0997908 1.0391555 1.0172888 1.0283158 1.0445656 1.0139300 1.0191611 1.0017428 1.0118808 1.0254000 1.0629665 0.8645659 1.0206302 1.0078140 1.0229955 0.9882399 1.0235749 0.9620306 1.1925096 1.0026674 1.2722587 1.3504865 1.7379009 1.6527207 1.6016812 1.7054180 1.6019201 1.6251195 1.2045876 4.6348209 2.5832829 2.4165878 1.7409769 
Scandentia        0.5100253 0.0000000 0.5555368 0.5568015 0.7921847 0.6074140 0.6321329 0.8089690 0.6573751 0.6145080 0.6213946 0.5910224 0.6457379 0.6881301 0.7256584 0.7808603 0.8136464 0.8302402 1.2118556 1.1691402 1.1645209 1.1897557 1.1646373 1.1385591 1.1529287 1.1428493 1.1738244 1.1679906 1.2053424 1.0465215 1.1627028 1.1354736 1.1826934 1.1555291 1.1362794 1.1391319 1.3372601 1.2203216 1.3789159 1.5105380 1.9354552 1.7897379 1.6705296 1.8859294 1.8275225 1.9152668 1.3962563 4.3232992 2.7393889 2.5871493 1.9440257 
Erethizontidae    0.4050161 0.5555368 0.0000000 0.1336561 0.5950384 0.4032139 0.5298476 0.6978949 0.5068573 0.5123029 0.5467803 0.5578815 0.5640088 0.5116636 0.6021481 0.6530204 0.6644292 0.6950727 1.1693030 1.0985786 1.1011562 1.1181566 1.1030235 1.0908296 1.0967009 1.0786001 1.0845456 1.1040855 1.1371851 0.9811336 1.1132129 1.0298293 1.1523937 1.1046887 1.1212022 1.0685588 1.2874038 1.1424771 1.4425239 1.5796730 1.7800230 1.6466003 1.5487003 1.8128124 1.6223383 1.8443739 1.3495445 4.7021686 2.6399678 2.4609453 1.8894264 
Capromyidae       0.3970336 0.5568015 0.1336561 0.0000000 0.5962340 0.4222828 0.5371235 0.7037065 0.5065452 0.4991325 0.5329496 0.5567176 0.5487522 0.5274524 0.6021874 0.6774395 0.6941050 0.7181814 1.1233285 1.0570628 1.0692211 1.0892505 1.0748396 1.0498673 1.0642123 1.0437742 1.0621026 1.0564291 1.0959266 0.9754692 1.0657663 1.0417459 1.1457663 1.0915246 1.0936178 1.0162913 1.2702278 1.1081206 1.3913314 1.4888190 1.8293053 1.6299794 1.5032413 1.7457018 1.5653263 1.7406312 1.3371161 4.4160105 2.4922896 2.3437900 1.8590102 
Muridae           0.6710538 0.7921847 0.5950384 0.5962340 0.0000000 0.6102059 0.7449588 0.9022868 0.8041131 0.7079937 0.7262251 0.7836598 0.7792226 0.8470452 0.8383457 0.9221168 0.9661277 0.9537670 1.3282913 1.2492526 1.2401837 1.2603144 1.2601833 1.2357772 1.2291417 1.2179930 1.2481187 1.2424487 1.3085257 1.2129313 1.2801001 1.2781506 1.3371090 1.3978086 1.4027804 1.3906223 1.4914567 1.4644314 1.6331216 1.7935415 2.0552180 1.9212797 1.8587797 2.0253090 1.9362042 1.9981861 1.5669800 4.1923775 3.0394176 2.9563113 2.1012924 
Castoridae        0.4432607 0.6074140 0.4032139 0.4222828 0.6102059 0.0000000 0.5259877 0.6677879 0.5573522 0.5402875 0.5516380 0.5571982 0.5853228 0.5905742 0.6234580 0.7565179 0.7514374 0.7868761 1.1444432 1.0611429 1.0557419 1.0720203 1.0577814 1.0540827 1.0622258 1.0360527 1.0503372 1.0440870 1.0863669 0.9547427 1.0346545 0.9888973 1.1453196 1.0693652 1.0941796 1.0933600 1.2940940 1.1396692 1.4270759 1.4931621 1.9009775 1.7488027 1.6859871 1.7363080 1.6859097 1.6914462 1.1773437 4.3642815 2.7734663 2.5617532 1.9122290 
Suidae            0.5218507 0.6321329 0.5298476 0.5371235 0.7449588 0.5259877 0.0000000 0.5576435 0.4506512 0.4546324 0.4406134 0.5011132 0.5492628 0.5512053 0.6396067 0.7774368 0.8214043 0.8212424 1.1608279 1.1244735 1.1057852 1.1258064 1.1137178 1.0789272 1.0955447 1.0890625 1.1070262 1.1198168 1.1111645 0.9706863 1.0371970 1.0208557 1.1604449 1.1143963 1.1058984 1.1114862 1.3257208 1.1945447 1.3988409 1.5324473 1.8335049 1.7679004 1.6642558 1.8115818 1.6859778 1.7801563 1.3066806 4.4453577 2.6461826 2.4920222 1.9070408 
Hippopotamidae    0.6668021 0.8089690 0.6978949 0.7037065 0.9022868 0.6677879 0.5576435 0.0000000 0.4552025 0.5958381 0.6093939 0.6312393 0.6921675 0.7542211 0.7905304 0.9450063 0.9913016 0.9831556 1.3701177 1.3120307 1.3311492 1.3238995 1.3152312 1.2817589 1.3017136 1.2958704 1.3068863 1.2977765 1.3315479 1.1849592 1.2211324 1.2444829 1.2980807 1.2363985 1.2703061 1.2942195 1.4793457 1.3770617 1.6438349 1.6582281 1.9195097 1.7886249 1.6543617 1.8364929 1.7408989 1.7494121 1.4720759 5.2271144 2.8667319 2.7399034 2.1482185 
Hyperoodontidae   0.5126527 0.6573751 0.5068573 0.5065452 0.8041131 0.5573522 0.4506512 0.4552025 0.0000000 0.4882200 0.5104412 0.5207843 0.5481430 0.5522749 0.6422195 0.7552431 0.7932481 0.7958875 1.1230201 1.0856412 1.1014727 1.0991081 1.0824874 1.0487716 1.0696229 1.0607254 1.0796056 1.0823750 1.0966136 0.9949962 1.0685941 1.0846082 1.1540777 1.1391928 1.1549447 1.1671904 1.3278871 1.1772322 1.3558610 1.5705021 1.8198808 1.7131280 1.5789903 1.7643324 1.6189298 1.7007922 1.3285536 4.4836190 2.7701398 2.5884360 1.9403166 
Vespertilionidae  0.4785713 0.6145080 0.5123029 0.4991325 0.7079937 0.5402875 0.4546324 0.5958381 0.4882200 0.0000000 0.3018703 0.3489326 0.4948323 0.5100630 0.6569660 0.7336915 0.8056317 0.8208332 1.1484494 1.0709847 1.0914663 1.0987204 1.0883036 1.0606719 1.0709215 1.0609887 1.0808324 1.0882854 1.0840359 0.9960715 1.0848110 1.0650365 1.0478948 1.0266978 1.0734164 1.0679071 1.2484042 1.1672982 1.2471576 1.4089697 1.7496437 1.6279610 1.5410134 1.6889517 1.4911360 1.6478775 1.2565845 4.5756352 2.6894100 2.5299265 1.8356350 
Furipteridae      0.4798828 0.6213946 0.5467803 0.5329496 0.7262251 0.5516380 0.4406134 0.6093939 0.5104412 0.3018703 0.0000000 0.3869686 0.5191574 0.5302267 0.6840188 0.7716566 0.7818330 0.7696169 1.1873525 1.1289512 1.1273176 1.1365410 1.1316284 1.0941945 1.1170476 1.0947552 1.1214958 1.1157423 1.1219558 1.0408015 1.1013084 1.0800918 1.1356171 1.1102443 1.1619412 1.1584614 1.2911866 1.2079827 1.4112531 1.5420917 1.8616136 1.7384889 1.6567898 1.7646616 1.6175753 1.7449390 1.3400937 4.9496120 2.7644819 2.6865295 1.9061343 
Rhinolophidae     0.5262192 0.5910224 0.5578815 0.5567176 0.7836598 0.5571982 0.5011132 0.6312393 0.5207843 0.3489326 0.3869686 0.0000000 0.5130239 0.5520384 0.6449129 0.7602476 0.8143138 0.8464941 1.1251417 1.0568874 1.0662497 1.0640587 1.0565385 1.0408649 1.0401483 1.0275457 1.0567434 1.0535716 1.0977999 0.9854039 1.0704229 1.0704753 1.0851851 1.0680811 1.0770547 1.1330120 1.3033500 1.1366578 1.3659301 1.4153090 1.7808180 1.6298416 1.4663412 1.6642671 1.5644006 1.6220775 1.3165134 4.4464567 2.6319082 2.4375802 1.8373758 
Viverridae        0.5520136 0.6457379 0.5640088 0.5487522 0.7792226 0.5853228 0.5492628 0.6921675 0.5481430 0.4948323 0.5191574 0.5130239 0.0000000 0.3893907 0.7380260 0.7727573 0.8203464 0.8515824 1.2354392 1.1918010 1.1535917 1.1667136 1.1665038 1.1517713 1.1540107 1.1281847 1.1385740 1.1442601 1.1802041 1.1055105 1.1781662 1.1407211 1.2002947 1.1477589 1.1847934 1.1047103 1.3734474 1.2354709 1.4630537 1.5957924 1.8732402 1.6939162 1.5662196 1.7473149 1.7048310 1.7327532 1.3852305 4.6671744 2.5857769 2.4326403 1.9339221 
Procyonidae       0.5279918 0.6881301 0.5116636 0.5274524 0.8470452 0.5905742 0.5512053 0.7542211 0.5522749 0.5100630 0.5302267 0.5520384 0.3893907 0.0000000 0.7157336 0.7980268 0.8221954 0.8063856 1.2256086 1.1570472 1.1193343 1.1499252 1.1338755 1.1026443 1.1148879 1.1097525 1.1247667 1.1326199 1.1704681 1.0552505 1.1915347 1.1076587 1.2703051 1.2203719 1.1872611 1.1747642 1.3416641 1.2994560 1.5471505 1.7353108 2.0480239 1.7580484 1.6600146 1.8926177 1.7932935 1.8548462 1.4501384 4.9891957 2.7226411 2.5554454 1.9993672 
Myrmecophagidae   0.5911862 0.7256584 0.6021481 0.6021874 0.8383457 0.6234580 0.6396067 0.7905304 0.6422195 0.6569660 0.6840188 0.6449129 0.7380260 0.7157336 0.0000000 0.7897317 0.8681092 0.8668605 1.2149282 1.1452590 1.1599641 1.1859504 1.1626858 1.1451712 1.1436477 1.1553519 1.1612144 1.1714432 1.1909433 1.0677239 1.2042819 1.1832821 1.1882925 1.1885054 1.1807580 1.1766016 1.4141508 1.2362731 1.5301127 1.6819711 1.9892836 1.8370385 1.6886849 1.8680770 1.8295118 1.8290157 1.3784677 4.6687336 2.6007960 2.4866839 1.8904642 
Caluromyidae      0.6296596 0.7808603 0.6530204 0.6774395 0.9221168 0.7565179 0.7774368 0.9450063 0.7552431 0.7336915 0.7716566 0.7602476 0.7727573 0.7980268 0.7897317 0.0000000 0.2211504 0.2207904 0.9040182 0.8584863 0.8434506 0.8805213 0.8664626 0.8570508 0.8501673 0.8580148 0.8733504 0.8754182 0.8779845 0.8372332 0.8976847 0.9064785 0.9614680 0.9184673 0.9694285 0.9171120 1.1280393 1.0931198 1.2813511 1.3505488 1.5296107 1.4803940 1.3785708 1.6378270 1.4908687 1.5891866 1.1863085 4.3819135 2.6082771 2.6012907 1.8005072 
Thylacomyidae     0.6689375 0.8136464 0.6644292 0.6941050 0.9661277 0.7514374 0.8214043 0.9913016 0.7932481 0.8056317 0.7818330 0.8143138 0.8203464 0.8221954 0.8681092 0.2211504 0.0000000 0.2081791 0.9300002 0.8767817 0.8781804 0.9133851 0.8951711 0.8793483 0.8671280 0.8804329 0.8955163 0.9010662 0.8891154 0.8299922 0.9305682 0.9121377 0.9613071 0.9512711 0.9580204 0.9448691 1.1472291 1.0583615 1.3825425 1.4578100 1.6046801 1.5513114 1.4723937 1.7238855 1.5552288 1.6584941 1.2425390 4.3294972 2.7038819 2.6939677 1.9076662 
Phalangeridae     0.6703911 0.8302402 0.6950727 0.7181814 0.9537670 0.7868761 0.8212424 0.9831556 0.7958875 0.8208332 0.7696169 0.8464941 0.8515824 0.8063856 0.8668605 0.2207904 0.2081791 0.0000000 0.9003274 0.8716413 0.8505225 0.8831875 0.8672341 0.8675993 0.8721705 0.8603422 0.8790993 0.8829794 0.8663974 0.8330514 0.9108904 0.9038687 0.9682261 0.9880725 0.9985460 0.9728841 1.1572384 1.1068228 1.4079214 1.4235559 1.5967563 1.5292043 1.4733507 1.6972478 1.5171247 1.6765439 1.2248288 4.5722740 2.5466772 2.5382246 1.7974618 
Tityridae         1.0997908 1.2118556 1.1693030 1.1233285 1.3282913 1.1444432 1.1608279 1.3701177 1.1230201 1.1484494 1.1873525 1.1251417 1.2354392 1.2256086 1.2149282 0.9040182 0.9300002 0.9003274 0.0000000 0.0789035 0.0801512 0.0789954 0.0744731 0.0687745 0.0721100 0.0720706 0.0810522 0.0789411 0.1185405 0.2279070 0.3856254 0.3723345 0.4926898 0.4204476 0.4506585 0.4814373 0.6255176 0.4983991 0.9527264 1.0342881 1.3371429 1.0581361 1.0530864 1.1125148 1.1559060 1.1716615 0.8143854 3.9030591 2.0652730 2.0055798 1.3794843 
Ptilonorhynchidae 1.0391555 1.1691402 1.0985786 1.0570628 1.2492526 1.0611429 1.1244735 1.3120307 1.0856412 1.0709847 1.1289512 1.0568874 1.1918010 1.1570472 1.1452590 0.8584863 0.8767817 0.8716413 0.0789035 0.0000000 0.0459469 0.0480448 0.0416843 0.0363706 0.0426513 0.0427021 0.0512181 0.0437996 0.0982628 0.2089437 0.3714453 0.3542238 0.4694117 0.4161090 0.4355435 0.4560260 0.6038631 0.4750070 0.9034402 0.9939225 1.2939276 1.0667329 1.0310462 1.0654553 1.1360787 1.1169009 0.7778376 3.7628992 2.0902710 1.9991741 1.3824302 
Callaeatidae      1.0172888 1.1645209 1.1011562 1.0692211 1.2401837 1.0557419 1.1057852 1.3311492 1.1014727 1.0914663 1.1273176 1.0662497 1.1535917 1.1193343 1.1599641 0.8434506 0.8781804 0.8505225 0.0801512 0.0459469 0.0000000 0.0364750 0.0292100 0.0291248 0.0353315 0.0333044 0.0437830 0.0364506 0.0938486 0.2080303 0.3679478 0.3477640 0.4838527 0.4205830 0.4394243 0.4618023 0.5999265 0.4718879 0.9146686 0.9661193 1.2641018 1.0615473 1.0287218 1.0718238 1.1296579 1.1568522 0.7857926 3.8546355 2.1328660 2.0424746 1.3538502 
Monarchidae       1.0283158 1.1897557 1.1181566 1.0892505 1.2603144 1.0720203 1.1258064 1.3238995 1.0991081 1.0987204 1.1365410 1.0640587 1.1667136 1.1499252 1.1859504 0.8805213 0.9133851 0.8831875 0.0789954 0.0480448 0.0364750 0.0000000 0.0229484 0.0291171 0.0342961 0.0312330 0.0375013 0.0385202 0.1006278 0.2146317 0.3752780 0.3680294 0.4900432 0.4271525 0.4432422 0.4771151 0.6104565 0.4912839 0.8932124 1.0066079 1.3116256 1.0737604 1.0593172 1.0832128 1.1413713 1.1558008 0.7653705 3.9036091 2.1368032 2.0140168 1.3560441 
Malaconotidae     1.0445656 1.1646373 1.1030235 1.0748396 1.2601833 1.0577814 1.1137178 1.3152312 1.0824874 1.0883036 1.1316284 1.0565385 1.1665038 1.1338755 1.1626858 0.8664626 0.8951711 0.8672341 0.0744731 0.0416843 0.0292100 0.0229484 0.0000000 0.0239910 0.0291223 0.0301772 0.0385079 0.0333026 0.0913973 0.2034886 0.3669284 0.3575221 0.4770954 0.4136876 0.4239278 0.4665575 0.6045014 0.4842322 0.8931164 0.9798952 1.2805649 1.0608829 1.0520469 1.0696979 1.1315278 1.1613316 0.7628901 3.9307260 2.1049935 2.0121049 1.3841545 
Certhiidae        1.0139300 1.1385591 1.0908296 1.0498673 1.2357772 1.0540827 1.0789272 1.2817589 1.0487716 1.0606719 1.0941945 1.0408649 1.1517713 1.1026443 1.1451712 0.8570508 0.8793483 0.8675993 0.0687745 0.0363706 0.0291248 0.0291171 0.0239910 0.0000000 0.0198962 0.0199192 0.0280908 0.0250137 0.0888960 0.1922903 0.3507024 0.3382672 0.4704681 0.4030486 0.4218975 0.4456544 0.5944941 0.4645365 0.8938380 0.9601712 1.2641783 1.0417521 1.0100416 1.0477491 1.1140105 1.1196503 0.7658198 3.8091038 2.0638939 1.9784648 1.3326163 
Cinclidae         1.0191611 1.1529287 1.0967009 1.0642123 1.2291417 1.0622258 1.0955447 1.3017136 1.0696229 1.0709215 1.1170476 1.0401483 1.1540107 1.1148879 1.1436477 0.8501673 0.8671280 0.8721705 0.0721100 0.0426513 0.0353315 0.0342961 0.0291223 0.0198962 0.0000000 0.0260260 0.0342852 0.0311748 0.0957670 0.2057335 0.3617964 0.3466265 0.4809215 0.4106535 0.4277067 0.4553669 0.5994488 0.4746652 0.8927021 0.9894935 1.2695355 1.0510062 1.0162751 1.0533120 1.1236998 1.1546427 0.7705242 3.7843662 2.0956407 2.0210770 1.3423215 
Ploceidae         1.0017428 1.1428493 1.0786001 1.0437742 1.2179930 1.0360527 1.0890625 1.2958704 1.0607254 1.0609887 1.0947552 1.0275457 1.1281847 1.1097525 1.1553519 0.8580148 0.8804329 0.8603422 0.0720706 0.0427021 0.0333044 0.0312330 0.0301772 0.0199192 0.0260260 0.0000000 0.0219405 0.0291571 0.0958890 0.1993216 0.3616020 0.3440088 0.4679745 0.4005637 0.4213686 0.4415019 0.5871369 0.4658472 0.8925583 0.9670168 1.2830711 1.0534611 1.0271645 1.0599841 1.1315970 1.1406007 0.7638866 3.8789518 2.1145119 2.0299741 1.3434817 
Thraupidae        1.0118808 1.1738244 1.0845456 1.0621026 1.2481187 1.0503372 1.1070262 1.3068863 1.0796056 1.0808324 1.1214958 1.0567434 1.1385740 1.1247667 1.1612144 0.8733504 0.8955163 0.8790993 0.0810522 0.0512181 0.0437830 0.0375013 0.0385079 0.0280908 0.0342852 0.0219405 0.0000000 0.0395586 0.1052452 0.2125683 0.3672479 0.3585304 0.4721243 0.4163107 0.4374380 0.4542321 0.6056194 0.4823947 0.9132087 0.9740939 1.2947573 1.0740235 1.0476402 1.0820836 1.1522960 1.1618109 0.7716535 3.9528692 2.0971087 1.9527508 1.3695489 
Alaudidae         1.0254000 1.1679906 1.1040855 1.0564291 1.2424487 1.0440870 1.1198168 1.2977765 1.0823750 1.0882854 1.1157423 1.0535716 1.1442601 1.1326199 1.1714432 0.8754182 0.9010662 0.8829794 0.0789411 0.0437996 0.0364506 0.0385202 0.0333026 0.0250137 0.0311748 0.0291571 0.0395586 0.0000000 0.0994339 0.2089513 0.3677499 0.3592763 0.4802069 0.4133778 0.4397669 0.4624267 0.5954625 0.4725350 0.9169815 0.9971920 1.2679506 1.0669756 1.0336507 1.0544010 1.1584208 1.1441444 0.7744964 3.8820541 2.0773801 1.9753736 1.3585247 
Coraciiformes     1.0629665 1.2053424 1.1371851 1.0959266 1.3085257 1.0863669 1.1111645 1.3315479 1.0966136 1.0840359 1.1219558 1.0977999 1.1802041 1.1704681 1.1909433 0.8779845 0.8891154 0.8663974 0.1185405 0.0982628 0.0938486 0.1006278 0.0913973 0.0888960 0.0957670 0.0958890 0.1052452 0.0994339 0.0000000 0.2291406 0.3885696 0.3847308 0.4825411 0.4244664 0.4452994 0.4532691 0.6078683 0.4881163 0.9391233 1.0213339 1.3158325 1.1123823 1.0916420 1.1479465 1.1513270 1.1635686 0.7923828 3.9756019 2.1295998 2.0622753 1.3803001 
Crocodylidae      0.8645659 1.0465215 0.9811336 0.9754692 1.2129313 0.9547427 0.9706863 1.1849592 0.9949962 0.9960715 1.0408015 0.9854039 1.1055105 1.0552505 1.0677239 0.8372332 0.8299922 0.8330514 0.2279070 0.2089437 0.2080303 0.2146317 0.2034886 0.1922903 0.2057335 0.1993216 0.2125683 0.2089513 0.2291406 0.0000000 0.3125410 0.2847803 0.4111115 0.3346286 0.3548338 0.3598850 0.5431947 0.4053248 0.8199099 0.8735759 1.1934472 1.0716049 1.0173648 1.0936612 1.0774753 1.0570922 0.6490091 3.8797211 2.1259615 2.0140869 1.2180773 
Carettochelyidae  1.0206302 1.1627028 1.1132129 1.0657663 1.2801001 1.0346545 1.0371970 1.2211324 1.0685941 1.0848110 1.1013084 1.0704229 1.1781662 1.1915347 1.2042819 0.8976847 0.9305682 0.9108904 0.3856254 0.3714453 0.3679478 0.3752780 0.3669284 0.3507024 0.3617964 0.3616020 0.3672479 0.3677499 0.3885696 0.3125410 0.0000000 0.3170964 0.5475930 0.4752136 0.5194762 0.5291299 0.7071719 0.5499606 0.9853522 1.0391349 1.3643861 1.2133072 1.1451799 1.1588144 1.1576629 1.1600206 0.8641997 3.6760166 2.1015678 2.0052365 1.3570636 
Kinosternidae     1.0078140 1.1354736 1.0298293 1.0417459 1.2781506 0.9888973 1.0208557 1.2444829 1.0846082 1.0650365 1.0800918 1.0704753 1.1407211 1.1076587 1.1832821 0.9064785 0.9121377 0.9038687 0.3723345 0.3542238 0.3477640 0.3680294 0.3575221 0.3382672 0.3466265 0.3440088 0.3585304 0.3592763 0.3847308 0.2847803 0.3170964 0.0000000 0.5361737 0.4798787 0.4911075 0.4711900 0.6631098 0.5272134 0.8967353 0.9926026 1.3062946 1.1192245 1.1202535 1.1413319 1.1101935 1.1250964 0.8069948 3.9524117 2.1546524 1.9825638 1.3225803 
Anomalepididae    1.0229955 1.1826934 1.1523937 1.1457663 1.3371090 1.1453196 1.1604449 1.2980807 1.1540777 1.0478948 1.1356171 1.0851851 1.2002947 1.2703051 1.1882925 0.9614680 0.9613071 0.9682261 0.4926898 0.4694117 0.4838527 0.4900432 0.4770954 0.4704681 0.4809215 0.4679745 0.4721243 0.4802069 0.4825411 0.4111115 0.5475930 0.5361737 0.0000000 0.2434791 0.2652605 0.2834694 0.4894369 0.3875519 0.8843361 1.0541629 1.2946401 1.1452152 1.1401539 1.1859903 1.1231114 1.1644498 0.8306124 4.2152678 2.0542401 1.9249620 1.3308899 
Loxocemidae       0.9882399 1.1555291 1.1046887 1.0915246 1.3978086 1.0693652 1.1143963 1.2363985 1.1391928 1.0266978 1.1102443 1.0680811 1.1477589 1.2203719 1.1885054 0.9184673 0.9512711 0.9880725 0.4204476 0.4161090 0.4205830 0.4271525 0.4136876 0.4030486 0.4106535 0.4005637 0.4163107 0.4133778 0.4244664 0.3346286 0.4752136 0.4798787 0.2434791 0.0000000 0.1437686 0.2395832 0.4326046 0.3343151 0.8835492 0.9728531 1.3454824 1.0771476 1.1123479 1.1861686 1.1474702 1.1172627 0.8229389 4.0848235 2.1411847 2.0666193 1.2586362 
Natricidae        1.0235749 1.1362794 1.1212022 1.0936178 1.4027804 1.0941796 1.1058984 1.2703061 1.1549447 1.0734164 1.1619412 1.0770547 1.1847934 1.1872611 1.1807580 0.9694285 0.9580204 0.9985460 0.4506585 0.4355435 0.4394243 0.4432422 0.4239278 0.4218975 0.4277067 0.4213686 0.4374380 0.4397669 0.4452994 0.3548338 0.5194762 0.4911075 0.2652605 0.1437686 0.0000000 0.2454939 0.4255030 0.3649154 0.9084033 0.9713335 1.3479055 1.1012290 1.1319621 1.1456505 1.1456762 1.0805376 0.8048308 4.0052817 2.1541342 2.0566163 1.2925649 
Xenosauridae      0.9620306 1.1391319 1.0685588 1.0162913 1.3906223 1.0933600 1.1114862 1.2942195 1.1671904 1.0679071 1.1584614 1.1330120 1.1047103 1.1747642 1.1766016 0.9171120 0.9448691 0.9728841 0.4814373 0.4560260 0.4618023 0.4771151 0.4665575 0.4456544 0.4553669 0.4415019 0.4542321 0.4624267 0.4532691 0.3598850 0.5291299 0.4711900 0.2834694 0.2395832 0.2454939 0.0000000 0.4471828 0.3555739 0.9259368 1.0446152 1.3886286 1.0891387 1.0706251 1.1974256 1.1920899 1.1613595 0.8429061 4.1284291 2.2638553 2.1719689 1.2883565 
Teiidae           1.1925096 1.3372601 1.2874038 1.2702278 1.4914567 1.2940940 1.3257208 1.4793457 1.3278871 1.2484042 1.2911866 1.3033500 1.3734474 1.3416641 1.4141508 1.1280393 1.1472291 1.1572384 0.6255176 0.6038631 0.5999265 0.6104565 0.6045014 0.5944941 0.5994488 0.5871369 0.6056194 0.5954625 0.6078683 0.5431947 0.7071719 0.6631098 0.4894369 0.4326046 0.4255030 0.4471828 0.0000000 0.5788871 1.1549187 1.2569574 1.4572774 1.2972586 1.2622261 1.2886656 1.4291050 1.3046204 1.0148702 4.6665601 2.3214391 2.2551632 1.3588073 
Eublepharidae     1.0026674 1.2203216 1.1424771 1.1081206 1.4644314 1.1396692 1.1945447 1.3770617 1.1772322 1.1672982 1.2079827 1.1366578 1.2354709 1.2994560 1.2362731 1.0931198 1.0583615 1.1068228 0.4983991 0.4750070 0.4718879 0.4912839 0.4842322 0.4645365 0.4746652 0.4658472 0.4823947 0.4725350 0.4881163 0.4053248 0.5499606 0.5272134 0.3875519 0.3343151 0.3649154 0.3555739 0.5788871 0.0000000 1.0256545 1.0305911 1.4446433 1.2206874 1.1912073 1.2703650 1.2416142 1.2347243 0.8793200 4.1313218 2.2340852 2.1610535 1.4262821 
Dicamptodontidae  1.2722587 1.3789159 1.4425239 1.3913314 1.6331216 1.4270759 1.3988409 1.6438349 1.3558610 1.2471576 1.4112531 1.3659301 1.4630537 1.5471505 1.5301127 1.2813511 1.3825425 1.4079214 0.9527264 0.9034402 0.9146686 0.8932124 0.8931164 0.8938380 0.8927021 0.8925583 0.9132087 0.9169815 0.9391233 0.8199099 0.9853522 0.8967353 0.8843361 0.8835492 0.9084033 0.9259368 1.1549187 1.0256545 0.0000000 0.9486715 1.2966739 1.1775630 1.0902366 1.2226663 1.1148908 1.2045588 0.8356472 3.9149380 2.3361350 2.2465538 1.3909000 
Alytidae          1.3504865 1.5105380 1.5796730 1.4888190 1.7935415 1.4931621 1.5324473 1.6582281 1.5705021 1.4089697 1.5420917 1.4153090 1.5957924 1.7353108 1.6819711 1.3505488 1.4578100 1.4235559 1.0342881 0.9939225 0.9661193 1.0066079 0.9798952 0.9601712 0.9894935 0.9670168 0.9740939 0.9971920 1.0213339 0.8735759 1.0391349 0.9926026 1.0541629 0.9728531 0.9713335 1.0446152 1.2569574 1.0305911 0.9486715 0.0000000 1.3181169 1.1022682 1.0995207 1.1256740 1.0882799 1.0455235 0.8996918 4.1664826 2.4513953 2.4298546 1.5687392 
Heleophrynidae    1.7379009 1.9354552 1.7800230 1.8293053 2.0552180 1.9009775 1.8335049 1.9195097 1.8198808 1.7496437 1.8616136 1.7808180 1.8732402 2.0480239 1.9892836 1.5296107 1.6046801 1.5967563 1.3371429 1.2939276 1.2641018 1.3116256 1.2805649 1.2641783 1.2695355 1.2830711 1.2947573 1.2679506 1.3158325 1.1934472 1.3643861 1.3062946 1.2946401 1.3454824 1.3479055 1.3886286 1.4572774 1.4446433 1.2966739 1.3181169 0.0000000 0.9886007 0.9959971 1.0339524 0.9959512 0.9833734 1.1989145 4.8408770 2.7514330 2.7526357 1.9186064 
Leptodactylidae   1.6527207 1.7897379 1.6466003 1.6299794 1.9212797 1.7488027 1.7679004 1.7886249 1.7131280 1.6279610 1.7384889 1.6298416 1.6939162 1.7580484 1.8370385 1.4803940 1.5513114 1.5292043 1.0581361 1.0667329 1.0615473 1.0737604 1.0608829 1.0417521 1.0510062 1.0534611 1.0740235 1.0669756 1.1123823 1.0716049 1.2133072 1.1192245 1.1452152 1.0771476 1.1012290 1.0891387 1.2972586 1.2206874 1.1775630 1.1022682 0.9886007 0.0000000 0.2874735 0.9205977 0.7887457 0.7982713 1.0331485 4.7405850 2.6966885 2.5740483 1.6877394 
Strabomantidae    1.6016812 1.6705296 1.5487003 1.5032413 1.8587797 1.6859871 1.6642558 1.6543617 1.5789903 1.5410134 1.6567898 1.4663412 1.5662196 1.6600146 1.6886849 1.3785708 1.4723937 1.4733507 1.0530864 1.0310462 1.0287218 1.0593172 1.0520469 1.0100416 1.0162751 1.0271645 1.0476402 1.0336507 1.0916420 1.0173648 1.1451799 1.1202535 1.1401539 1.1123479 1.1319621 1.0706251 1.2622261 1.1912073 1.0902366 1.0995207 0.9959971 0.2874735 0.0000000 0.9156693 0.7920436 0.8135292 0.9905045 4.6370162 2.5515843 2.4312968 1.6649359 
Micrixalidae      1.7054180 1.8859294 1.8128124 1.7457018 2.0253090 1.7363080 1.8115818 1.8364929 1.7643324 1.6889517 1.7646616 1.6642671 1.7473149 1.8926177 1.8680770 1.6378270 1.7238855 1.6972478 1.1125148 1.0654553 1.0718238 1.0832128 1.0696979 1.0477491 1.0533120 1.0599841 1.0820836 1.0544010 1.1479465 1.0936612 1.1588144 1.1413319 1.1859903 1.1861686 1.1456505 1.1974256 1.2886656 1.2703650 1.2226663 1.1256740 1.0339524 0.9205977 0.9156693 0.0000000 0.6007982 0.6312453 1.0406080 4.7384109 2.6741616 2.5128124 1.7791657 
Hemisotidae       1.6019201 1.8275225 1.6223383 1.5653263 1.9362042 1.6859097 1.6859778 1.7408989 1.6189298 1.4911360 1.6175753 1.5644006 1.7048310 1.7932935 1.8295118 1.4908687 1.5552288 1.5171247 1.1559060 1.1360787 1.1296579 1.1413713 1.1315278 1.1140105 1.1236998 1.1315970 1.1522960 1.1584208 1.1513270 1.0774753 1.1576629 1.1101935 1.1231114 1.1474702 1.1456762 1.1920899 1.4291050 1.2416142 1.1148908 1.0882799 0.9959512 0.7887457 0.7920436 0.6007982 0.0000000 0.5623836 1.1607685 4.8799872 2.7491335 2.5742685 1.8008349 
Asterophryidae    1.6251195 1.9152668 1.8443739 1.7406312 1.9981861 1.6914462 1.7801563 1.7494121 1.7007922 1.6478775 1.7449390 1.6220775 1.7327532 1.8548462 1.8290157 1.5891866 1.6584941 1.6765439 1.1716615 1.1169009 1.1568522 1.1558008 1.1613316 1.1196503 1.1546427 1.1406007 1.1618109 1.1441444 1.1635686 1.0570922 1.1600206 1.1250964 1.1644498 1.1172627 1.0805376 1.1613595 1.3046204 1.2347243 1.2045588 1.0455235 0.9833734 0.7982713 0.8135292 0.6312453 0.5623836 0.0000000 1.0733824 4.4801164 2.6092640 2.4767347 1.8536306 
Caeciliidae2      1.2045876 1.3962563 1.3495445 1.3371161 1.5669800 1.1773437 1.3066806 1.4720759 1.3285536 1.2565845 1.3400937 1.3165134 1.3852305 1.4501384 1.3784677 1.1863085 1.2425390 1.2248288 0.8143854 0.7778376 0.7857926 0.7653705 0.7628901 0.7658198 0.7705242 0.7638866 0.7716535 0.7744964 0.7923828 0.6490091 0.8641997 0.8069948 0.8306124 0.8229389 0.8048308 0.8429061 1.0148702 0.8793200 0.8356472 0.8996918 1.1989145 1.0331485 0.9905045 1.0406080 1.1607685 1.0733824 0.0000000 4.3275996 2.1827603 2.1482029 1.3707030 
Polypteriformes   4.6348209 4.3232992 4.7021686 4.4160105 4.1923775 4.3642815 4.4453577 5.2271144 4.4836190 4.5756352 4.9496120 4.4464567 4.6671744 4.9891957 4.6687336 4.3819135 4.3294972 4.5722740 3.9030591 3.7628992 3.8546355 3.9036091 3.9307260 3.8091038 3.7843662 3.8789518 3.9528692 3.8820541 3.9756019 3.8797211 3.6760166 3.9524117 4.2152678 4.0848235 4.0052817 4.1284291 4.6665601 4.1313218 3.9149380 4.1664826 4.8408770 4.7405850 4.6370162 4.7384109 4.8799872 4.4801164 4.3275996 0.0000000 4.2817152 4.1967595 3.9942793 
Channichthyidae   2.5832829 2.7393889 2.6399678 2.4922896 3.0394176 2.7734663 2.6461826 2.8667319 2.7701398 2.6894100 2.7644819 2.6319082 2.5857769 2.7226411 2.6007960 2.6082771 2.7038819 2.5466772 2.0652730 2.0902710 2.1328660 2.1368032 2.1049935 2.0638939 2.0956407 2.1145119 2.0971087 2.0773801 2.1295998 2.1259615 2.1015678 2.1546524 2.0542401 2.1411847 2.1541342 2.2638553 2.3214391 2.2340852 2.3361350 2.4513953 2.7514330 2.6966885 2.5515843 2.6741616 2.7491335 2.6092640 2.1827603 4.2817152 0.0000000 0.2921664 2.1284303 
Pseudaphritidae   2.4165878 2.5871493 2.4609453 2.3437900 2.9563113 2.5617532 2.4920222 2.7399034 2.5884360 2.5299265 2.6865295 2.4375802 2.4326403 2.5554454 2.4866839 2.6012907 2.6939677 2.5382246 2.0055798 1.9991741 2.0424746 2.0140168 2.0121049 1.9784648 2.0210770 2.0299741 1.9527508 1.9753736 2.0622753 2.0140869 2.0052365 1.9825638 1.9249620 2.0666193 2.0566163 2.1719689 2.2551632 2.1610535 2.2465538 2.4298546 2.7526357 2.5740483 2.4312968 2.5128124 2.5742685 2.4767347 2.1482029 4.1967595 0.2921664 0.0000000 2.1144467 
Carcharhinidae    1.7409769 1.9440257 1.8894264 1.8590102 2.1012924 1.9122290 1.9070408 2.1482185 1.9403166 1.8356350 1.9061343 1.8373758 1.9339221 1.9993672 1.8904642 1.8005072 1.9076662 1.7974618 1.3794843 1.3824302 1.3538502 1.3560441 1.3841545 1.3326163 1.3423215 1.3434817 1.3695489 1.3585247 1.3803001 1.2180773 1.3570636 1.3225803 1.3308899 1.2586362 1.2925649 1.2883565 1.3588073 1.4262821 1.3909000 1.5687392 1.9186064 1.6877394 1.6649359 1.7791657 1.8008349 1.8536306 1.3707030 3.9942793 2.1284303 2.1144467 0.0000000 
