51
Pitheciidae       0.0000000 0.9523083 0.7260083 0.7024466 0.7171640 0.6901809 0.7392485 0.7402831 0.7087006 0.7797375 0.7582836 0.7742289 0.6699666 0.6363772 0.9261765 0.9237405 0.9589879 0.9981642 2.0493476 1.9410672 1.9999496 2.0725237 2.0578382 1.9482486 1.9931230 1.9163380 2.0365606 2.0644148 1.8045909 2.1359047 2.7509058 1.7792928 1.5705428 1.5501980 1.6406467 2.2516151 2.1471106 1.8531803 1.4750411 1.7693830 1.4454120 1.3872429 1.3470070 1.4189938 1.3991477 1.3663344 1.9947914 2.0466428 1.7639568 1.7857739 2.0418206 
Scandentia        0.9523083 0.0000000 0.9590916 0.9470714 0.9292106 0.9037049 1.0060081 0.9880228 0.9697857 1.0615729 0.9367055 0.9655913 0.9477810 0.9155343 1.1567303 1.1884526 1.2053078 1.1264099 2.1003373 2.0555055 2.0720588 2.1715341 2.2216456 2.1990933 2.1640473 2.0631498 2.1004973 2.1765309 2.0348263 2.1645221 2.3568823 1.9641098 1.7216721 1.7301528 1.6744679 2.5431043 2.3765242 2.0106064 1.6209918 1.9231415 1.6081220 1.5639131 1.5855654 1.6973621 1.6392714 1.6905228 1.9925544 2.4553584 1.9779077 2.1047827 2.1677133 
Erethizontidae    0.7260083 0.9590916 0.0000000 0.2638157 0.4664196 0.4803548 0.6821963 0.6365440 0.6058835 0.6460273 0.6461133 0.6433807 0.5969234 0.5338322 0.9237448 0.8967084 0.8790322 0.9367324 1.8070600 1.8425758 1.8381154 1.8446041 1.8483373 1.7639963 1.8614036 1.7983952 1.8679780 1.8431721 1.7305465 1.9671767 2.6015140 1.8694374 1.5927539 1.6421179 1.5896264 2.2718036 2.1959815 1.9022867 1.3793426 1.7542759 1.4355711 1.3339194 1.3237446 1.2986947 1.3315516 1.4184690 1.8488336 2.2005997 1.8443482 1.9076143 2.1470958 
Capromyidae       0.7024466 0.9470714 0.2638157 0.0000000 0.4993510 0.4736966 0.6571557 0.6777699 0.6330743 0.6507138 0.6892372 0.6375974 0.5886927 0.5509454 0.8851867 0.8765453 0.8604591 0.8996610 1.7485376 1.7585423 1.8120510 1.7500635 1.7793329 1.7396627 1.7667262 1.7657939 1.7742172 1.7410706 1.6825619 2.0083529 2.3254995 1.7162875 1.4865664 1.5095187 1.5379693 2.3411181 2.0071725 1.6936926 1.3960475 1.7330732 1.4416451 1.3421378 1.3213308 1.3074236 1.3121004 1.3829665 1.8467178 2.0954787 1.6595001 1.7012504 2.0014141 
Muridae           0.7171640 0.9292106 0.4664196 0.4993510 0.0000000 0.4064929 0.6170462 0.6446016 0.5660669 0.6287331 0.5584654 0.5843336 0.5265180 0.5233870 0.8080072 0.8231382 0.8515011 0.8772904 1.7000297 1.6458072 1.7075562 1.7293148 1.7305277 1.6222500 1.6608069 1.6016993 1.6366908 1.7331227 1.6111474 1.9398726 2.1805594 1.5755234 1.3641326 1.4422641 1.3291903 2.2683141 1.8193761 1.6353333 1.3977172 1.7864333 1.3152251 1.3096834 1.2769063 1.2420171 1.3161760 1.3693815 1.8989812 2.1111262 1.5621537 1.6296397 2.1043748 
Castoridae        0.6901809 0.9037049 0.4803548 0.4736966 0.4064929 0.0000000 0.6110177 0.6358562 0.6055875 0.6396971 0.5875311 0.6504199 0.5417044 0.5090852 0.7776266 0.8700373 0.8448950 0.8814144 1.7056809 1.8384078 1.7558594 1.7178121 1.7749022 1.7208185 1.8304798 1.8069249 1.7803438 1.8471043 1.6466589 2.1080793 2.4551112 1.7873915 1.5322358 1.5381738 1.5096456 2.2679287 2.1051652 1.7221332 1.3896023 1.6600840 1.3802315 1.2661475 1.2321937 1.2996962 1.2837163 1.3607734 1.8975254 2.2542695 1.8518795 1.8821410 2.1694338 
Suidae            0.7392485 1.0060081 0.6821963 0.6571557 0.6170462 0.6110177 0.0000000 0.4698524 0.4671458 0.6189061 0.5733066 0.5433851 0.4427558 0.4234941 0.9305791 0.8949709 0.9511171 0.9331741 1.8584673 1.8216176 1.9174526 1.8129590 1.8211117 1.7991544 1.7975655 1.7406722 1.7530864 1.8034531 1.6490705 2.0335019 2.2272804 1.7632170 1.5337974 1.5896423 1.5432970 2.3219668 1.8799021 1.6987509 1.4318887 1.7462860 1.4481254 1.3611086 1.3771362 1.3512357 1.3972230 1.5089339 1.9983697 1.9387789 1.6634430 1.7150231 2.0237747 
Hippopotamidae    0.7402831 0.9880228 0.6365440 0.6777699 0.6446016 0.6358562 0.4698524 0.0000000 0.3666540 0.5743072 0.5615676 0.6134838 0.4963214 0.4671859 0.9640376 0.9316078 0.9163819 0.9678808 1.8687588 1.8512177 1.8540954 1.7872337 1.7618800 1.7570188 1.8703729 1.7126370 1.7519965 1.8310092 1.6955036 2.0964823 2.0116450 1.7211183 1.5366969 1.5365407 1.4849444 2.3907740 1.9327971 1.7244169 1.4033734 1.6053701 1.3926362 1.3754422 1.3611714 1.3711207 1.4010243 1.4975182 1.8930611 1.9337929 1.5747493 1.5903639 2.0177798 
Hyperoodontidae   0.7087006 0.9697857 0.6058835 0.6330743 0.5660669 0.6055875 0.4671458 0.3666540 0.0000000 0.5679710 0.5481206 0.5928442 0.4781903 0.4306904 0.8972489 0.8652814 0.8880959 0.8929128 1.5899375 1.5961262 1.5924059 1.5321564 1.5639670 1.4800690 1.5210247 1.4720767 1.5258253 1.5369318 1.5223954 1.9934488 2.2453677 1.5722630 1.4988523 1.5560500 1.4774676 2.3459601 1.9141968 1.7786447 1.2330804 1.6667338 1.2696615 1.2423633 1.2620983 1.2188407 1.2954303 1.3844433 1.6981400 1.8770335 1.5398799 1.5939444 2.0475607 
Vespertilionidae  0.7797375 1.0615729 0.6460273 0.6507138 0.6287331 0.6396971 0.6189061 0.5743072 0.5679710 0.0000000 0.3433321 0.4296948 0.4922943 0.4678879 0.8280483 0.9533308 0.9221577 0.9497980 1.8297144 1.8338024 1.7871070 1.8339181 1.8264594 1.7554814 1.8144009 1.6702135 1.8111929 1.8699752 1.7530511 2.0151288 2.5001092 1.6131631 1.6369619 1.6398255 1.6977490 2.4832680 2.0549071 1.7179666 1.3639664 1.6545523 1.3476704 1.3068771 1.3101194 1.3113435 1.3258396 1.4297392 1.8569092 2.2098504 1.7533985 1.8040859 2.1843566 
Furipteridae      0.7582836 0.9367055 0.6461133 0.6892372 0.5584654 0.5875311 0.5733066 0.5615676 0.5481206 0.3433321 0.0000000 0.4092961 0.4389248 0.4270572 0.8546474 0.9060943 0.9003001 0.8880398 1.7299073 1.7851675 1.7019214 1.7207775 1.7302477 1.6626436 1.6745925 1.5907039 1.6764158 1.7853803 1.6015686 1.9763576 2.3695904 1.7333540 1.4923500 1.4301720 1.4012168 2.3036567 1.8562561 1.7102112 1.3294799 1.7156769 1.3345249 1.3077613 1.2982688 1.2848862 1.3500165 1.4076499 1.8374122 2.0888500 1.6058424 1.6627496 1.7891429 
Rhinolophidae     0.7742289 0.9655913 0.6433807 0.6375974 0.5843336 0.6504199 0.5433851 0.6134838 0.5928442 0.4296948 0.4092961 0.0000000 0.4819866 0.4592850 0.8899778 0.9536183 0.9618196 0.9502765 1.8303765 1.8143420 1.7678174 1.6954692 1.7363006 1.7442745 1.7350434 1.6924178 1.7328663 1.7977916 1.7076294 2.1519934 2.5008642 1.7194033 1.7089289 1.6886621 1.7420392 2.5919478 2.0654690 1.8205363 1.4262257 1.8931081 1.4395395 1.4004732 1.4179523 1.4017966 1.4514805 1.5371260 1.8931977 2.1296949 1.6575056 1.7155489 2.0903726 
Viverridae        0.6699666 0.9477810 0.5969234 0.5886927 0.5265180 0.5417044 0.4427558 0.4963214 0.4781903 0.4922943 0.4389248 0.4819866 0.0000000 0.2273206 0.7924377 0.8535410 0.8737560 0.9045558 1.6729441 1.6607830 1.6930144 1.7084845 1.6813471 1.6286977 1.6603719 1.5623881 1.6582527 1.7215285 1.5490793 1.9116322 2.2657629 1.5956086 1.4863837 1.4981217 1.4369106 2.2878829 1.9371327 1.6890384 1.2420163 1.6902280 1.3164479 1.2358133 1.1792208 1.2328369 1.2464017 1.3199456 1.7905404 2.0168683 1.6127883 1.7017229 1.9423282 
Procyonidae       0.6363772 0.9155343 0.5338322 0.5509454 0.5233870 0.5090852 0.4234941 0.4671859 0.4306904 0.4678879 0.4270572 0.4592850 0.2273206 0.0000000 0.7763572 0.8385707 0.8295114 0.8598410 1.6680816 1.5832278 1.7273200 1.6533720 1.6812720 1.6074991 1.6256499 1.6067937 1.6039645 1.6983355 1.5406909 1.9305418 2.2915096 1.5694469 1.4958862 1.4666959 1.4054761 2.2072411 1.9244075 1.6010083 1.2672618 1.5773441 1.2211547 1.1885317 1.1487571 1.2200432 1.2246135 1.2468663 1.6830875 1.8849485 1.5657630 1.6350852 1.8843279 
Myrmecophagidae   0.9261765 1.1567303 0.9237448 0.8851867 0.8080072 0.7776266 0.9305791 0.9640376 0.8972489 0.8280483 0.8546474 0.8899778 0.7924377 0.7763572 0.0000000 1.0495667 1.0657535 1.0692090 2.0437510 1.9688949 1.8783791 2.0823417 2.0817282 2.0272666 2.0581799 1.9697819 1.9516658 2.0918730 1.9328025 2.2083774 2.3594713 1.7723067 1.7065431 1.5858767 1.6496217 2.3877525 2.2910963 2.0612112 1.4954514 1.8728355 1.6134926 1.5157685 1.4527591 1.5632184 1.5696283 1.5404842 1.8223584 2.4068527 1.9089480 1.9067754 2.3556542 
Caluromyidae      0.9237405 1.1884526 0.8967084 0.8765453 0.8231382 0.8700373 0.8949709 0.9316078 0.8652814 0.9533308 0.9060943 0.9536183 0.8535410 0.8385707 1.0495667 0.0000000 0.2702333 0.2943637 1.6946002 1.5691293 1.7121551 1.5996656 1.6686095 1.5986103 1.6451821 1.5887479 1.6352357 1.6493615 1.5276027 2.0749309 2.2990961 1.7073071 1.4430626 1.5940293 1.5272082 2.1153122 1.9335847 1.5848723 1.3244591 1.6499832 1.1760923 1.1219147 1.1453535 1.1904740 1.2300623 1.2408168 1.7119851 2.2700935 1.7080970 1.7168809 1.9707578 
Thylacomyidae     0.9589879 1.2053078 0.8790322 0.8604591 0.8515011 0.8448950 0.9511171 0.9163819 0.8880959 0.9221577 0.9003001 0.9618196 0.8737560 0.8295114 1.0657535 0.2702333 0.0000000 0.2682756 1.7019592 1.6562477 1.7094876 1.6018951 1.7238441 1.6787292 1.6605604 1.6681443 1.7004306 1.6227549 1.5150388 2.2006132 2.2413539 1.6906274 1.4208913 1.5341008 1.4291530 2.1657543 1.8047401 1.6076318 1.2968741 1.5832211 1.2319380 1.1906364 1.1929394 1.2002218 1.2221632 1.2160798 1.7101041 2.1354678 1.6525216 1.6655965 1.8268259 
Phalangeridae     0.9981642 1.1264099 0.9367324 0.8996610 0.8772904 0.8814144 0.9331741 0.9678808 0.8929128 0.9497980 0.8880398 0.9502765 0.9045558 0.8598410 1.0692090 0.2943637 0.2682756 0.0000000 1.5671343 1.5626178 1.6331201 1.5369389 1.5809503 1.5552427 1.5886996 1.5778500 1.5613871 1.5880616 1.4664437 2.1840609 2.1573935 1.6789134 1.4022064 1.5407105 1.5008322 2.2557530 2.0401625 1.6203035 1.3076632 1.5328930 1.1729592 1.1059156 1.1365550 1.1861760 1.2086401 1.2316861 1.8056280 2.1593235 1.5467746 1.5502325 1.7541865 
Tityridae         2.0493476 2.1003373 1.8070600 1.7485376 1.7000297 1.7056809 1.8584673 1.8687588 1.5899375 1.8297144 1.7299073 1.8303765 1.6729441 1.6680816 2.0437510 1.6946002 1.7019592 1.5671343 0.0000000 0.2778015 0.3029407 0.2862024 0.2886078 0.2572847 0.2737167 0.2989362 0.2661491 0.3150231 0.2537668 1.3332938 1.3803433 1.0855949 1.3529335 1.3881532 1.2300296 2.0436077 1.7685307 1.4942918 1.3555743 1.7706601 1.3682608 1.3097551 1.3549105 1.2678993 1.3347257 1.3732687 1.8107844 1.8902228 1.7046678 1.7035938 2.2519336 
Ptilonorhynchidae 1.9410672 2.0555055 1.8425758 1.7585423 1.6458072 1.8384078 1.8216176 1.8512177 1.5961262 1.8338024 1.7851675 1.8143420 1.6607830 1.5832278 1.9688949 1.5691293 1.6562477 1.5626178 0.2778015 0.0000000 0.2733519 0.2544333 0.2768185 0.2269330 0.2319106 0.2590793 0.2238370 0.2458092 0.3008731 1.2913389 1.3100058 1.1147566 1.3420055 1.3654358 1.2954000 1.9781565 1.6164038 1.5346230 1.2467677 1.6449937 1.3481321 1.3380156 1.3344808 1.1992104 1.3002250 1.3324637 1.7898248 1.8314627 1.5644230 1.5997415 2.2904418 
Callaeatidae      1.9999496 2.0720588 1.8381154 1.8120510 1.7075562 1.7558594 1.9174526 1.8540954 1.5924059 1.7871070 1.7019214 1.7678174 1.6930144 1.7273200 1.8783791 1.7121551 1.7094876 1.6331201 0.3029407 0.2733519 0.0000000 0.2307493 0.2341254 0.2371891 0.2396919 0.2499787 0.2174227 0.2696129 0.3435940 1.3271046 1.4420227 1.1601645 1.3491922 1.3254256 1.2458295 2.1043416 1.7876324 1.5439184 1.3377499 1.6799056 1.4413172 1.3974310 1.4440110 1.3005593 1.3798156 1.4251038 1.8035101 1.8542138 1.6642807 1.6661699 2.2860262 
Monarchidae       2.0725237 2.1715341 1.8446041 1.7500635 1.7293148 1.7178121 1.8129590 1.7872337 1.5321564 1.8339181 1.7207775 1.6954692 1.7084845 1.6533720 2.0823417 1.5996656 1.6018951 1.5369389 0.2862024 0.2544333 0.2307493 0.0000000 0.1474111 0.2121706 0.2267115 0.2335609 0.1970312 0.2342664 0.3241710 1.3659351 1.3347251 1.1469352 1.2809308 1.3516790 1.2756288 2.1149593 1.7470427 1.5334374 1.2583650 1.5810663 1.3224518 1.2847402 1.3132741 1.1631645 1.2502451 1.3179475 1.7458093 1.8631537 1.5358799 1.5804379 2.1962163 
Malaconotidae     2.0578382 2.2216456 1.8483373 1.7793329 1.7305277 1.7749022 1.8211117 1.7618800 1.5639670 1.8264594 1.7302477 1.7363006 1.6813471 1.6812720 2.0817282 1.6686095 1.7238441 1.5809503 0.2886078 0.2768185 0.2341254 0.1474111 0.0000000 0.2231126 0.2348129 0.2398631 0.2055312 0.2447158 0.3292771 1.3437117 1.3885580 1.1537750 1.3087918 1.3659062 1.2721901 2.0866477 1.7786369 1.4895110 1.2974040 1.6598058 1.3515831 1.3356690 1.3582226 1.2078474 1.3134652 1.3764755 1.7384541 1.9939499 1.6149957 1.6289265 2.3558462 
Certhiidae        1.9482486 2.1990933 1.7639963 1.7396627 1.6222500 1.7208185 1.7991544 1.7570188 1.4800690 1.7554814 1.6626436 1.7442745 1.6286977 1.6074991 2.0272666 1.5986103 1.6787292 1.5552427 0.2572847 0.2269330 0.2371891 0.2121706 0.2231126 0.0000000 0.1652803 0.1918670 0.1653397 0.2049532 0.3097741 1.3603991 1.3475640 1.1552122 1.3745254 1.3692972 1.2263749 2.1024232 1.6904649 1.5661650 1.2679958 1.5126237 1.3179128 1.2733963 1.3182268 1.2218565 1.2848355 1.3309758 1.8733603 1.8571063 1.6336355 1.6608410 2.4017759 
Cinclidae         1.9931230 2.1640473 1.8614036 1.7667262 1.6608069 1.8304798 1.7975655 1.8703729 1.5210247 1.8144009 1.6745925 1.7350434 1.6603719 1.6256499 2.0581799 1.6451821 1.6605604 1.5886996 0.2737167 0.2319106 0.2396919 0.2267115 0.2348129 0.1652803 0.0000000 0.1962022 0.1692545 0.2239247 0.3202400 1.3521900 1.4594194 1.1320594 1.3419195 1.3343994 1.2271927 2.1046509 1.7106246 1.5632471 1.2635628 1.6910312 1.3861661 1.3504101 1.3706157 1.2515008 1.3402047 1.3608164 1.9063505 1.8613098 1.6301469 1.6685894 2.3329600 
Ploceidae         1.9163380 2.0631498 1.7983952 1.7657939 1.6016993 1.8069249 1.7406722 1.7126370 1.4720767 1.6702135 1.5907039 1.6924178 1.5623881 1.6067937 1.9697819 1.5887479 1.6681443 1.5778500 0.2989362 0.2590793 0.2499787 0.2335609 0.2398631 0.1918670 0.1962022 0.0000000 0.1282113 0.2134062 0.3370222 1.3966706 1.3082087 1.1772303 1.4117786 1.4408696 1.2882530 2.1309423 1.7709239 1.5477830 1.3044534 1.7100305 1.4381574 1.3991465 1.4169422 1.2645852 1.3762640 1.4324014 1.9394280 1.8392709 1.6775416 1.7100707 2.4014848 
Thraupidae        2.0365606 2.1004973 1.8679780 1.7742172 1.6366908 1.7803438 1.7530864 1.7519965 1.5258253 1.8111929 1.6764158 1.7328663 1.6582527 1.6039645 1.9516658 1.6352357 1.7004306 1.5613871 0.2661491 0.2238370 0.2174227 0.1970312 0.2055312 0.1653397 0.1692545 0.1282113 0.0000000 0.1883119 0.2982818 1.2834099 1.3187101 1.0900240 1.3553220 1.3849318 1.2559701 2.1304519 1.7657413 1.5249091 1.3028469 1.6744750 1.3862965 1.3488312 1.3777914 1.2470293 1.3407931 1.3318232 1.8220121 1.8696893 1.6186861 1.6526942 2.4378326 
Alaudidae         2.0644148 2.1765309 1.8431721 1.7410706 1.7331227 1.8471043 1.8034531 1.8310092 1.5369318 1.8699752 1.7853803 1.7977916 1.7215285 1.6983355 2.0918730 1.6493615 1.6227549 1.5880616 0.3150231 0.2458092 0.2696129 0.2342664 0.2447158 0.2049532 0.2239247 0.2134062 0.1883119 0.0000000 0.3486229 1.3726330 1.4394714 1.2084341 1.3767833 1.3996845 1.2868471 2.1483449 1.7400750 1.6449075 1.3615644 1.7749413 1.4034270 1.3850429 1.3997499 1.2655770 1.3566929 1.4159021 1.8395678 1.8748948 1.6248293 1.6662073 2.5170655 
Coraciiformes     1.8045909 2.0348263 1.7305465 1.6825619 1.6111474 1.6466589 1.6490705 1.6955036 1.5223954 1.7530511 1.6015686 1.7076294 1.5490793 1.5406909 1.9328025 1.5276027 1.5150388 1.4664437 0.2537668 0.3008731 0.3435940 0.3241710 0.3292771 0.3097741 0.3202400 0.3370222 0.2982818 0.3486229 0.0000000 1.2062532 1.2386386 1.0201727 1.2463006 1.2204062 1.1309103 1.9516930 1.6751883 1.3750992 1.2283695 1.6465030 1.2672355 1.3070796 1.3087870 1.1452915 1.2030177 1.2515422 1.8686846 1.7674699 1.5978668 1.6497361 2.0773865 
Crocodylidae      2.1359047 2.1645221 1.9671767 2.0083529 1.9398726 2.1080793 2.0335019 2.0964823 1.9934488 2.0151288 1.9763576 2.1519934 1.9116322 1.9305418 2.2083774 2.0749309 2.2006132 2.1840609 1.3332938 1.2913389 1.3271046 1.3659351 1.3437117 1.3603991 1.3521900 1.3966706 1.2834099 1.3726330 1.2062532 0.0000000 1.8742945 1.4208609 1.5644380 1.7876880 1.7262061 2.5304680 2.3367964 2.0093027 1.6728962 1.9297646 1.6460318 1.6241849 1.6119141 1.5826942 1.6017633 1.7039190 2.1227246 2.3956370 2.1482398 2.2097889 2.2593891 
Carettochelyidae  2.7509058 2.3568823 2.6015140 2.3254995 2.1805594 2.4551112 2.2272804 2.0116450 2.2453677 2.5001092 2.3695904 2.5008642 2.2657629 2.2915096 2.3594713 2.2990961 2.2413539 2.1573935 1.3803433 1.3100058 1.4420227 1.3347251 1.3885580 1.3475640 1.4594194 1.3082087 1.3187101 1.4394714 1.2386386 1.8742945 0.0000000 0.9309152 1.6501479 1.7265167 1.5201283 2.3023349 2.0633058 1.9850217 1.8328932 2.1645640 1.6553680 1.7175403 1.7308054 1.6354961 1.6499907 1.7186290 2.2126753 2.3585100 2.0211529 2.0425193 2.7450440 
Kinosternidae     1.7792928 1.9641098 1.8694374 1.7162875 1.5755234 1.7873915 1.7632170 1.7211183 1.5722630 1.6131631 1.7333540 1.7194033 1.5956086 1.5694469 1.7723067 1.7073071 1.6906274 1.6789134 1.0855949 1.1147566 1.1601645 1.1469352 1.1537750 1.1552122 1.1320594 1.1772303 1.0900240 1.2084341 1.0201727 1.4208609 0.9309152 0.0000000 1.3563580 1.3295389 1.2929093 2.0166284 1.7954008 1.5419486 1.4213317 1.8722026 1.3468601 1.3181439 1.3870479 1.3725239 1.4356139 1.4397431 1.9585838 1.8003250 1.6441647 1.7086350 2.1816292 
Anomalepididae    1.5705428 1.7216721 1.5927539 1.4865664 1.3641326 1.5322358 1.5337974 1.5366969 1.4988523 1.6369619 1.4923500 1.7089289 1.4863837 1.4958862 1.7065431 1.4430626 1.4208913 1.4022064 1.3529335 1.3420055 1.3491922 1.2809308 1.3087918 1.3745254 1.3419195 1.4117786 1.3553220 1.3767833 1.2463006 1.5644380 1.6501479 1.3563580 0.0000000 0.4516127 0.4337361 1.1138775 0.9792372 0.8412461 1.1757927 1.5860539 1.2180790 1.2260683 1.1729432 1.1444781 1.1716691 1.2005076 1.6747345 1.9474151 1.5723676 1.6013108 2.0419898 
Loxocemidae       1.5501980 1.7301528 1.6421179 1.5095187 1.4422641 1.5381738 1.5896423 1.5365407 1.5560500 1.6398255 1.4301720 1.6886621 1.4981217 1.4666959 1.5858767 1.5940293 1.5341008 1.5407105 1.3881532 1.3654358 1.3254256 1.3516790 1.3659062 1.3692972 1.3343994 1.4408696 1.3849318 1.3996845 1.2204062 1.7876880 1.7265167 1.3295389 0.4516127 0.0000000 0.2476636 1.0909167 1.0221415 0.9357598 1.1201195 1.5455709 1.1833572 1.2016707 1.2096859 1.1568604 1.0889115 1.2011881 1.7479185 2.0550742 1.4557464 1.4806175 1.8884040 
Natricidae        1.6406467 1.6744679 1.5896264 1.5379693 1.3291903 1.5096456 1.5432970 1.4849444 1.4774676 1.6977490 1.4012168 1.7420392 1.4369106 1.4054761 1.6496217 1.5272082 1.4291530 1.5008322 1.2300296 1.2954000 1.2458295 1.2756288 1.2721901 1.2263749 1.2271927 1.2882530 1.2559701 1.2868471 1.1309103 1.7262061 1.5201283 1.2929093 0.4337361 0.2476636 0.0000000 1.0364077 1.0063387 0.8716296 1.1648923 1.5116249 1.0921853 1.1274618 1.1310676 1.0706212 1.0514380 1.1055176 1.6348562 1.8666652 1.4767532 1.5075462 1.8147529 
Xenosauridae      2.2516151 2.5431043 2.2718036 2.3411181 2.2683141 2.2679287 2.3219668 2.3907740 2.3459601 2.4832680 2.3036567 2.5919478 2.2878829 2.2072411 2.3877525 2.1153122 2.1657543 2.2557530 2.0436077 1.9781565 2.1043416 2.1149593 2.0866477 2.1024232 2.1046509 2.1309423 2.1304519 2.1483449 1.9516930 2.5304680 2.3023349 2.0166284 1.1138775 1.0909167 1.0364077 0.0000000 1.6300903 1.4676952 1.8508964 2.1578204 2.0552257 1.9777202 2.0058191 1.9687153 1.9482465 1.9814128 2.5480646 2.6889246 1.9770440 1.9779927 2.3845163 
Teiidae           2.1471106 2.3765242 2.1959815 2.0071725 1.8193761 2.1051652 1.8799021 1.9327971 1.9141968 2.0549071 1.8562561 2.0654690 1.9371327 1.9244075 2.2910963 1.9335847 1.8047401 2.0401625 1.7685307 1.6164038 1.7876324 1.7470427 1.7786369 1.6904649 1.7106246 1.7709239 1.7657413 1.7400750 1.6751883 2.3367964 2.0633058 1.7954008 0.9792372 1.0221415 1.0063387 1.6300903 0.0000000 1.2354193 1.6432203 1.8636743 1.5339879 1.6127980 1.6181167 1.5289368 1.5642366 1.5841584 2.1586460 2.0683217 1.8154078 1.8896629 2.2698466 
Eublepharidae     1.8531803 2.0106064 1.9022867 1.6936926 1.6353333 1.7221332 1.6987509 1.7244169 1.7786447 1.7179666 1.7102112 1.8205363 1.6890384 1.6010083 2.0612112 1.5848723 1.6076318 1.6203035 1.4942918 1.5346230 1.5439184 1.5334374 1.4895110 1.5661650 1.5632471 1.5477830 1.5249091 1.6449075 1.3750992 2.0093027 1.9850217 1.5419486 0.8412461 0.9357598 0.8716296 1.4676952 1.2354193 0.0000000 1.3500252 1.7642222 1.3278909 1.3947438 1.3721993 1.3474300 1.3028153 1.3931318 1.6263651 2.1696080 1.7189735 1.7454444 2.3483376 
Dicamptodontidae  1.4750411 1.6209918 1.3793426 1.3960475 1.3977172 1.3896023 1.4318887 1.4033734 1.2330804 1.3639664 1.3294799 1.4262257 1.2420163 1.2672618 1.4954514 1.3244591 1.2968741 1.3076632 1.3555743 1.2467677 1.3377499 1.2583650 1.2974040 1.2679958 1.2635628 1.3044534 1.3028469 1.3615644 1.2283695 1.6728962 1.8328932 1.4213317 1.1757927 1.1201195 1.1648923 1.8508964 1.6432203 1.3500252 0.0000000 0.8784074 0.5244989 0.4813178 0.5048532 0.5172183 0.4899901 0.5350399 1.0560604 1.6903309 1.2143782 1.2310732 1.7978509 
Alytidae          1.7693830 1.9231415 1.7542759 1.7330732 1.7864333 1.6600840 1.7462860 1.6053701 1.6667338 1.6545523 1.7156769 1.8931081 1.6902280 1.5773441 1.8728355 1.6499832 1.5832211 1.5328930 1.7706601 1.6449937 1.6799056 1.5810663 1.6598058 1.5126237 1.6910312 1.7100305 1.6744750 1.7749413 1.6465030 1.9297646 2.1645640 1.8722026 1.5860539 1.5455709 1.5116249 2.1578204 1.8636743 1.7642222 0.8784074 0.0000000 0.7624965 0.7049575 0.7310167 0.7574106 0.7228485 0.7537575 1.5106379 2.2777712 1.6967301 1.8252097 2.0006377 
Heleophrynidae    1.4454120 1.6081220 1.4355711 1.4416451 1.3152251 1.3802315 1.4481254 1.3926362 1.2696615 1.3476704 1.3345249 1.4395395 1.3164479 1.2211547 1.6134926 1.1760923 1.2319380 1.1729592 1.3682608 1.3481321 1.4413172 1.3224518 1.3515831 1.3179128 1.3861661 1.4381574 1.3862965 1.4034270 1.2672355 1.6460318 1.6553680 1.3468601 1.2180790 1.1833572 1.0921853 2.0552257 1.5339879 1.3278909 0.5244989 0.7624965 0.0000000 0.2143114 0.2453265 0.2047268 0.2163207 0.2428538 1.1039801 1.7567174 1.1513281 1.2353687 1.6807292 
Leptodactylidae   1.3872429 1.5639131 1.3339194 1.3421378 1.3096834 1.2661475 1.3611086 1.3754422 1.2423633 1.3068771 1.3077613 1.4004732 1.2358133 1.1885317 1.5157685 1.1219147 1.1906364 1.1059156 1.3097551 1.3380156 1.3974310 1.2847402 1.3356690 1.2733963 1.3504101 1.3991465 1.3488312 1.3850429 1.3070796 1.6241849 1.7175403 1.3181439 1.2260683 1.2016707 1.1274618 1.9777202 1.6127980 1.3947438 0.4813178 0.7049575 0.2143114 0.0000000 0.0723632 0.1828154 0.1863591 0.2110364 1.0248781 1.6088473 1.1164835 1.1879385 1.6265560 
Strabomantidae    1.3470070 1.5855654 1.3237446 1.3213308 1.2769063 1.2321937 1.3771362 1.3611714 1.2620983 1.3101194 1.2982688 1.4179523 1.1792208 1.1487571 1.4527591 1.1453535 1.1929394 1.1365550 1.3549105 1.3344808 1.4440110 1.3132741 1.3582226 1.3182268 1.3706157 1.4169422 1.3777914 1.3997499 1.3087870 1.6119141 1.7308054 1.3870479 1.1729432 1.2096859 1.1310676 2.0058191 1.6181167 1.3721993 0.5048532 0.7310167 0.2453265 0.0723632 0.0000000 0.1924511 0.1990248 0.2312926 1.0917078 1.6481600 1.1091995 1.1793620 1.6361437 
Micrixalidae      1.4189938 1.6973621 1.2986947 1.3074236 1.2420171 1.2996962 1.3512357 1.3711207 1.2188407 1.3113435 1.2848862 1.4017966 1.2328369 1.2200432 1.5632184 1.1904740 1.2002218 1.1861760 1.2678993 1.1992104 1.3005593 1.1631645 1.2078474 1.2218565 1.2515008 1.2645852 1.2470293 1.2655770 1.1452915 1.5826942 1.6354961 1.3725239 1.1444781 1.1568604 1.0706212 1.9687153 1.5289368 1.3474300 0.5172183 0.7574106 0.2047268 0.1828154 0.1924511 0.0000000 0.1243173 0.1447233 1.0536835 1.7130904 1.1167453 1.1990305 1.6643279 
Hemisotidae       1.3991477 1.6392714 1.3315516 1.3121004 1.3161760 1.2837163 1.3972230 1.4010243 1.2954303 1.3258396 1.3500165 1.4514805 1.2464017 1.2246135 1.5696283 1.2300623 1.2221632 1.2086401 1.3347257 1.3002250 1.3798156 1.2502451 1.3134652 1.2848355 1.3402047 1.3762640 1.3407931 1.3566929 1.2030177 1.6017633 1.6499907 1.4356139 1.1716691 1.0889115 1.0514380 1.9482465 1.5642366 1.3028153 0.4899901 0.7228485 0.2163207 0.1863591 0.1990248 0.1243173 0.0000000 0.1473193 1.0177818 1.7385815 1.1098298 1.2048978 1.6215048 
Asterophryidae    1.3663344 1.6905228 1.4184690 1.3829665 1.3693815 1.3607734 1.5089339 1.4975182 1.3844433 1.4297392 1.4076499 1.5371260 1.3199456 1.2468663 1.5404842 1.2408168 1.2160798 1.2316861 1.3732687 1.3324637 1.4251038 1.3179475 1.3764755 1.3309758 1.3608164 1.4324014 1.3318232 1.4159021 1.2515422 1.7039190 1.7186290 1.4397431 1.2005076 1.2011881 1.1055176 1.9814128 1.5841584 1.3931318 0.5350399 0.7537575 0.2428538 0.2110364 0.2312926 0.1447233 0.1473193 0.0000000 1.1059580 1.7676425 1.1500779 1.2341919 1.6720760 
Caeciliidae2      1.9947914 1.9925544 1.8488336 1.8467178 1.8989812 1.8975254 1.9983697 1.8930611 1.6981400 1.8569092 1.8374122 1.8931977 1.7905404 1.6830875 1.8223584 1.7119851 1.7101041 1.8056280 1.8107844 1.7898248 1.8035101 1.7458093 1.7384541 1.8733603 1.9063505 1.9394280 1.8220121 1.8395678 1.8686846 2.1227246 2.2126753 1.9585838 1.6747345 1.7479185 1.6348562 2.5480646 2.1586460 1.6263651 1.0560604 1.5106379 1.1039801 1.0248781 1.0917078 1.0536835 1.0177818 1.1059580 0.0000000 2.2379629 1.6374824 1.6907287 2.1240545 
Polypteriformes   2.0466428 2.4553584 2.2005997 2.0954787 2.1111262 2.2542695 1.9387789 1.9337929 1.8770335 2.2098504 2.0888500 2.1296949 2.0168683 1.8849485 2.4068527 2.2700935 2.1354678 2.1593235 1.8902228 1.8314627 1.8542138 1.8631537 1.9939499 1.8571063 1.8613098 1.8392709 1.8696893 1.8748948 1.7674699 2.3956370 2.3585100 1.8003250 1.9474151 2.0550742 1.8666652 2.6889246 2.0683217 2.1696080 1.6903309 2.2777712 1.7567174 1.6088473 1.6481600 1.7130904 1.7385815 1.7676425 2.2379629 0.0000000 1.3020488 1.2808534 2.1625823 
Channichthyidae   1.7639568 1.9779077 1.8443482 1.6595001 1.5621537 1.8518795 1.6634430 1.5747493 1.5398799 1.7533985 1.6058424 1.6575056 1.6127883 1.5657630 1.9089480 1.7080970 1.6525216 1.5467746 1.7046678 1.5644230 1.6642807 1.5358799 1.6149957 1.6336355 1.6301469 1.6775416 1.6186861 1.6248293 1.5978668 2.1482398 2.0211529 1.6441647 1.5723676 1.4557464 1.4767532 1.9770440 1.8154078 1.7189735 1.2143782 1.6967301 1.1513281 1.1164835 1.1091995 1.1167453 1.1098298 1.1500779 1.6374824 1.3020488 0.0000000 0.0435375 1.6698831 
Pseudaphritidae   1.7857739 2.1047827 1.9076143 1.7012504 1.6296397 1.8821410 1.7150231 1.5903639 1.5939444 1.8040859 1.6627496 1.7155489 1.7017229 1.6350852 1.9067754 1.7168809 1.6655965 1.5502325 1.7035938 1.5997415 1.6661699 1.5804379 1.6289265 1.6608410 1.6685894 1.7100707 1.6526942 1.6662073 1.6497361 2.2097889 2.0425193 1.7086350 1.6013108 1.4806175 1.5075462 1.9779927 1.8896629 1.7454444 1.2310732 1.8252097 1.2353687 1.1879385 1.1793620 1.1990305 1.2048978 1.2341919 1.6907287 1.2808534 0.0435375 0.0000000 1.6682325 
Carcharhinidae    2.0418206 2.1677133 2.1470958 2.0014141 2.1043748 2.1694338 2.0237747 2.0177798 2.0475607 2.1843566 1.7891429 2.0903726 1.9423282 1.8843279 2.3556542 1.9707578 1.8268259 1.7541865 2.2519336 2.2904418 2.2860262 2.1962163 2.3558462 2.4017759 2.3329600 2.4014848 2.4378326 2.5170655 2.0773865 2.2593891 2.7450440 2.1816292 2.0419898 1.8884040 1.8147529 2.3845163 2.2698466 2.3483376 1.7978509 2.0006377 1.6807292 1.6265560 1.6361437 1.6643279 1.6215048 1.6720760 2.1240545 2.1625823 1.6698831 1.6682325 0.0000000 
