51
Pitheciidae       0.0000000 0.3442139 0.3298455 0.3275107 0.3356132 0.3498685 0.3096501 0.3528592 0.3578132 0.3216484 0.3513745 0.3252405 0.3372620 0.3450668 0.3743545 1.0642935 1.0988827 1.0282860 2.1665696 2.2567309 2.0477176 2.1525421 2.1678145 2.2468074 2.3260861 2.2257120 2.2478624 2.1330260 2.3764219 2.5180603 2.6531326 2.5992369 2.0923964 2.1100150 2.3173480 2.4022860 2.5996491 2.4137735 2.0824144 2.6850303 2.7105747 2.6138988 2.6864618 3.4115939 3.2969359 3.0119844 2.0677282 3.1147156 3.3938440 3.3941851 2.7147798 
Scandentia        0.3442139 0.0000000 0.2995481 0.2967507 0.3008964 0.3226104 0.2861581 0.3579545 0.3559226 0.3246521 0.3119835 0.3304252 0.3099119 0.3095572 0.3329403 1.0083092 1.0560938 0.9525787 2.1107850 2.1615753 1.9676728 2.1028534 2.0766958 2.1918437 2.3078896 2.1258141 2.1722500 2.0762337 2.2732814 2.4052170 2.4942479 2.3934644 2.0709911 2.0441375 2.2361259 2.3036057 2.4778407 2.3420334 2.0103296 2.5216016 2.7661234 2.6433111 2.7017299 3.4896553 3.3717674 2.9813124 2.0229350 2.9445763 3.2651816 3.2935663 2.5842283 
Erethizontidae    0.3298455 0.2995481 0.0000000 0.1019948 0.2577687 0.2468624 0.2378983 0.3133813 0.2960938 0.2585454 0.2762845 0.2670335 0.2678851 0.2640850 0.2842528 0.9790138 1.0086380 0.9486880 2.0116361 2.0785828 1.8597795 1.9858652 1.9426673 2.0491416 2.2219076 2.0521574 2.0891368 1.9582092 2.2272329 2.4882902 2.4825914 2.4469837 2.0627627 1.9900213 2.2125426 2.3167328 2.4429499 2.4273458 1.9871058 2.5172625 2.6920792 2.4301657 2.5020948 3.3660888 3.2256663 2.8532229 2.0424277 3.0440854 3.3191966 3.4078357 2.6202589 
Capromyidae       0.3275107 0.2967507 0.1019948 0.0000000 0.2379478 0.2490305 0.2356549 0.3024250 0.2951564 0.2590199 0.2707520 0.2663977 0.2813353 0.2879931 0.2941934 0.9694293 1.0211851 0.9346039 1.9887982 2.0647699 1.8389388 1.9534643 1.9242351 2.0233440 2.1966288 2.0179436 2.0659340 1.9307985 2.2017742 2.4113847 2.4355300 2.4722704 2.0592122 1.9865702 2.2111669 2.3116440 2.5155526 2.3989195 1.9660004 2.5263902 2.7291574 2.4216071 2.5346829 3.3230599 3.1056959 2.8175375 1.9417409 3.1636782 3.3616289 3.4527774 2.6040690 
Muridae           0.3356132 0.3008964 0.2577687 0.2379478 0.0000000 0.2623330 0.2545450 0.2962558 0.3186469 0.2854215 0.3001565 0.2907438 0.3021254 0.2854042 0.3137753 0.9426892 0.9773900 0.9356732 2.0801963 2.1236948 1.9392477 2.0549676 2.0238992 2.1045010 2.2373687 2.1092941 2.1076494 2.0046013 2.3321636 2.4079084 2.4843561 2.4531924 2.0142717 1.9895076 2.2354714 2.1913692 2.4698683 2.3982993 2.0084123 2.5738493 2.7585028 2.5689814 2.6227556 3.3864272 3.4197390 2.9917692 1.9966873 3.0373920 3.3406041 3.4003824 2.5827371 
Castoridae        0.3498685 0.3226104 0.2468624 0.2490305 0.2623330 0.0000000 0.2738362 0.3188778 0.3242278 0.2895203 0.3056002 0.2929306 0.3111853 0.3109255 0.3165552 0.9968683 1.0110864 0.8962257 1.9720819 2.0616967 1.8853957 1.9969354 1.9878178 2.0383894 2.2163507 2.0322317 2.0512122 1.9478662 2.2154086 2.4702145 2.4997715 2.4430779 1.9670366 1.9279360 2.1611269 2.1371488 2.3663395 2.3145118 1.9440978 2.5593172 2.7022785 2.3940280 2.4643919 3.3646813 3.2259266 2.9312425 1.9199069 2.9685490 3.2353396 3.3227165 2.5094171 
Suidae            0.3096501 0.2861581 0.2378983 0.2356549 0.2545450 0.2738362 0.0000000 0.1655783 0.1756095 0.1877471 0.1986353 0.2054749 0.2115616 0.2133503 0.2653950 0.9574676 0.9427494 0.9189650 1.8929366 1.9310639 1.8089274 1.8923881 1.8667663 1.9891580 2.1266220 1.9543179 1.9789357 1.9036299 2.1542907 2.3323557 2.3664175 2.3603434 1.9100657 1.9203543 2.1267937 2.1771478 2.3645618 2.2810457 1.8855814 2.5021109 2.6142917 2.3424064 2.4557917 3.1939158 3.0621998 2.7133741 1.9102328 2.8260866 3.1813750 3.2371200 2.4322616 
Hippopotamidae    0.3528592 0.3579545 0.3133813 0.3024250 0.2962558 0.3188778 0.1655783 0.0000000 0.1777755 0.2415912 0.2606677 0.2455092 0.2734812 0.2763813 0.3093155 0.9835556 0.9765127 0.9493796 1.9865522 2.0474099 1.8845226 1.9650810 1.9457705 2.0838683 2.1928707 2.0306030 2.0508875 1.9760810 2.1967275 2.4960223 2.4019701 2.4281701 1.9480968 1.9314967 2.1320627 2.2189859 2.3702417 2.3178227 1.9398053 2.4822424 2.6755209 2.3728095 2.4590868 3.1650877 3.0627890 2.8264970 1.9171231 2.9445827 3.2335155 3.3206242 2.5931900 
Hyperoodontidae   0.3578132 0.3559226 0.2960938 0.2951564 0.3186469 0.3242278 0.1756095 0.1777755 0.0000000 0.2455881 0.2628137 0.2637471 0.2748852 0.2728404 0.3421753 1.0081594 0.9627916 0.9192481 1.9447403 2.0074264 1.8875038 1.9950781 1.9625058 2.0963993 2.2315462 2.0559214 2.0787621 1.9821706 2.2067287 2.4160873 2.4021403 2.4146816 1.9453993 1.9591250 2.1641719 2.2173864 2.4516367 2.3846724 1.9257009 2.5322304 2.5487625 2.4107071 2.5213277 3.2777311 3.0628725 2.8296334 1.9374219 2.8505979 3.3180239 3.3489038 2.5340232 
Vespertilionidae  0.3216484 0.3246521 0.2585454 0.2590199 0.2854215 0.2895203 0.1877471 0.2415912 0.2455881 0.0000000 0.1581905 0.1551059 0.2159800 0.2260990 0.2756100 0.9414846 0.9634419 0.9130275 2.0880169 2.1169501 1.9375174 2.0732440 2.0083019 2.1569829 2.3228956 2.1479120 2.1453040 2.0693811 2.3284993 2.4423864 2.4270194 2.4728610 1.9575847 1.9812561 2.1871882 2.1892040 2.3531793 2.3475956 1.9399118 2.5527381 2.6938860 2.4243488 2.4757440 3.2381846 3.1025565 2.7969103 1.9397671 2.8887581 3.3078611 3.3382715 2.4813415 
Furipteridae      0.3513745 0.3119835 0.2762845 0.2707520 0.3001565 0.3056002 0.1986353 0.2606677 0.2628137 0.1581905 0.0000000 0.1726383 0.2192072 0.2276131 0.2821553 1.0271233 1.0411827 0.9847863 2.0971543 2.1314464 1.9671815 2.1047400 2.0315894 2.1726973 2.3276421 2.1661134 2.1731313 2.0857676 2.2842890 2.5108815 2.5330192 2.5164835 1.9839249 1.9783493 2.1942425 2.2207317 2.3393793 2.3893025 2.0029164 2.5869649 2.7712729 2.4870356 2.5413483 3.3968905 3.2268157 2.8798631 1.9537396 2.9990678 3.2376396 3.2957469 2.5951953 
Rhinolophidae     0.3252405 0.3304252 0.2670335 0.2663977 0.2907438 0.2929306 0.2054749 0.2455092 0.2637471 0.1551059 0.1726383 0.0000000 0.2333050 0.2419677 0.2910860 0.9266094 0.9892540 0.9214810 2.0214778 2.0379396 1.8982912 2.0203251 1.9772416 2.1343462 2.2506497 2.0940525 2.1139926 2.0037411 2.2479363 2.3434681 2.3929092 2.4470139 1.8953782 1.8840304 2.0690888 2.1663888 2.3436004 2.3080420 1.8801682 2.5943028 2.6509898 2.4965436 2.5293540 3.2399510 3.1590270 2.7748431 1.9480723 2.8617361 3.2202771 3.2503903 2.5202744 
Viverridae        0.3372620 0.3099119 0.2678851 0.2813353 0.3021254 0.3111853 0.2115616 0.2734812 0.2748852 0.2159800 0.2192072 0.2333050 0.0000000 0.1199345 0.2847486 1.0102507 1.0359958 0.9799822 2.0808194 2.0934898 1.9376185 2.0858796 2.0363332 2.2090601 2.3296036 2.1690420 2.1397505 2.0793434 2.3237028 2.4576458 2.4566969 2.4195811 2.0100876 2.0074108 2.2296440 2.3410640 2.5272399 2.4564388 1.9585961 2.5946520 2.7547854 2.5089628 2.6602632 3.2910433 3.0959127 2.8594897 2.0128814 2.9048911 3.2184393 3.3329969 2.5430874 
Procyonidae       0.3450668 0.3095572 0.2640850 0.2879931 0.2854042 0.3109255 0.2133503 0.2763813 0.2728404 0.2260990 0.2276131 0.2419677 0.1199345 0.0000000 0.2933426 0.9368047 0.9853899 0.9407684 1.9773633 2.0231479 1.8707547 1.9561776 1.9187695 2.0979560 2.2260519 2.0378981 2.0407456 1.9812964 2.2663790 2.3786824 2.4092696 2.3575469 1.9679925 1.9295908 2.1628829 2.2379834 2.4398306 2.3116210 1.8646499 2.5238691 2.7675762 2.4822024 2.5872383 3.3381538 3.1967758 2.7813469 1.9681843 2.9206517 3.1824306 3.2945627 2.5326016 
Myrmecophagidae   0.3743545 0.3329403 0.2842528 0.2941934 0.3137753 0.3165552 0.2653950 0.3093155 0.3421753 0.2756100 0.2821553 0.2910860 0.2847486 0.2933426 0.0000000 0.8729715 0.9485429 0.8763226 2.0114723 2.1130989 1.9028555 2.0615882 1.9926118 2.1377047 2.2756714 2.1041323 2.1635632 2.0115255 2.2818605 2.4279680 2.4919188 2.4632308 1.9746900 1.9116026 2.1237862 2.2175252 2.4069490 2.3658049 1.9609042 2.4792557 2.6598525 2.4655861 2.5203252 3.2799893 3.0906601 2.7639330 1.9754919 2.9956291 3.2954091 3.3238454 2.5932949 
Caluromyidae      1.0642935 1.0083092 0.9790138 0.9694293 0.9426892 0.9968683 0.9574676 0.9835556 1.0081594 0.9414846 1.0271233 0.9266094 1.0102507 0.9368047 0.8729715 0.0000000 0.3558763 0.3120572 2.1479286 2.3326400 2.1226803 2.2523773 2.2338750 2.3542302 2.4552495 2.2308830 2.2616102 2.2599873 2.4097529 2.6286352 2.5435250 2.6198829 2.1613371 2.0162975 2.2881459 2.2932318 2.4922682 2.3502908 2.0969790 2.8233259 2.7904925 2.6735165 2.7172620 3.4148772 3.3075605 2.9948500 2.2177661 3.1977346 3.2835182 3.4018559 2.5560349 
Thylacomyidae     1.0988827 1.0560938 1.0086380 1.0211851 0.9773900 1.0110864 0.9427494 0.9765127 0.9627916 0.9634419 1.0411827 0.9892540 1.0359958 0.9853899 0.9485429 0.3558763 0.0000000 0.3143661 2.1405928 2.3264922 2.1325350 2.3031563 2.2611417 2.4027660 2.5114828 2.2426693 2.2730428 2.2741295 2.3975465 2.6349028 2.6732286 2.6397447 2.2020618 2.0690563 2.3006636 2.3820233 2.6544213 2.4874947 2.1834973 2.8645327 2.9210011 2.8305847 2.8467250 3.4613099 3.4088416 3.0828395 2.2337116 3.3257407 3.2694198 3.3576591 2.6782576 
Phalangeridae     1.0282860 0.9525787 0.9486880 0.9346039 0.9356732 0.8962257 0.9189650 0.9493796 0.9192481 0.9130275 0.9847863 0.9214810 0.9799822 0.9407684 0.8763226 0.3120572 0.3143661 0.0000000 2.1141019 2.3390878 2.1369052 2.2765340 2.2577202 2.3726842 2.5188964 2.2486052 2.2811682 2.3075751 2.4232290 2.6132808 2.5468960 2.6369220 2.1730748 2.0479854 2.2715151 2.2600770 2.4856258 2.4236601 2.1112922 2.7463822 2.8321552 2.6529846 2.7513645 3.4297196 3.3492144 2.9539363 2.1648716 3.1831091 3.2392889 3.3570979 2.5489590 
Tityridae         2.1665696 2.1107850 2.0116361 1.9887982 2.0801963 1.9720819 1.8929366 1.9865522 1.9447403 2.0880169 2.0971543 2.0214778 2.0808194 1.9773633 2.0114723 2.1479286 2.1405928 2.1141019 0.0000000 0.4221898 0.4091292 0.4011793 0.4055880 0.5288001 0.4679694 0.4389327 0.4461860 0.4037579 0.5987741 1.3868903 1.5189488 1.4941212 1.6132192 1.4997680 1.6302416 1.7442542 1.8503520 2.0017786 2.1664688 2.8723438 2.6359921 2.5077371 2.5615148 3.1106874 3.2774336 3.0162483 2.1101096 3.3690637 3.5237913 3.5265302 2.7945863 
Ptilonorhynchidae 2.2567309 2.1615753 2.0785828 2.0647699 2.1236948 2.0616967 1.9310639 2.0474099 2.0074264 2.1169501 2.1314464 2.0379396 2.0934898 2.0231479 2.1130989 2.3326400 2.3264922 2.3390878 0.4221898 0.0000000 0.3372924 0.3277064 0.3445656 0.4653233 0.4383937 0.3968674 0.3769640 0.3706304 0.6590185 1.3710592 1.5987733 1.5818277 1.5879871 1.5159913 1.6403232 1.7241287 1.9217075 1.9535013 2.2609230 2.8597573 2.8030846 2.7105341 2.7518483 3.0683034 3.4354633 3.0820258 2.1812068 3.3828740 3.5068758 3.5392615 2.7105166 
Callaeatidae      2.0477176 1.9676728 1.8597795 1.8389388 1.9392477 1.8853957 1.8089274 1.8845226 1.8875038 1.9375174 1.9671815 1.8982912 1.9376185 1.8707547 1.9028555 2.1226803 2.1325350 2.1369052 0.4091292 0.3372924 0.0000000 0.2297692 0.2358452 0.3275408 0.2871373 0.2555723 0.2636955 0.2674197 0.6032400 1.3506878 1.5280639 1.5926220 1.5434452 1.4492219 1.5856494 1.6256185 1.8392741 1.8976357 2.1327999 2.7736396 2.6674140 2.6106107 2.6307618 3.0582742 3.4229809 3.0690953 2.0423688 3.2276929 3.3132610 3.4015288 2.5526967 
Monarchidae       2.1525421 2.1028534 1.9858652 1.9534643 2.0549676 1.9969354 1.8923881 1.9650810 1.9950781 2.0732440 2.1047400 2.0203251 2.0858796 1.9561776 2.0615882 2.2523773 2.3031563 2.2765340 0.4011793 0.3277064 0.2297692 0.0000000 0.1608690 0.2986909 0.2743814 0.2324077 0.2381869 0.2358772 0.6220341 1.3260576 1.5017999 1.5608057 1.5176131 1.4296917 1.5774787 1.5834730 1.7816314 1.8814248 2.1919715 2.8218367 2.6967341 2.7204407 2.7383968 2.9755966 3.4832829 3.1755435 2.1154558 3.4564448 3.4316744 3.5867714 2.7032289 
Malaconotidae     2.1678145 2.0766958 1.9426673 1.9242351 2.0238992 1.9878178 1.8667663 1.9457705 1.9625058 2.0083019 2.0315894 1.9772416 2.0363332 1.9187695 1.9926118 2.2338750 2.2611417 2.2577202 0.4055880 0.3445656 0.2358452 0.1608690 0.0000000 0.3266022 0.2914387 0.2479187 0.2529326 0.2513663 0.5933451 1.3646153 1.5314225 1.5933753 1.5947392 1.4607569 1.6545819 1.6545698 1.8557077 1.9397388 2.1520097 2.7279264 2.7658095 2.6789927 2.7181713 3.0527004 3.4800922 3.1739309 2.1313536 3.2530139 3.3406960 3.4880232 2.5554263 
Certhiidae        2.2468074 2.1918437 2.0491416 2.0233440 2.1045010 2.0383894 1.9891580 2.0838683 2.0963993 2.1569829 2.1726973 2.1343462 2.2090601 2.0979560 2.1377047 2.3542302 2.4027660 2.3726842 0.5288001 0.4653233 0.3275408 0.2986909 0.3266022 0.0000000 0.3104046 0.2840157 0.3001933 0.2925770 0.7148227 1.4626529 1.6649841 1.7328537 1.6350112 1.5849973 1.7399971 1.6928443 1.8435133 1.9249744 2.2936417 2.9733851 2.8586684 2.7871065 2.8576424 3.1865289 3.6078311 3.2864505 2.2210812 3.6131916 3.6501882 3.7520330 2.8873157 
Cinclidae         2.3260861 2.3078896 2.2219076 2.1966288 2.2373687 2.2163507 2.1266220 2.1928707 2.2315462 2.3228956 2.3276421 2.2506497 2.3296036 2.2260519 2.2756714 2.4552495 2.5114828 2.5188964 0.4679694 0.4383937 0.2871373 0.2743814 0.2914387 0.3104046 0.0000000 0.2586769 0.2364241 0.2569984 0.7274209 1.5266176 1.6758890 1.7830847 1.7129527 1.6042141 1.7181827 1.7075763 1.9402546 2.0455693 2.3208709 2.9789782 2.8015235 2.7537062 2.7527167 3.0924522 3.4070142 3.3268612 2.2529638 3.8699764 3.5699496 3.7007949 2.6661583 
Ploceidae         2.2257120 2.1258141 2.0521574 2.0179436 2.1092941 2.0322317 1.9543179 2.0306030 2.0559214 2.1479120 2.1661134 2.0940525 2.1690420 2.0378981 2.1041323 2.2308830 2.2426693 2.2486052 0.4389327 0.3968674 0.2555723 0.2324077 0.2479187 0.2840157 0.2586769 0.0000000 0.1212033 0.2295157 0.6276856 1.4334144 1.5412985 1.6027161 1.5874986 1.5045267 1.6350131 1.6407627 1.8658773 1.9082103 2.2736270 2.8330539 2.7278597 2.6853197 2.7267901 3.1429030 3.5557121 3.1869075 2.1528915 3.4983051 3.4724599 3.5989897 2.7119105 
Thraupidae        2.2478624 2.1722500 2.0891368 2.0659340 2.1076494 2.0512122 1.9789357 2.0508875 2.0787621 2.1453040 2.1731313 2.1139926 2.1397505 2.0407456 2.1635632 2.2616102 2.2730428 2.2811682 0.4461860 0.3769640 0.2636955 0.2381869 0.2529326 0.3001933 0.2364241 0.1212033 0.0000000 0.2155663 0.6736459 1.4087319 1.5649313 1.5854168 1.6058022 1.5325655 1.6400715 1.6330896 1.9106144 1.8769806 2.2956891 2.7619779 2.7075524 2.6609646 2.7286078 3.1189992 3.4035483 3.1336594 2.1978947 3.6600860 3.4127202 3.4731190 2.6702975 
Alaudidae         2.1330260 2.0762337 1.9582092 1.9307985 2.0046013 1.9478662 1.9036299 1.9760810 1.9821706 2.0693811 2.0857676 2.0037411 2.0793434 1.9812964 2.0115255 2.2599873 2.2741295 2.3075751 0.4037579 0.3706304 0.2674197 0.2358772 0.2513663 0.2925770 0.2569984 0.2295157 0.2155663 0.0000000 0.6263178 1.3809033 1.4567904 1.6111084 1.5037067 1.4128392 1.5771401 1.5656332 1.7844969 1.8391419 2.1379464 2.7150364 2.7107441 2.6158726 2.6773383 3.0660169 3.5281234 3.2146948 2.0423707 3.3536257 3.4429320 3.5354718 2.6935511 
Coraciiformes     2.3764219 2.2732814 2.2272329 2.2017742 2.3321636 2.2154086 2.1542907 2.1967275 2.2067287 2.3284993 2.2842890 2.2479363 2.3237028 2.2663790 2.2818605 2.4097529 2.3975465 2.4232290 0.5987741 0.6590185 0.6032400 0.6220341 0.5933451 0.7148227 0.7274209 0.6276856 0.6736459 0.6263178 0.0000000 1.6928687 1.7850226 1.7160986 1.7386416 1.6976485 1.7434638 1.9595443 1.8407949 2.1193335 2.4619108 3.0326621 2.9691037 2.7953027 2.8149303 3.3070059 3.4290760 3.3831045 2.1917974 3.5912592 3.5294424 3.5618591 2.8877775 
Crocodylidae      2.5180603 2.4052170 2.4882902 2.4113847 2.4079084 2.4702145 2.3323557 2.4960223 2.4160873 2.4423864 2.5108815 2.3434681 2.4576458 2.3786824 2.4279680 2.6286352 2.6349028 2.6132808 1.3868903 1.3710592 1.3506878 1.3260576 1.3646153 1.4626529 1.5266176 1.4334144 1.4087319 1.3809033 1.6928687 0.0000000 1.6869800 1.8938581 1.8077455 1.7589984 1.8727745 1.9033098 2.1124145 2.0624507 2.4370356 2.9031754 3.0355777 2.8937482 2.8352526 3.1170704 3.5561041 3.1287227 2.5117614 3.5619833 3.6303376 3.7315971 3.0111789 
Carettochelyidae  2.6531326 2.4942479 2.4825914 2.4355300 2.4843561 2.4997715 2.3664175 2.4019701 2.4021403 2.4270194 2.5330192 2.3929092 2.4566969 2.4092696 2.4919188 2.5435250 2.6732286 2.5468960 1.5189488 1.5987733 1.5280639 1.5017999 1.5314225 1.6649841 1.6758890 1.5412985 1.5649313 1.4567904 1.7850226 1.6869800 0.0000000 1.4760481 1.8681913 1.8202175 1.9508624 1.9231319 1.9711555 2.0954407 2.4419705 3.1296251 3.3094923 3.1713862 3.2137788 3.3921246 3.9231245 3.5931171 2.3506846 3.6841781 3.5897168 3.6548346 2.9552347 
Kinosternidae     2.5992369 2.3934644 2.4469837 2.4722704 2.4531924 2.4430779 2.3603434 2.4281701 2.4146816 2.4728610 2.5164835 2.4470139 2.4195811 2.3575469 2.4632308 2.6198829 2.6397447 2.6369220 1.4941212 1.5818277 1.5926220 1.5608057 1.5933753 1.7328537 1.7830847 1.6027161 1.5854168 1.6111084 1.7160986 1.8938581 1.4760481 0.0000000 1.8280576 1.8969292 2.0697401 2.1114732 2.2022753 2.2273883 2.4767976 2.8670158 2.9744270 2.8790507 2.9184658 3.2925263 3.5647060 3.4222831 2.5014054 3.4480267 3.4226721 3.4226792 3.0215771 
Anomalepididae    2.0923964 2.0709911 2.0627627 2.0592122 2.0142717 1.9670366 1.9100657 1.9480968 1.9453993 1.9575847 1.9839249 1.8953782 2.0100876 1.9679925 1.9746900 2.1613371 2.2020618 2.1730748 1.6132192 1.5879871 1.5434452 1.5176131 1.5947392 1.6350112 1.7129527 1.5874986 1.6058022 1.5037067 1.7386416 1.8077455 1.8681913 1.8280576 0.0000000 0.4694582 0.6100978 0.6114342 0.8611191 1.0012150 2.0044217 2.4056825 2.5237226 2.5119871 2.5752283 2.8228960 2.9902891 2.8756129 2.0561869 3.1562395 2.9746360 3.0271669 2.4823788 
Loxocemidae       2.1100150 2.0441375 1.9900213 1.9865702 1.9895076 1.9279360 1.9203543 1.9314967 1.9591250 1.9812561 1.9783493 1.8840304 2.0074108 1.9295908 1.9116026 2.0162975 2.0690563 2.0479854 1.4997680 1.5159913 1.4492219 1.4296917 1.4607569 1.5849973 1.6042141 1.5045267 1.5325655 1.4128392 1.6976485 1.7589984 1.8202175 1.8969292 0.4694582 0.0000000 0.3580732 0.6259005 0.8429475 1.1108774 2.0202517 2.5178762 2.4193794 2.5207981 2.5567345 2.8888987 3.0950104 2.8782164 1.9262134 3.1828621 3.2693335 3.3542245 2.4613717 
Natricidae        2.3173480 2.2361259 2.2125426 2.2111669 2.2354714 2.1611269 2.1267937 2.1320627 2.1641719 2.1871882 2.1942425 2.0690888 2.2296440 2.1628829 2.1237862 2.2881459 2.3006636 2.2715151 1.6302416 1.6403232 1.5856494 1.5774787 1.6545819 1.7399971 1.7181827 1.6350131 1.6400715 1.5771401 1.7434638 1.8727745 1.9508624 2.0697401 0.6100978 0.3580732 0.0000000 0.6982073 1.0187701 1.2433682 2.1299524 2.7411784 2.6474725 2.7342286 2.7094964 2.9376382 3.2028637 3.0771730 2.1213697 3.4711393 3.2130116 3.3290082 2.6607958 
Xenosauridae      2.4022860 2.3036057 2.3167328 2.3116440 2.1913692 2.1371488 2.1771478 2.2189859 2.2173864 2.1892040 2.2207317 2.1663888 2.3410640 2.2379834 2.2175252 2.2932318 2.3820233 2.2600770 1.7442542 1.7241287 1.6256185 1.5834730 1.6545698 1.6928443 1.7075763 1.6407627 1.6330896 1.5656332 1.9595443 1.9033098 1.9231319 2.1114732 0.6114342 0.6259005 0.6982073 0.0000000 0.9855141 1.1887338 2.1593676 2.4119366 2.8194933 2.6080762 2.6489796 3.0068567 3.1903461 3.2625120 2.1749525 3.5199570 3.3137949 3.4026968 2.6122822 
Teiidae           2.5996491 2.4778407 2.4429499 2.5155526 2.4698683 2.3663395 2.3645618 2.3702417 2.4516367 2.3531793 2.3393793 2.3436004 2.5272399 2.4398306 2.4069490 2.4922682 2.6544213 2.4856258 1.8503520 1.9217075 1.8392741 1.7816314 1.8557077 1.8435133 1.9402546 1.8658773 1.9106144 1.7844969 1.8407949 2.1124145 1.9711555 2.2022753 0.8611191 0.8429475 1.0187701 0.9855141 0.0000000 1.2713563 2.3859199 2.6728114 3.0004990 3.0229582 2.8168501 3.4021234 3.5576742 3.5402480 2.2877582 3.6325894 3.5365181 3.5701276 2.9376930 
Eublepharidae     2.4137735 2.3420334 2.4273458 2.3989195 2.3982993 2.3145118 2.2810457 2.3178227 2.3846724 2.3475956 2.3893025 2.3080420 2.4564388 2.3116210 2.3658049 2.3502908 2.4874947 2.4236601 2.0017786 1.9535013 1.8976357 1.8814248 1.9397388 1.9249744 2.0455693 1.9082103 1.8769806 1.8391419 2.1193335 2.0624507 2.0954407 2.2273883 1.0012150 1.1108774 1.2433682 1.1887338 1.2713563 0.0000000 2.4460405 2.7556237 2.8275760 2.6928842 2.8232535 3.5567551 3.6634845 3.4238547 2.4199763 3.6363246 3.3935558 3.4231445 2.9673840 
Dicamptodontidae  2.0824144 2.0103296 1.9871058 1.9660004 2.0084123 1.9440978 1.8855814 1.9398053 1.9257009 1.9399118 2.0029164 1.8801682 1.9585961 1.8646499 1.9609042 2.0969790 2.1834973 2.1112922 2.1664688 2.2609230 2.1327999 2.1919715 2.1520097 2.2936417 2.3208709 2.2736270 2.2956891 2.1379464 2.4619108 2.4370356 2.4419705 2.4767976 2.0044217 2.0202517 2.1299524 2.1593676 2.3859199 2.4460405 0.0000000 1.7531136 1.7074848 1.6109315 1.7312047 2.1432207 2.2549545 1.9858453 1.3040111 3.0341055 2.6969404 2.8130414 2.3916237 
Alytidae          2.6850303 2.5216016 2.5172625 2.5263902 2.5738493 2.5593172 2.5021109 2.4822424 2.5322304 2.5527381 2.5869649 2.5943028 2.5946520 2.5238691 2.4792557 2.8233259 2.8645327 2.7463822 2.8723438 2.8597573 2.7736396 2.8218367 2.7279264 2.9733851 2.9789782 2.8330539 2.7619779 2.7150364 3.0326621 2.9031754 3.1296251 2.8670158 2.4056825 2.5178762 2.7411784 2.4119366 2.6728114 2.7556237 1.7531136 0.0000000 2.2652862 1.9903161 2.0523219 2.5557203 2.6190246 2.5697821 2.0252522 3.6292493 3.4116757 3.4120752 2.8645336 
Heleophrynidae    2.7105747 2.7661234 2.6920792 2.7291574 2.7585028 2.7022785 2.6142917 2.6755209 2.5487625 2.6938860 2.7712729 2.6509898 2.7547854 2.7675762 2.6598525 2.7904925 2.9210011 2.8321552 2.6359921 2.8030846 2.6674140 2.6967341 2.7658095 2.8586684 2.8015235 2.7278597 2.7075524 2.7107441 2.9691037 3.0355777 3.3094923 2.9744270 2.5237226 2.4193794 2.6474725 2.8194933 3.0004990 2.8275760 1.7074848 2.2652862 0.0000000 1.3264624 1.3136511 1.7433185 2.0392388 1.6691883 1.8206161 3.7129169 3.5508446 3.4573611 3.1595790 
Leptodactylidae   2.6138988 2.6433111 2.4301657 2.4216071 2.5689814 2.3940280 2.3424064 2.3728095 2.4107071 2.4243488 2.4870356 2.4965436 2.5089628 2.4822024 2.4655861 2.6735165 2.8305847 2.6529846 2.5077371 2.7105341 2.6106107 2.7204407 2.6789927 2.7871065 2.7537062 2.6853197 2.6609646 2.6158726 2.7953027 2.8937482 3.1713862 2.8790507 2.5119871 2.5207981 2.7342286 2.6080762 3.0229582 2.6928842 1.6109315 1.9903161 1.3264624 0.0000000 0.2848086 1.4779070 1.6956488 1.4045099 1.7955442 3.4858102 3.5530459 3.5852873 3.1590211 
Strabomantidae    2.6864618 2.7017299 2.5020948 2.5346829 2.6227556 2.4643919 2.4557917 2.4590868 2.5213277 2.4757440 2.5413483 2.5293540 2.6602632 2.5872383 2.5203252 2.7172620 2.8467250 2.7513645 2.5615148 2.7518483 2.6307618 2.7383968 2.7181713 2.8576424 2.7527167 2.7267901 2.7286078 2.6773383 2.8149303 2.8352526 3.2137788 2.9184658 2.5752283 2.5567345 2.7094964 2.6489796 2.8168501 2.8232535 1.7312047 2.0523219 1.3136511 0.2848086 0.0000000 1.4878639 1.6456894 1.4149739 1.8257521 3.6686177 3.5108333 3.5751466 3.2310237 
Micrixalidae      3.4115939 3.4896553 3.3660888 3.3230599 3.3864272 3.3646813 3.1939158 3.1650877 3.2777311 3.2381846 3.3968905 3.2399510 3.2910433 3.3381538 3.2799893 3.4148772 3.4613099 3.4297196 3.1106874 3.0683034 3.0582742 2.9755966 3.0527004 3.1865289 3.0924522 3.1429030 3.1189992 3.0660169 3.3070059 3.1170704 3.3921246 3.2925263 2.8228960 2.8888987 2.9376382 3.0068567 3.4021234 3.5567551 2.1432207 2.5557203 1.7433185 1.4779070 1.4878639 0.0000000 1.5978269 1.2488716 2.2190852 3.9495085 4.2303209 4.1495442 3.3448798 
Hemisotidae       3.2969359 3.3717674 3.2256663 3.1056959 3.4197390 3.2259266 3.0621998 3.0627890 3.0628725 3.1025565 3.2268157 3.1590270 3.0959127 3.1967758 3.0906601 3.3075605 3.4088416 3.3492144 3.2774336 3.4354633 3.4229809 3.4832829 3.4800922 3.6078311 3.4070142 3.5557121 3.4035483 3.5281234 3.4290760 3.5561041 3.9231245 3.5647060 2.9902891 3.0950104 3.2028637 3.1903461 3.5576742 3.6634845 2.2549545 2.6190246 2.0392388 1.6956488 1.6456894 1.5978269 0.0000000 1.4150197 2.4441516 3.9185298 4.2366102 4.2799866 3.5308866 
Asterophryidae    3.0119844 2.9813124 2.8532229 2.8175375 2.9917692 2.9312425 2.7133741 2.8264970 2.8296334 2.7969103 2.8798631 2.7748431 2.8594897 2.7813469 2.7639330 2.9948500 3.0828395 2.9539363 3.0162483 3.0820258 3.0690953 3.1755435 3.1739309 3.2864505 3.3268612 3.1869075 3.1336594 3.2146948 3.3831045 3.1287227 3.5931171 3.4222831 2.8756129 2.8782164 3.0771730 3.2625120 3.5402480 3.4238547 1.9858453 2.5697821 1.6691883 1.4045099 1.4149739 1.2488716 1.4150197 0.0000000 2.2350798 4.0475965 3.9370510 4.1311466 3.3337844 
Caeciliidae2      2.0677282 2.0229350 2.0424277 1.9417409 1.9966873 1.9199069 1.9102328 1.9171231 1.9374219 1.9397671 1.9537396 1.9480723 2.0128814 1.9681843 1.9754919 2.2177661 2.2337116 2.1648716 2.1101096 2.1812068 2.0423688 2.1154558 2.1313536 2.2210812 2.2529638 2.1528915 2.1978947 2.0423707 2.1917974 2.5117614 2.3506846 2.5014054 2.0561869 1.9262134 2.1213697 2.1749525 2.2877582 2.4199763 1.3040111 2.0252522 1.8206161 1.7955442 1.8257521 2.2190852 2.4441516 2.2350798 0.0000000 3.1130835 2.9401017 2.9900249 2.2033686 
Polypteriformes   3.1147156 2.9445763 3.0440854 3.1636782 3.0373920 2.9685490 2.8260866 2.9445827 2.8505979 2.8887581 2.9990678 2.8617361 2.9048911 2.9206517 2.9956291 3.1977346 3.3257407 3.1831091 3.3690637 3.3828740 3.2276929 3.4564448 3.2530139 3.6131916 3.8699764 3.4983051 3.6600860 3.3536257 3.5912592 3.5619833 3.6841781 3.4480267 3.1562395 3.1828621 3.4711393 3.5199570 3.6325894 3.6363246 3.0341055 3.6292493 3.7129169 3.4858102 3.6686177 3.9495085 3.9185298 4.0475965 3.1130835 0.0000000 3.2823779 3.2820593 2.5400829 
Channichthyidae   3.3938440 3.2651816 3.3191966 3.3616289 3.3406041 3.2353396 3.1813750 3.2335155 3.3180239 3.3078611 3.2376396 3.2202771 3.2184393 3.1824306 3.2954091 3.2835182 3.2694198 3.2392889 3.5237913 3.5068758 3.3132610 3.4316744 3.3406960 3.6501882 3.5699496 3.4724599 3.4127202 3.4429320 3.5294424 3.6303376 3.5897168 3.4226721 2.9746360 3.2693335 3.2130116 3.3137949 3.5365181 3.3935558 2.6969404 3.4116757 3.5508446 3.5530459 3.5108333 4.2303209 4.2366102 3.9370510 2.9401017 3.2823779 0.0000000 0.2045047 2.4116198 
Pseudaphritidae   3.3941851 3.2935663 3.4078357 3.4527774 3.4003824 3.3227165 3.2371200 3.3206242 3.3489038 3.3382715 3.2957469 3.2503903 3.3329969 3.2945627 3.3238454 3.4018559 3.3576591 3.3570979 3.5265302 3.5392615 3.4015288 3.5867714 3.4880232 3.7520330 3.7007949 3.5989897 3.4731190 3.5354718 3.5618591 3.7315971 3.6548346 3.4226792 3.0271669 3.3542245 3.3290082 3.4026968 3.5701276 3.4231445 2.8130414 3.4120752 3.4573611 3.5852873 3.5751466 4.1495442 4.2799866 4.1311466 2.9900249 3.2820593 0.2045047 0.0000000 2.4619853 
Carcharhinidae    2.7147798 2.5842283 2.6202589 2.6040690 2.5827371 2.5094171 2.4322616 2.5931900 2.5340232 2.4813415 2.5951953 2.5202744 2.5430874 2.5326016 2.5932949 2.5560349 2.6782576 2.5489590 2.7945863 2.7105166 2.5526967 2.7032289 2.5554263 2.8873157 2.6661583 2.7119105 2.6702975 2.6935511 2.8877775 3.0111789 2.9552347 3.0215771 2.4823788 2.4613717 2.6607958 2.6122822 2.9376930 2.9673840 2.3916237 2.8645336 3.1595790 3.1590211 3.2310237 3.3448798 3.5308866 3.3337844 2.2033686 2.5400829 2.4116198 2.4619853 0.0000000 
