51
Pitheciidae       0.0000000 0.3192557 0.3964413 0.3814893 0.3368402 0.3207596 0.3034098 0.3104452 0.3408439 0.2773409 0.2678655 0.2891973 0.2942699 0.2958545 0.3016506 0.5377324 0.5221348 0.5210038 1.3240512 1.3626932 1.3059890 1.2667938 1.2562333 1.3108047 1.3362863 1.2758113 1.2973186 1.2901532 1.2755964 1.1210737 1.0331476 1.1761997 0.9723839 1.0063318 1.0101633 1.0725408 1.0620130 1.2515484 1.3538076 1.6101493 1.3496773 1.3886641 1.3884411 1.4744991 1.3558159 1.3897076 1.2040364 1.3641968 1.2860902 1.2880488 1.6970800 
Scandentia        0.3192557 0.0000000 0.3761470 0.3564137 0.3167313 0.3064376 0.2853583 0.3006366 0.3235206 0.2690438 0.2590617 0.2733975 0.2857468 0.2886068 0.2851698 0.5038121 0.4926533 0.4841870 1.3368843 1.3148161 1.3082966 1.2804689 1.2816046 1.3009789 1.3305078 1.3080714 1.2972163 1.3282380 1.3048997 1.1070864 1.0360683 1.2163363 0.9830045 1.0276649 1.0445101 1.0922178 1.0704590 1.2695154 1.2770614 1.5629972 1.3716046 1.3913323 1.3781537 1.4457958 1.3720971 1.3985423 1.1885429 1.3360992 1.2745188 1.2697205 1.6871959 
Erethizontidae    0.3964413 0.3761470 0.0000000 0.1635472 0.3458334 0.3292623 0.3395594 0.3408377 0.3795085 0.3111347 0.2975669 0.3187082 0.3233889 0.3417818 0.3305617 0.5830386 0.5727357 0.5722121 1.3957147 1.4191672 1.3499926 1.3472692 1.3419285 1.3723910 1.3377640 1.3613176 1.3617332 1.4001323 1.3435200 1.1963841 1.1244726 1.2863568 1.0949070 1.1314132 1.1371662 1.2099902 1.1773252 1.3644312 1.3985351 1.6995023 1.4621857 1.4537873 1.4519189 1.5599974 1.4281932 1.4586492 1.3053852 1.4331476 1.3656503 1.3601835 1.7862168 
Capromyidae       0.3814893 0.3564137 0.1635472 0.0000000 0.3266156 0.3187809 0.3334765 0.3395284 0.3760672 0.3023040 0.2935792 0.3120199 0.3294178 0.3428074 0.3198696 0.5639984 0.5610386 0.5616643 1.4019686 1.4133759 1.3451097 1.3350270 1.3192971 1.3818501 1.3699001 1.3483648 1.3621994 1.3762229 1.3550399 1.1779424 1.1112126 1.2667153 1.0697391 1.1128677 1.1323497 1.1935571 1.1528888 1.3255615 1.3965429 1.6708345 1.4433057 1.4614312 1.4592080 1.5707497 1.4463799 1.4586082 1.3008579 1.4135194 1.3277942 1.3325582 1.7954670 
Muridae           0.3368402 0.3167313 0.3458334 0.3266156 0.0000000 0.2576471 0.2827485 0.2869638 0.3250168 0.2610028 0.2496798 0.2684374 0.2790316 0.2850596 0.2801952 0.5013185 0.4841309 0.4881251 1.3224002 1.3058811 1.2819885 1.2571409 1.2764888 1.3078210 1.3223241 1.2870233 1.2917812 1.3019037 1.2580150 1.0491622 1.0110571 1.1716750 0.9887581 1.0167235 1.0252999 1.0728133 1.0815200 1.2593399 1.3073442 1.6015586 1.3484129 1.3922854 1.3787066 1.4677961 1.3498808 1.3581016 1.2123893 1.3966844 1.2955494 1.2930639 1.7060165 
Castoridae        0.3207596 0.3064376 0.3292623 0.3187809 0.2576471 0.0000000 0.2801539 0.2793164 0.3222682 0.2568284 0.2423140 0.2573816 0.2735168 0.2814565 0.2735892 0.4975065 0.4934153 0.4872941 1.3193971 1.3304496 1.2862707 1.2516613 1.2437188 1.2883299 1.3034368 1.2863940 1.2771863 1.3069695 1.2609549 1.0731766 1.0374920 1.1897953 0.9866748 1.0296027 1.0371808 1.0969234 1.0915491 1.3306581 1.3176155 1.6259935 1.3856401 1.4203248 1.4240874 1.4855648 1.4080165 1.4077156 1.2502229 1.3530793 1.2761511 1.2688724 1.6474494 
Suidae            0.3034098 0.2853583 0.3395594 0.3334765 0.2827485 0.2801539 0.0000000 0.1514750 0.1733197 0.1753283 0.1670924 0.1837228 0.1967354 0.2036337 0.2239601 0.4625706 0.4585015 0.4497302 1.2402252 1.2685179 1.2281935 1.1735756 1.2088725 1.2427836 1.2490428 1.2105844 1.2382318 1.2705560 1.2093802 1.0421743 0.9903971 1.1557330 0.9522218 0.9586088 0.9675432 1.0602596 1.0539903 1.2208149 1.2951032 1.5431161 1.3183801 1.3438928 1.3260258 1.4570757 1.2989380 1.3451756 1.1709680 1.3076360 1.2327832 1.2279269 1.6585004 
Hippopotamidae    0.3104452 0.3006366 0.3408377 0.3395284 0.2869638 0.2793164 0.1514750 0.0000000 0.1634789 0.1792528 0.1767089 0.1906977 0.2045451 0.2023795 0.2323691 0.4746825 0.4603843 0.4573230 1.2758742 1.3039338 1.2471263 1.2255453 1.2455644 1.2565581 1.2870985 1.2382842 1.2477326 1.2769195 1.2659181 1.0626128 1.0214950 1.1649911 0.9603685 0.9928518 0.9965744 1.0801552 1.0664255 1.2364537 1.2841487 1.5193589 1.3182472 1.3554400 1.3416981 1.4162052 1.3072873 1.3562072 1.1844373 1.3118176 1.2561484 1.2500713 1.6659757 
Hyperoodontidae   0.3408439 0.3235206 0.3795085 0.3760672 0.3250168 0.3222682 0.1733197 0.1634789 0.0000000 0.2074733 0.2071476 0.2235592 0.2353885 0.2392269 0.2678446 0.4839011 0.4840571 0.4789024 1.2897900 1.2920257 1.2579720 1.2362060 1.2623329 1.2720923 1.2950227 1.2511403 1.2627795 1.2823185 1.2595175 1.0774484 1.0314906 1.1872423 0.9685003 1.0013456 1.0247287 1.0948794 1.0781853 1.2521247 1.3108685 1.5421718 1.3177782 1.3419225 1.3217979 1.4635476 1.3331809 1.3625608 1.1782042 1.3113622 1.2692715 1.2589733 1.6499044 
Vespertilionidae  0.2773409 0.2690438 0.3111347 0.3023040 0.2610028 0.2568284 0.1753283 0.1792528 0.2074733 0.0000000 0.0838062 0.1129337 0.1793115 0.1791048 0.2033695 0.4229226 0.4125188 0.4054142 1.2292678 1.2439163 1.2049194 1.1706492 1.1999213 1.2059343 1.2250250 1.1823010 1.2120898 1.2241405 1.1941911 1.0179610 0.9664390 1.1322694 0.9037948 0.9442459 0.9547966 0.9957321 0.9968161 1.1945289 1.2668747 1.5394602 1.3008008 1.3334333 1.3367207 1.4356213 1.3248249 1.3391970 1.1627966 1.2992136 1.2409209 1.2286884 1.6105662 
Furipteridae      0.2678655 0.2590617 0.2975669 0.2935792 0.2496798 0.2423140 0.1670924 0.1767089 0.2071476 0.0838062 0.0000000 0.1060716 0.1703144 0.1753106 0.1972848 0.4311366 0.4161125 0.4116995 1.2249265 1.2444108 1.2181870 1.1642148 1.1715628 1.1998206 1.2320102 1.1898389 1.2027846 1.2299679 1.1977520 0.9982652 0.9656365 1.1367224 0.9070146 0.9565963 0.9659789 1.0111652 1.0037850 1.2033054 1.2511536 1.5213463 1.3019970 1.3336829 1.3314292 1.4308576 1.3117028 1.3356859 1.1478051 1.2930465 1.2217616 1.2134724 1.6125098 
Rhinolophidae     0.2891973 0.2733975 0.3187082 0.3120199 0.2684374 0.2573816 0.1837228 0.1906977 0.2235592 0.1129337 0.1060716 0.0000000 0.1876568 0.1866644 0.2126861 0.4419779 0.4264177 0.4225444 1.2744559 1.2741473 1.2632548 1.2250934 1.2376961 1.2488156 1.2755332 1.2431790 1.2602063 1.2800258 1.2498106 1.0465934 0.9806139 1.1633815 0.9028391 0.9625095 0.9826039 1.0177438 1.0274654 1.2451995 1.2960998 1.5602977 1.3202304 1.3637786 1.3660259 1.4591743 1.3361474 1.3558819 1.1560841 1.2958371 1.2335437 1.2283508 1.6588909 
Viverridae        0.2942699 0.2857468 0.3233889 0.3294178 0.2790316 0.2735168 0.1967354 0.2045451 0.2353885 0.1793115 0.1703144 0.1876568 0.0000000 0.1428902 0.2323390 0.4533170 0.4468138 0.4404340 1.2634959 1.2744522 1.2579715 1.2054512 1.2161921 1.2570350 1.2648661 1.2357758 1.2469256 1.2802561 1.2238477 1.0325737 0.9798617 1.1275435 0.9403452 0.9854087 0.9989895 1.0417679 1.0261351 1.2222498 1.2713233 1.5340782 1.2836935 1.3174431 1.3048556 1.4105146 1.2972779 1.3121496 1.1654714 1.2965048 1.2294658 1.2182332 1.6201380 
Procyonidae       0.2958545 0.2886068 0.3417818 0.3428074 0.2850596 0.2814565 0.2036337 0.2023795 0.2392269 0.1791048 0.1753106 0.1866644 0.1428902 0.0000000 0.2416575 0.4700911 0.4613892 0.4533630 1.3068457 1.2935475 1.2925594 1.2186829 1.2253805 1.2749354 1.3121307 1.2668754 1.2627917 1.3132856 1.2668243 1.0590759 1.0199736 1.1515938 0.9473806 0.9963808 0.9891968 1.0541331 1.0315134 1.2120810 1.3181476 1.5868724 1.3364590 1.3494957 1.3453470 1.4513942 1.3378574 1.3725679 1.1970140 1.3311441 1.2916868 1.2771735 1.6581787 
Myrmecophagidae   0.3016506 0.2851698 0.3305617 0.3198696 0.2801952 0.2735892 0.2239601 0.2323691 0.2678446 0.2033695 0.1972848 0.2126861 0.2323390 0.2416575 0.0000000 0.4378867 0.4222926 0.4212951 1.2734395 1.2378716 1.2226410 1.1944059 1.2206946 1.2133806 1.2345887 1.2220085 1.2414391 1.2396808 1.2077081 1.0156322 0.9527736 1.1320465 0.9170601 0.9443467 0.9523505 1.0283206 1.0168546 1.2146198 1.2571806 1.5336716 1.3101605 1.3334483 1.3389428 1.4221300 1.3010230 1.3040486 1.1306210 1.2590367 1.2167914 1.2185298 1.6359449 
Caluromyidae      0.5377324 0.5038121 0.5830386 0.5639984 0.5013185 0.4975065 0.4625706 0.4746825 0.4839011 0.4229226 0.4311366 0.4419779 0.4533170 0.4700911 0.4378867 0.0000000 0.1298381 0.1324058 1.2025158 1.2422939 1.1835751 1.1979727 1.1698295 1.2352048 1.2338194 1.1950492 1.1932759 1.2244653 1.1883333 1.0189054 0.9649690 1.1055138 0.8805193 0.9059789 0.9364170 1.0029287 0.9642503 1.1636026 1.1937578 1.4927002 1.2925980 1.2841669 1.2864264 1.4041276 1.3160179 1.3062273 1.1640390 1.2944245 1.2211696 1.2251815 1.5729196 
Thylacomyidae     0.5221348 0.4926533 0.5727357 0.5610386 0.4841309 0.4934153 0.4585015 0.4603843 0.4840571 0.4125188 0.4161125 0.4264177 0.4468138 0.4613892 0.4222926 0.1298381 0.0000000 0.0954851 1.1646123 1.2131967 1.1470147 1.1340779 1.1401812 1.1764807 1.1906178 1.1506306 1.1691918 1.1838455 1.1544945 0.9848586 0.9588949 1.0803392 0.8757983 0.8756577 0.9261424 0.9933040 0.9663258 1.1779624 1.1755946 1.4858020 1.2704093 1.2812142 1.2892221 1.3687378 1.2977722 1.3135958 1.1417668 1.2480216 1.1988225 1.1996820 1.5771143 
Phalangeridae     0.5210038 0.4841870 0.5722121 0.5616643 0.4881251 0.4872941 0.4497302 0.4573230 0.4789024 0.4054142 0.4116995 0.4225444 0.4404340 0.4533630 0.4212951 0.1324058 0.0954851 0.0000000 1.1996987 1.2445074 1.1734126 1.1692033 1.1556490 1.1956063 1.1986843 1.1573696 1.1864588 1.1868842 1.1713969 1.0039956 0.9671490 1.1028067 0.8871784 0.8964574 0.9278738 0.9918457 0.9665870 1.1714973 1.1977846 1.4682131 1.2640251 1.2618376 1.2674983 1.3472562 1.2840674 1.2920387 1.1343381 1.2696690 1.2028938 1.2056270 1.5669784 
Tityridae         1.3240512 1.3368843 1.3957147 1.4019686 1.3224002 1.3193971 1.2402252 1.2758742 1.2897900 1.2292678 1.2249265 1.2744559 1.2634959 1.3068457 1.2734395 1.2025158 1.1646123 1.1996987 0.0000000 0.4234963 0.3857883 0.3913806 0.3932961 0.4216291 0.4264538 0.3785496 0.3875732 0.3864048 0.5128761 0.8190549 0.8391741 0.9247541 0.8811033 0.9081591 0.8997348 0.9687177 0.9409588 1.1473955 1.3895386 1.6739071 1.3656837 1.4458980 1.4419498 1.5361037 1.3856122 1.3789903 1.2434333 1.3401690 1.3303771 1.3406305 1.6744213 
Ptilonorhynchidae 1.3626932 1.3148161 1.4191672 1.4133759 1.3058811 1.3304496 1.2685179 1.3039338 1.2920257 1.2439163 1.2444108 1.2741473 1.2744522 1.2935475 1.2378716 1.2422939 1.2131967 1.2445074 0.4234963 0.0000000 0.3399357 0.3618802 0.3545418 0.3731126 0.3962287 0.3520705 0.3552396 0.3393825 0.5357217 0.8578855 0.8248945 0.9411359 0.8920803 0.9235561 0.9265331 0.9511751 0.9405352 1.2114526 1.3801230 1.6099105 1.3829874 1.4611120 1.4292398 1.5361788 1.3942296 1.3786364 1.2318357 1.3596875 1.3993083 1.3923097 1.6983761 
Callaeatidae      1.3059890 1.3082966 1.3499926 1.3451097 1.2819885 1.2862707 1.2281935 1.2471263 1.2579720 1.2049194 1.2181870 1.2632548 1.2579715 1.2925594 1.2226410 1.1835751 1.1470147 1.1734126 0.3857883 0.3399357 0.0000000 0.2354105 0.2511945 0.2610298 0.2775289 0.2403944 0.2470733 0.2367834 0.4941457 0.8239779 0.8054856 0.9076545 0.8422341 0.9026478 0.9185580 0.9401541 0.8800412 1.1314800 1.3917791 1.6554487 1.3739434 1.4442556 1.4187304 1.5823054 1.3834620 1.3821712 1.2466598 1.3682818 1.3512555 1.3588735 1.6778265 
Monarchidae       1.2667938 1.2804689 1.3472692 1.3350270 1.2571409 1.2516613 1.1735756 1.2255453 1.2362060 1.1706492 1.1642148 1.2250934 1.2054512 1.2186829 1.1944059 1.1979727 1.1340779 1.1692033 0.3913806 0.3618802 0.2354105 0.0000000 0.1710079 0.2745941 0.2901123 0.2413939 0.2524381 0.2278527 0.4991999 0.8269122 0.7966133 0.9065469 0.8560419 0.8756892 0.8938641 0.9397946 0.9029924 1.1308365 1.3870766 1.6122065 1.3673384 1.4487955 1.4243950 1.5398260 1.4017492 1.3842277 1.2503915 1.3613621 1.3615315 1.3638586 1.6647169 
Malaconotidae     1.2562333 1.2816046 1.3419285 1.3192971 1.2764888 1.2437188 1.2088725 1.2455644 1.2623329 1.1999213 1.1715628 1.2376961 1.2161921 1.2253805 1.2206946 1.1698295 1.1401812 1.1556490 0.3932961 0.3545418 0.2511945 0.1710079 0.0000000 0.2765275 0.2951875 0.2490606 0.2583260 0.2484147 0.4960536 0.8356816 0.8050825 0.9370241 0.8503770 0.9005428 0.9045640 0.9246460 0.9017440 1.1378699 1.3765460 1.6293794 1.3820627 1.4160262 1.3956959 1.5385280 1.3863994 1.3725629 1.2284405 1.3522845 1.3417006 1.3418398 1.6699041 
Certhiidae        1.3108047 1.3009789 1.3723910 1.3818501 1.3078210 1.2883299 1.2427836 1.2565581 1.2720923 1.2059343 1.1998206 1.2488156 1.2570350 1.2749354 1.2133806 1.2352048 1.1764807 1.1956063 0.4216291 0.3731126 0.2610298 0.2745941 0.2765275 0.0000000 0.2623166 0.2247246 0.2313391 0.2364581 0.5216965 0.8742399 0.8609234 0.9724533 0.8813667 0.9115116 0.9342638 0.9453698 0.9492354 1.2061140 1.4160690 1.5807838 1.3885459 1.4379629 1.4262503 1.5404832 1.4134011 1.4041953 1.2679813 1.3739198 1.3938962 1.4045315 1.6606398 
Cinclidae         1.3362863 1.3305078 1.3377640 1.3699001 1.3223241 1.3034368 1.2490428 1.2870985 1.2950227 1.2250250 1.2320102 1.2755332 1.2648661 1.3121307 1.2345887 1.2338194 1.1906178 1.1986843 0.4264538 0.3962287 0.2775289 0.2901123 0.2951875 0.2623166 0.0000000 0.2416345 0.2508834 0.2543821 0.5375409 0.8791800 0.8700405 0.9593822 0.9103297 0.9312203 0.9452273 0.9888593 0.9552042 1.1743248 1.4187209 1.6295645 1.3617877 1.4439417 1.4391822 1.5633298 1.4000790 1.3886185 1.2459706 1.3411479 1.3395376 1.3490693 1.6692181 
Ploceidae         1.2758113 1.3080714 1.3613176 1.3483648 1.2870233 1.2863940 1.2105844 1.2382842 1.2511403 1.1823010 1.1898389 1.2431790 1.2357758 1.2668754 1.2220085 1.1950492 1.1506306 1.1573696 0.3785496 0.3520705 0.2403944 0.2413939 0.2490606 0.2247246 0.2416345 0.0000000 0.1247366 0.2029772 0.5178738 0.8433654 0.8155980 0.9059769 0.8640874 0.8914174 0.9034369 0.9416255 0.9274755 1.1432447 1.3743946 1.5918913 1.3363635 1.4161455 1.3959481 1.5360201 1.3753530 1.3779683 1.2082591 1.3833557 1.3572609 1.3724301 1.6828116 
Thraupidae        1.2973186 1.2972163 1.3617332 1.3621994 1.2917812 1.2771863 1.2382318 1.2477326 1.2627795 1.2120898 1.2027846 1.2602063 1.2469256 1.2627917 1.2414391 1.1932759 1.1691918 1.1864588 0.3875732 0.3552396 0.2470733 0.2524381 0.2583260 0.2313391 0.2508834 0.1247366 0.0000000 0.2126221 0.5176089 0.8776355 0.8309678 0.9251496 0.8664523 0.8893302 0.9169202 0.9444314 0.9138823 1.1720004 1.3643094 1.5958288 1.3446751 1.4076370 1.3796341 1.5431263 1.3811707 1.3621951 1.2119386 1.3466615 1.3731045 1.3826390 1.6898673 
Alaudidae         1.2901532 1.3282380 1.4001323 1.3762229 1.3019037 1.3069695 1.2705560 1.2769195 1.2823185 1.2241405 1.2299679 1.2800258 1.2802561 1.3132856 1.2396808 1.2244653 1.1838455 1.1868842 0.3864048 0.3393825 0.2367834 0.2278527 0.2484147 0.2364581 0.2543821 0.2029772 0.2126221 0.0000000 0.4958701 0.8385389 0.8166031 0.9215815 0.8500301 0.8915945 0.8870728 0.9243511 0.9014322 1.1454927 1.3628685 1.6046620 1.3492620 1.4011457 1.3917809 1.5173146 1.3763024 1.3710008 1.2383471 1.3586232 1.3569788 1.3644317 1.6759871 
Coraciiformes     1.2755964 1.3048997 1.3435200 1.3550399 1.2580150 1.2609549 1.2093802 1.2659181 1.2595175 1.1941911 1.1977520 1.2498106 1.2238477 1.2668243 1.2077081 1.1883333 1.1544945 1.1713969 0.5128761 0.5357217 0.4941457 0.4991999 0.4960536 0.5216965 0.5375409 0.5178738 0.5176089 0.4958701 0.0000000 0.8372093 0.8270573 0.9208479 0.8668860 0.9025103 0.9100135 0.9886820 0.9066792 1.1582484 1.3899423 1.6256582 1.4071511 1.4114711 1.3927183 1.5186205 1.3820977 1.3819123 1.2866420 1.2899118 1.3883554 1.3733622 1.7242699 
Crocodylidae      1.1210737 1.1070864 1.1963841 1.1779424 1.0491622 1.0731766 1.0421743 1.0626128 1.0774484 1.0179610 0.9982652 1.0465934 1.0325737 1.0590759 1.0156322 1.0189054 0.9848586 1.0039956 0.8190549 0.8578855 0.8239779 0.8269122 0.8356816 0.8742399 0.8791800 0.8433654 0.8776355 0.8385389 0.8372093 0.0000000 0.6344365 0.7410601 0.6553590 0.6946719 0.7131955 0.7466350 0.7402055 0.9962021 1.0925141 1.4039813 1.1340615 1.1768483 1.1607819 1.3152362 1.1687430 1.1703429 1.0565188 1.1634074 1.1649769 1.1422263 1.5280284 
Carettochelyidae  1.0331476 1.0360683 1.1244726 1.1112126 1.0110571 1.0374920 0.9903971 1.0214950 1.0314906 0.9664390 0.9656365 0.9806139 0.9798617 1.0199736 0.9527736 0.9649690 0.9588949 0.9671490 0.8391741 0.8248945 0.8054856 0.7966133 0.8050825 0.8609234 0.8700405 0.8155980 0.8309678 0.8166031 0.8270573 0.6344365 0.0000000 0.4956970 0.5874868 0.6561932 0.6628455 0.6984670 0.6718288 0.9182632 1.1067517 1.4160173 1.1482362 1.1592312 1.1565499 1.3050323 1.1304720 1.1490602 1.0242017 1.1374986 1.0542368 1.0553043 1.4736038 
Kinosternidae     1.1761997 1.2163363 1.2863568 1.2667153 1.1716750 1.1897953 1.1557330 1.1649911 1.1872423 1.1322694 1.1367224 1.1633815 1.1275435 1.1515938 1.1320465 1.1055138 1.0803392 1.1028067 0.9247541 0.9411359 0.9076545 0.9065469 0.9370241 0.9724533 0.9593822 0.9059769 0.9251496 0.9215815 0.9208479 0.7410601 0.4956970 0.0000000 0.7049062 0.7254867 0.7464926 0.7779884 0.7705790 1.0041611 1.2634339 1.5012108 1.2294206 1.2665107 1.2639363 1.4189211 1.2541080 1.2497608 1.1325344 1.2634208 1.2084855 1.1907875 1.6210691 
Anomalepididae    0.9723839 0.9830045 1.0949070 1.0697391 0.9887581 0.9866748 0.9522218 0.9603685 0.9685003 0.9037948 0.9070146 0.9028391 0.9403452 0.9473806 0.9170601 0.8805193 0.8757983 0.8871784 0.8811033 0.8920803 0.8422341 0.8560419 0.8503770 0.8813667 0.9103297 0.8640874 0.8664523 0.8500301 0.8668860 0.6553590 0.5874868 0.7049062 0.0000000 0.2999412 0.3239068 0.3556101 0.4016313 0.6706782 1.0127305 1.3152483 1.0403833 1.0894801 1.0782411 1.1645790 1.0247435 1.0791929 0.9234945 1.0775990 0.9818829 0.9926404 1.4283222 
Loxocemidae       1.0063318 1.0276649 1.1314132 1.1128677 1.0167235 1.0296027 0.9586088 0.9928518 1.0013456 0.9442459 0.9565963 0.9625095 0.9854087 0.9963808 0.9443467 0.9059789 0.8756577 0.8964574 0.9081591 0.9235561 0.9026478 0.8756892 0.9005428 0.9115116 0.9312203 0.8914174 0.8893302 0.8915945 0.9025103 0.6946719 0.6561932 0.7254867 0.2999412 0.0000000 0.2692960 0.4140810 0.4304506 0.7002109 1.0427361 1.3570230 1.0670582 1.1176512 1.1030243 1.2404581 1.0841665 1.1058723 0.9765950 1.1320018 1.0510898 1.0440512 1.4096161 
Natricidae        1.0101633 1.0445101 1.1371662 1.1323497 1.0252999 1.0371808 0.9675432 0.9965744 1.0247287 0.9547966 0.9659789 0.9826039 0.9989895 0.9891968 0.9523505 0.9364170 0.9261424 0.9278738 0.8997348 0.9265331 0.9185580 0.8938641 0.9045640 0.9342638 0.9452273 0.9034369 0.9169202 0.8870728 0.9100135 0.7131955 0.6628455 0.7464926 0.3239068 0.2692960 0.0000000 0.4237588 0.4474414 0.7186483 1.0634873 1.3679684 1.1059320 1.1362928 1.1259845 1.2574247 1.1113184 1.1530319 1.0024378 1.1213420 1.0433244 1.0445751 1.4794079 
Xenosauridae      1.0725408 1.0922178 1.2099902 1.1935571 1.0728133 1.0969234 1.0602596 1.0801552 1.0948794 0.9957321 1.0111652 1.0177438 1.0417679 1.0541331 1.0283206 1.0029287 0.9933040 0.9918457 0.9687177 0.9511751 0.9401541 0.9397946 0.9246460 0.9453698 0.9888593 0.9416255 0.9444314 0.9243511 0.9886820 0.7466350 0.6984670 0.7779884 0.3556101 0.4140810 0.4237588 0.0000000 0.4842859 0.7552167 1.1068449 1.4281328 1.1201275 1.1738073 1.1750451 1.2701413 1.1503478 1.1456871 1.0033198 1.1957905 1.1124408 1.1155236 1.5306520 
Teiidae           1.0620130 1.0704590 1.1773252 1.1528888 1.0815200 1.0915491 1.0539903 1.0664255 1.0781853 0.9968161 1.0037850 1.0274654 1.0261351 1.0315134 1.0168546 0.9642503 0.9663258 0.9665870 0.9409588 0.9405352 0.8800412 0.9029924 0.9017440 0.9492354 0.9552042 0.9274755 0.9138823 0.9014322 0.9066792 0.7402055 0.6718288 0.7705790 0.4016313 0.4304506 0.4474414 0.4842859 0.0000000 0.7345167 1.1174956 1.3961765 1.1587967 1.2049229 1.1918919 1.3278452 1.1496884 1.1822951 0.9993396 1.1344516 1.0536516 1.0635626 1.4524108 
Eublepharidae     1.2515484 1.2695154 1.3644312 1.3255615 1.2593399 1.3306581 1.2208149 1.2364537 1.2521247 1.1945289 1.2033054 1.2451995 1.2222498 1.2120810 1.2146198 1.1636026 1.1779624 1.1714973 1.1473955 1.2114526 1.1314800 1.1308365 1.1378699 1.2061140 1.1743248 1.1432447 1.1720004 1.1454927 1.1582484 0.9962021 0.9182632 1.0041611 0.6706782 0.7002109 0.7186483 0.7552167 0.7345167 0.0000000 1.3363663 1.6240406 1.3337514 1.3510430 1.3408970 1.4728979 1.2960112 1.3318612 1.2470195 1.3007964 1.2305856 1.2407822 1.7427260 
Dicamptodontidae  1.3538076 1.2770614 1.3985351 1.3965429 1.3073442 1.3176155 1.2951032 1.2841487 1.3108685 1.2668747 1.2511536 1.2960998 1.2713233 1.3181476 1.2571806 1.1937578 1.1755946 1.1977846 1.3895386 1.3801230 1.3917791 1.3870766 1.3765460 1.4160690 1.4187209 1.3743946 1.3643094 1.3628685 1.3899423 1.0925141 1.1067517 1.2634339 1.0127305 1.0427361 1.0634873 1.1068449 1.1174956 1.3363663 0.0000000 0.8912761 0.6695568 0.6871555 0.6669502 0.8037690 0.6566467 0.6709288 0.6653217 1.1939991 1.1201279 1.1253351 1.5542869 
Alytidae          1.6101493 1.5629972 1.6995023 1.6708345 1.6015586 1.6259935 1.5431161 1.5193589 1.5421718 1.5394602 1.5213463 1.5602977 1.5340782 1.5868724 1.5336716 1.4927002 1.4858020 1.4682131 1.6739071 1.6099105 1.6554487 1.6122065 1.6293794 1.5807838 1.6295645 1.5918913 1.5958288 1.6046620 1.6256582 1.4039813 1.4160173 1.5012108 1.3152483 1.3570230 1.3679684 1.4281328 1.3961765 1.6240406 0.8912761 0.0000000 0.8343707 0.8326477 0.8151896 0.9360623 0.8289723 0.8192941 0.9726607 1.4739843 1.4519950 1.4525658 1.8109458 
Heleophrynidae    1.3496773 1.3716046 1.4621857 1.4433057 1.3484129 1.3856401 1.3183801 1.3182472 1.3177782 1.3008008 1.3019970 1.3202304 1.2836935 1.3364590 1.3101605 1.2925980 1.2704093 1.2640251 1.3656837 1.3829874 1.3739434 1.3673384 1.3820627 1.3885459 1.3617877 1.3363635 1.3446751 1.3492620 1.4071511 1.1340615 1.1482362 1.2294206 1.0403833 1.0670582 1.1059320 1.1201275 1.1587967 1.3337514 0.6695568 0.8343707 0.0000000 0.3733444 0.3560665 0.4935312 0.3498533 0.3756904 0.7014709 1.2276581 1.1693768 1.1792831 1.5878468 
Leptodactylidae   1.3886641 1.3913323 1.4537873 1.4614312 1.3922854 1.4203248 1.3438928 1.3554400 1.3419225 1.3334333 1.3336829 1.3637786 1.3174431 1.3494957 1.3334483 1.2841669 1.2812142 1.2618376 1.4458980 1.4611120 1.4442556 1.4487955 1.4160262 1.4379629 1.4439417 1.4161455 1.4076370 1.4011457 1.4114711 1.1768483 1.1592312 1.2665107 1.0894801 1.1176512 1.1362928 1.1738073 1.2049229 1.3510430 0.6871555 0.8326477 0.3733444 0.0000000 0.1040356 0.4663078 0.3391371 0.3459671 0.7289968 1.2445969 1.1739217 1.1818167 1.5552409 
Strabomantidae    1.3884411 1.3781537 1.4519189 1.4592080 1.3787066 1.4240874 1.3260258 1.3416981 1.3217979 1.3367207 1.3314292 1.3660259 1.3048556 1.3453470 1.3389428 1.2864264 1.2892221 1.2674983 1.4419498 1.4292398 1.4187304 1.4243950 1.3956959 1.4262503 1.4391822 1.3959481 1.3796341 1.3917809 1.3927183 1.1607819 1.1565499 1.2639363 1.0782411 1.1030243 1.1259845 1.1750451 1.1918919 1.3408970 0.6669502 0.8151896 0.3560665 0.1040356 0.0000000 0.4554969 0.3337165 0.3335347 0.7137011 1.2330497 1.1678094 1.1687509 1.5591735 
Micrixalidae      1.4744991 1.4457958 1.5599974 1.5707497 1.4677961 1.4855648 1.4570757 1.4162052 1.4635476 1.4356213 1.4308576 1.4591743 1.4105146 1.4513942 1.4221300 1.4041276 1.3687378 1.3472562 1.5361037 1.5361788 1.5823054 1.5398260 1.5385280 1.5404832 1.5633298 1.5360201 1.5431263 1.5173146 1.5186205 1.3152362 1.3050323 1.4189211 1.1645790 1.2404581 1.2574247 1.2701413 1.3278452 1.4728979 0.8037690 0.9360623 0.4935312 0.4663078 0.4554969 0.0000000 0.3590367 0.3565430 0.8727609 1.4222271 1.3504952 1.3455848 1.7365271 
Hemisotidae       1.3558159 1.3720971 1.4281932 1.4463799 1.3498808 1.4080165 1.2989380 1.3072873 1.3331809 1.3248249 1.3117028 1.3361474 1.2972779 1.3378574 1.3010230 1.3160179 1.2977722 1.2840674 1.3856122 1.3942296 1.3834620 1.4017492 1.3863994 1.4134011 1.4000790 1.3753530 1.3811707 1.3763024 1.3820977 1.1687430 1.1304720 1.2541080 1.0247435 1.0841665 1.1113184 1.1503478 1.1496884 1.2960112 0.6566467 0.8289723 0.3498533 0.3391371 0.3337165 0.3590367 0.0000000 0.2366160 0.7044341 1.2472222 1.1728587 1.1734853 1.5495907 
Asterophryidae    1.3897076 1.3985423 1.4586492 1.4586082 1.3581016 1.4077156 1.3451756 1.3562072 1.3625608 1.3391970 1.3356859 1.3558819 1.3121496 1.3725679 1.3040486 1.3062273 1.3135958 1.2920387 1.3789903 1.3786364 1.3821712 1.3842277 1.3725629 1.4041953 1.3886185 1.3779683 1.3621951 1.3710008 1.3819123 1.1703429 1.1490602 1.2497608 1.0791929 1.1058723 1.1530319 1.1456871 1.1822951 1.3318612 0.6709288 0.8192941 0.3756904 0.3459671 0.3335347 0.3565430 0.2366160 0.0000000 0.7266398 1.2647955 1.1821301 1.1820843 1.6220639 
Caeciliidae2      1.2040364 1.1885429 1.3053852 1.3008579 1.2123893 1.2502229 1.1709680 1.1844373 1.1782042 1.1627966 1.1478051 1.1560841 1.1654714 1.1970140 1.1306210 1.1640390 1.1417668 1.1343381 1.2434333 1.2318357 1.2466598 1.2503915 1.2284405 1.2679813 1.2459706 1.2082591 1.2119386 1.2383471 1.2866420 1.0565188 1.0242017 1.1325344 0.9234945 0.9765950 1.0024378 1.0033198 0.9993396 1.2470195 0.6653217 0.9726607 0.7014709 0.7289968 0.7137011 0.8727609 0.7044341 0.7266398 0.0000000 1.1229264 1.0815814 1.0831275 1.4801434 
Polypteriformes   1.3641968 1.3360992 1.4331476 1.4135194 1.3966844 1.3530793 1.3076360 1.3118176 1.3113622 1.2992136 1.2930465 1.2958371 1.2965048 1.3311441 1.2590367 1.2944245 1.2480216 1.2696690 1.3401690 1.3596875 1.3682818 1.3613621 1.3522845 1.3739198 1.3411479 1.3833557 1.3466615 1.3586232 1.2899118 1.1634074 1.1374986 1.2634208 1.0775990 1.1320018 1.1213420 1.1957905 1.1344516 1.3007964 1.1939991 1.4739843 1.2276581 1.2445969 1.2330497 1.4222271 1.2472222 1.2647955 1.1229264 0.0000000 0.6206640 0.6184986 1.0219893 
Channichthyidae   1.2860902 1.2745188 1.3656503 1.3277942 1.2955494 1.2761511 1.2327832 1.2561484 1.2692715 1.2409209 1.2217616 1.2335437 1.2294658 1.2916868 1.2167914 1.2211696 1.1988225 1.2028938 1.3303771 1.3993083 1.3512555 1.3615315 1.3417006 1.3938962 1.3395376 1.3572609 1.3731045 1.3569788 1.3883554 1.1649769 1.0542368 1.2084855 0.9818829 1.0510898 1.0433244 1.1124408 1.0536516 1.2305856 1.1201279 1.4519950 1.1693768 1.1739217 1.1678094 1.3504952 1.1728587 1.1821301 1.0815814 0.6206640 0.0000000 0.0341031 1.0422551 
Pseudaphritidae   1.2880488 1.2697205 1.3601835 1.3325582 1.2930639 1.2688724 1.2279269 1.2500713 1.2589733 1.2286884 1.2134724 1.2283508 1.2182332 1.2771735 1.2185298 1.2251815 1.1996820 1.2056270 1.3406305 1.3923097 1.3588735 1.3638586 1.3418398 1.4045315 1.3490693 1.3724301 1.3826390 1.3644317 1.3733622 1.1422263 1.0553043 1.1907875 0.9926404 1.0440512 1.0445751 1.1155236 1.0635626 1.2407822 1.1253351 1.4525658 1.1792831 1.1818167 1.1687509 1.3455848 1.1734853 1.1820843 1.0831275 0.6184986 0.0341031 0.0000000 1.0261959 
Carcharhinidae    1.6970800 1.6871959 1.7862168 1.7954670 1.7060165 1.6474494 1.6585004 1.6659757 1.6499044 1.6105662 1.6125098 1.6588909 1.6201380 1.6581787 1.6359449 1.5729196 1.5771143 1.5669784 1.6744213 1.6983761 1.6778265 1.6647169 1.6699041 1.6606398 1.6692181 1.6828116 1.6898673 1.6759871 1.7242699 1.5280284 1.4736038 1.6210691 1.4283222 1.4096161 1.4794079 1.5306520 1.4524108 1.7427260 1.5542869 1.8109458 1.5878468 1.5552409 1.5591735 1.7365271 1.5495907 1.6220639 1.4801434 1.0219893 1.0422551 1.0261959 0.0000000 
