51
Pitheciidae       0.0000000 0.1525877 0.1784861 0.1769708 0.1302723 0.1663084 0.2402139 0.1594298 0.1836653 0.1763649 0.1629215 0.1938004 0.2011132 0.2379236 0.1653702 0.5900617 0.5244135 0.5260906 1.7978196 2.0016209 1.8854666 1.7606861 1.7792324 1.9881722 1.8539687 1.8855404 1.8153008 1.8327034 1.7823170 1.6470329 1.9243426 1.4487455 1.5694585 1.5070847 1.3558540 1.5315206 1.7567247 1.4255223 3.2089310 2.2826856 2.4967130 2.8702348 2.6579261 2.0542524 1.9673946 2.0140057 2.4579781 1.8622198 1.6861972 1.6984690 2.2404471 
Scandentia        0.1525877 0.0000000 0.1762927 0.1829025 0.1499737 0.1756821 0.2395195 0.1710012 0.1972048 0.1823029 0.1728399 0.1931538 0.2081844 0.2490353 0.1772780 0.5984660 0.5376502 0.5280000 1.8955768 2.0921695 1.9684345 1.8812097 1.8884091 2.0726559 1.9403518 1.9370986 1.8956121 1.9816617 1.8357273 1.6724030 1.8521893 1.4782602 1.5870206 1.5162554 1.3515959 1.5822644 1.7082538 1.3956863 3.3917780 2.3767659 2.4241195 2.9588901 2.6575517 2.0558202 2.0436466 2.0439771 2.2907974 1.8317032 1.6729696 1.6687195 2.2667745 
Erethizontidae    0.1784861 0.1762927 0.0000000 0.0672341 0.1445509 0.1771973 0.2429282 0.1889622 0.2071410 0.1957715 0.1949072 0.2237351 0.2297123 0.2699278 0.1902193 0.6204263 0.5665801 0.5596744 1.7986443 2.0111463 1.9781087 1.8620807 1.8546940 2.0058167 1.8865254 1.8778660 1.8094930 1.8937721 1.7769071 1.5719715 1.8369003 1.5076855 1.5852427 1.5141927 1.3977665 1.5157717 1.7345663 1.3916587 3.6016559 2.4907253 2.4234854 2.9811918 2.6075825 2.1593760 2.0898776 2.0757531 2.3214057 1.8409958 1.7002733 1.7034595 2.2499762 
Capromyidae       0.1769708 0.1829025 0.0672341 0.0000000 0.1471767 0.1793904 0.2592069 0.1926212 0.2192710 0.2037560 0.1976550 0.2277564 0.2313437 0.2642914 0.1929206 0.6086547 0.5622781 0.5560127 1.8463913 2.0407571 1.9974341 1.8841879 1.8893321 2.0556645 1.9182566 1.8776506 1.8142970 1.8870580 1.8059105 1.5904116 1.9236672 1.5210427 1.6381136 1.6115729 1.4614851 1.6106172 1.7763712 1.4354501 3.2968127 2.3678755 2.4063283 2.9696761 2.5743700 2.0996594 2.0262642 2.0425427 2.3593569 1.8478888 1.6920619 1.6950170 2.2763282 
Muridae           0.1302723 0.1499737 0.1445509 0.1471767 0.0000000 0.1279652 0.2215472 0.1410859 0.1699096 0.1606748 0.1512758 0.1773177 0.1956550 0.2277668 0.1514411 0.5728348 0.5185198 0.5291000 1.8716166 2.0309468 1.9531048 1.8131213 1.8511223 2.0499100 1.9320317 1.8788458 1.8461422 1.8747164 1.7816830 1.5810394 1.8848062 1.4663304 1.5324640 1.5192522 1.3812968 1.5303305 1.7003720 1.4033865 3.2792646 2.2630640 2.3337655 2.8918396 2.5552843 2.0107297 1.9563275 1.9924416 2.3050217 1.7399749 1.6699512 1.6897089 2.1983182 
Castoridae        0.1663084 0.1756821 0.1771973 0.1793904 0.1279652 0.0000000 0.2616819 0.1812336 0.2044719 0.1899986 0.1829288 0.2054516 0.2209823 0.2472420 0.1891970 0.5784815 0.5447558 0.5514343 2.0079624 2.1040486 2.0757763 1.8561354 1.8525030 2.0898304 2.0179284 1.9396102 1.8906240 1.9770294 1.8827927 1.6115060 1.9508874 1.5131008 1.5897109 1.5604786 1.4114421 1.5907331 1.7752948 1.4463561 3.1083587 2.3150809 2.3689148 3.0231303 2.5639000 2.0561401 2.0130176 2.0246676 2.4510283 1.8608933 1.6817646 1.7147317 2.2828544 
Suidae            0.2402139 0.2395195 0.2429282 0.2592069 0.2215472 0.2616819 0.0000000 0.1712043 0.1922822 0.2244164 0.2180268 0.2407187 0.2644798 0.2969758 0.2522244 0.6800669 0.6133552 0.6210965 1.9999771 2.0750827 2.0785943 1.9970177 1.9599444 2.1751004 2.0501620 2.0883646 1.9706272 1.9968859 1.8907873 1.6967688 2.0537666 1.5868939 1.6390903 1.6478085 1.5244926 1.6354672 1.8076611 1.5128434 3.2850309 2.3758989 2.5357424 2.9105818 2.6656181 2.1816355 2.0678217 2.0077112 2.4501857 1.8391696 1.7170762 1.7537979 2.4306149 
Hippopotamidae    0.1594298 0.1710012 0.1889622 0.1926212 0.1410859 0.1812336 0.1712043 0.0000000 0.1023814 0.1534076 0.1468996 0.1699118 0.1933445 0.2257476 0.1679630 0.6039215 0.5301260 0.5254175 2.0096799 2.0814673 1.9257666 1.9033763 1.9043393 2.1115007 1.9823877 1.9527752 1.8854086 1.9705585 1.8295870 1.5386121 1.8841012 1.5068793 1.5307940 1.4714798 1.3560032 1.5266726 1.6762925 1.3903045 3.2251838 2.2637927 2.3836581 2.7547055 2.5333929 2.0243946 1.9643852 2.0000200 2.4074518 1.8576435 1.6945153 1.7070199 2.2695099 
Hyperoodontidae   0.1836653 0.1972048 0.2071410 0.2192710 0.1699096 0.2044719 0.1922822 0.1023814 0.0000000 0.1816764 0.1739889 0.2043518 0.2169338 0.2611714 0.1857647 0.6174247 0.5404548 0.5456903 1.9042470 2.0068166 1.9277653 1.8720101 1.8584372 2.0929916 1.8878516 1.9262695 1.8759276 1.9026037 1.7923591 1.5853784 1.9954767 1.4835721 1.5341217 1.4589868 1.3378316 1.5140620 1.6824089 1.4103609 3.3062739 2.2925343 2.4142682 2.8340743 2.6242671 2.0600482 1.9343670 1.9925938 2.4592519 1.8309653 1.6899842 1.7196021 2.3169079 
Vespertilionidae  0.1763649 0.1823029 0.1957715 0.2037560 0.1606748 0.1899986 0.2244164 0.1534076 0.1816764 0.0000000 0.0774561 0.1296338 0.1981349 0.2325702 0.1903395 0.6159178 0.5616888 0.5681460 1.8403573 1.9830009 1.9013187 1.7959046 1.7527318 1.9452253 1.8294084 1.8224542 1.7928524 1.7773497 1.6876812 1.6142096 1.9256323 1.4742002 1.6029204 1.5610053 1.4153157 1.5234446 1.6659967 1.4117970 3.3469768 2.3842420 2.3889574 2.8180877 2.5388428 1.9998740 1.9854663 2.0265670 2.4073406 1.8510574 1.7199419 1.7408123 2.3722643 
Furipteridae      0.1629215 0.1728399 0.1949072 0.1976550 0.1512758 0.1829288 0.2180268 0.1468996 0.1739889 0.0774561 0.0000000 0.1205720 0.1893197 0.2192857 0.1707475 0.6178590 0.5478289 0.5573541 1.7977432 1.9254270 1.8481503 1.7363475 1.7487833 1.9677174 1.8286216 1.8325692 1.7576372 1.7953050 1.6900596 1.5884569 1.8929682 1.4477314 1.5313482 1.5069503 1.3635869 1.5845598 1.7339737 1.3845645 3.2957436 2.3036868 2.4107363 2.8025534 2.5532923 2.0148937 1.9714054 1.9969721 2.3524852 1.8471425 1.7362389 1.7471773 2.3563399 
Rhinolophidae     0.1938004 0.1931538 0.2237351 0.2277564 0.1773177 0.2054516 0.2407187 0.1699118 0.2043518 0.1296338 0.1205720 0.0000000 0.2211613 0.2496163 0.1988615 0.6231213 0.5494097 0.5514893 1.8846860 2.0162468 1.9570382 1.8749798 1.8030510 2.0496374 1.8733899 1.9215958 1.8614352 1.8550638 1.8563314 1.6157545 1.8623320 1.5317974 1.6077938 1.5733703 1.4499679 1.5794142 1.7924847 1.4355615 3.3585702 2.4193159 2.4631280 2.7715717 2.5633679 2.0505562 2.0072537 2.0569808 2.5032910 1.9365795 1.7148339 1.7456214 2.3388654 
Viverridae        0.2011132 0.2081844 0.2297123 0.2313437 0.1956550 0.2209823 0.2644798 0.1933445 0.2169338 0.1981349 0.1893197 0.2211613 0.0000000 0.1588403 0.2110283 0.6274514 0.5765144 0.5838705 1.8883896 2.1529559 1.9948794 1.8625924 1.8651017 2.0396146 1.9039820 1.9385721 1.8745063 1.8845922 1.8406202 1.6615419 1.8989651 1.5304479 1.5694807 1.5024481 1.3812338 1.5219956 1.7509463 1.4382717 3.2155269 2.3470829 2.4733818 2.7821586 2.5748137 2.0242640 1.9434971 1.9821585 2.3761148 1.9002524 1.7106659 1.7108692 2.2589212 
Procyonidae       0.2379236 0.2490353 0.2699278 0.2642914 0.2277668 0.2472420 0.2969758 0.2257476 0.2611714 0.2325702 0.2192857 0.2496163 0.1588403 0.0000000 0.2540978 0.6810192 0.6200422 0.6304394 1.9596372 2.1387093 2.0525135 1.9029998 1.8889622 2.1474229 2.0051805 2.0662905 1.9702758 1.9579548 1.9461411 1.7333274 2.0257705 1.5757743 1.5854608 1.6131615 1.4327816 1.5939182 1.7878967 1.5020508 3.4155412 2.4053515 2.4203393 2.8326305 2.5132581 2.0901590 1.9978721 1.9839250 2.5751711 1.9457723 1.8259231 1.8230466 2.3510031 
Myrmecophagidae   0.1653702 0.1772780 0.1902193 0.1929206 0.1514411 0.1891970 0.2522244 0.1679630 0.1857647 0.1903395 0.1707475 0.1988615 0.2110283 0.2540978 0.0000000 0.5738526 0.4896774 0.4876001 1.8785241 2.0369203 1.9959295 1.8925025 1.9201867 2.0049513 1.9187106 1.9768343 1.8744706 1.8983254 1.8151718 1.5722531 1.8740713 1.4701861 1.5310058 1.4445328 1.3477334 1.4694853 1.6592731 1.3856702 3.2051791 2.2683627 2.4152945 2.8391868 2.5746613 2.0494704 1.9440188 2.0182588 2.4102288 1.7759371 1.7047371 1.7300040 2.1807481 
Caluromyidae      0.5900617 0.5984660 0.6204263 0.6086547 0.5728348 0.5784815 0.6800669 0.6039215 0.6174247 0.6159178 0.6178590 0.6231213 0.6274514 0.6810192 0.5738526 0.0000000 0.2248025 0.2298417 2.1087399 2.1547508 2.1469103 1.9870260 2.1422641 2.1096615 2.0466127 2.0741177 1.9835514 2.0234642 1.9158677 1.6194415 1.9287373 1.5395774 1.5041135 1.4784668 1.4363690 1.5445735 1.6376260 1.4568307 3.0863794 2.2904759 2.4876504 3.0059257 2.8282282 2.1387356 2.0622416 2.1027271 2.5688738 1.8564306 1.8073134 1.8158081 2.2734865 
Thylacomyidae     0.5244135 0.5376502 0.5665801 0.5622781 0.5185198 0.5447558 0.6133552 0.5301260 0.5404548 0.5616888 0.5478289 0.5494097 0.5765144 0.6200422 0.4896774 0.2248025 0.0000000 0.1077004 2.1522730 2.2000800 2.1305926 1.9267118 2.0663101 2.1243736 2.0438739 2.0474197 1.9518607 2.0553300 1.9086060 1.5880345 1.8996260 1.5313822 1.5078171 1.4516992 1.3782125 1.4707879 1.6358223 1.4446295 2.8939440 2.4029955 2.6151716 3.0591153 2.6831575 2.1421700 2.0406858 2.0648576 2.6068273 1.8899136 1.7498857 1.7475285 2.2409483 
Phalangeridae     0.5260906 0.5280000 0.5596744 0.5560127 0.5291000 0.5514343 0.6210965 0.5254175 0.5456903 0.5681460 0.5573541 0.5514893 0.5838705 0.6304394 0.4876001 0.2298417 0.1077004 0.0000000 2.0553275 2.2007852 2.0751585 1.8879509 2.0627623 2.1181865 2.0451309 2.0014402 1.9256656 1.9453814 1.8622049 1.4950773 1.8783579 1.4550668 1.3838477 1.4055480 1.3437520 1.4421199 1.6288830 1.3641403 2.9627378 2.4156711 2.4651812 2.8744266 2.6429867 2.0610724 2.0633571 2.0352089 2.4987887 1.8657485 1.7276632 1.7293507 2.1905227 
Tityridae         1.7978196 1.8955768 1.7986443 1.8463913 1.8716166 2.0079624 1.9999771 2.0096799 1.9042470 1.8403573 1.7977432 1.8846860 1.8883896 1.9596372 1.8785241 2.1087399 2.1522730 2.0553275 0.0000000 0.7397659 0.6259332 0.5948370 0.6546436 0.6951590 0.6290511 0.5893198 0.5821216 0.5990047 0.6223597 1.1783205 1.7097780 1.2066862 1.6468163 1.5121718 1.5139523 1.5159099 1.7605095 1.4919138 2.9784541 2.6594653 2.7757082 3.0330553 3.1702656 2.2767043 2.2998477 2.0322056 2.3848498 2.2553473 1.9587348 2.0192715 2.4768676 
Ptilonorhynchidae 2.0016209 2.0921695 2.0111463 2.0407571 2.0309468 2.1040486 2.0750827 2.0814673 2.0068166 1.9830009 1.9254270 2.0162468 2.1529559 2.1387093 2.0369203 2.1547508 2.2000800 2.2007852 0.7397659 0.0000000 0.6057235 0.5915783 0.6365365 0.6702344 0.6276227 0.5701027 0.5385309 0.5704622 0.7753041 1.2865036 1.7672784 1.3025275 1.8005132 1.5703301 1.6548813 1.6631906 1.8363818 1.6136385 3.4107893 2.7472156 3.1269978 3.0066696 3.2245635 2.6311666 2.7620690 2.2681554 2.5584189 2.5483813 2.3603207 2.4584990 2.7108572 
Callaeatidae      1.8854666 1.9684345 1.9781087 1.9974341 1.9531048 2.0757763 2.0785943 1.9257666 1.9277653 1.9013187 1.8481503 1.9570382 1.9948794 2.0525135 1.9959295 2.1469103 2.1305926 2.0751585 0.6259332 0.6057235 0.0000000 0.3785330 0.4312732 0.4713196 0.4647295 0.3915796 0.3847887 0.3973856 0.6688224 1.2502392 1.6230414 1.2281887 1.5732481 1.4800820 1.4280891 1.4613816 1.7342300 1.4619111 3.0801977 2.5547651 2.6997442 2.7838252 3.3510195 2.3360686 2.4265326 2.1639110 2.4067897 2.2489244 2.0953543 2.1723659 2.6280232 
Monarchidae       1.7606861 1.8812097 1.8620807 1.8841879 1.8131213 1.8561354 1.9970177 1.9033763 1.8720101 1.7959046 1.7363475 1.8749798 1.8625924 1.9029998 1.8925025 1.9870260 1.9267118 1.8879509 0.5948370 0.5915783 0.3785330 0.0000000 0.2833212 0.4252852 0.4369273 0.3472129 0.3359750 0.3698027 0.6661517 1.2146844 1.6781736 1.2403849 1.6538900 1.4529855 1.4649060 1.4671317 1.7220881 1.4986590 3.4158973 2.5331096 3.0004416 2.8301926 3.5989548 2.2959676 2.3483337 2.0896985 2.5287613 2.2399089 2.1655820 2.2127202 2.5033938 
Malaconotidae     1.7792324 1.8884091 1.8546940 1.8893321 1.8511223 1.8525030 1.9599444 1.9043393 1.8584372 1.7527318 1.7487833 1.8030510 1.8651017 1.8889622 1.9201867 2.1422641 2.0663101 2.0627623 0.6546436 0.6365365 0.4312732 0.2833212 0.0000000 0.4661069 0.4789666 0.3947932 0.3722145 0.4024334 0.7019784 1.2356950 1.7465445 1.1908553 1.6022596 1.4512434 1.4671607 1.5019918 1.7091631 1.5338556 3.1372998 2.6831750 2.6220631 2.7390860 3.5484828 2.4069700 2.4245287 2.1480333 2.4691062 2.2706064 2.1941428 2.2796371 2.5778766 
Certhiidae        1.9881722 2.0726559 2.0058167 2.0556645 2.0499100 2.0898304 2.1751004 2.1115007 2.0929916 1.9452253 1.9677174 2.0496374 2.0396146 2.1474229 2.0049513 2.1096615 2.1243736 2.1181865 0.6951590 0.6702344 0.4713196 0.4252852 0.4661069 0.0000000 0.4216724 0.3349318 0.3480016 0.3806939 0.7223818 1.2183663 1.8353830 1.2671408 1.6226032 1.5512629 1.5562178 1.4948443 1.6680020 1.4726536 3.5463349 2.6132106 2.6824100 3.1493273 3.5173162 2.3915668 2.4089863 2.1261090 2.6269024 2.3327411 2.1665859 2.2123337 2.7369191 
Cinclidae         1.8539687 1.9403518 1.8865254 1.9182566 1.9320317 2.0179284 2.0501620 1.9823877 1.8878516 1.8294084 1.8286216 1.8733899 1.9039820 2.0051805 1.9187106 2.0466127 2.0438739 2.0451309 0.6290511 0.6276227 0.4647295 0.4369273 0.4789666 0.4216724 0.0000000 0.3370040 0.3137591 0.3715873 0.7467830 1.2961849 1.6353730 1.2685853 1.6384101 1.4987166 1.5285034 1.5327304 1.7501453 1.5482981 3.4996778 2.6187189 2.7120370 2.9562911 3.4836004 2.2815601 2.2620017 2.0417621 2.5489264 2.2437489 1.9578320 1.9921024 2.3247264 
Ploceidae         1.8855404 1.9370986 1.8778660 1.8776506 1.8788458 1.9396102 2.0883646 1.9527752 1.9262695 1.8224542 1.8325692 1.9215958 1.9385721 2.0662905 1.9768343 2.0741177 2.0474197 2.0014402 0.5893198 0.5701027 0.3915796 0.3472129 0.3947932 0.3349318 0.3370040 0.0000000 0.1466674 0.3018331 0.6195472 1.1929573 1.6299058 1.1992823 1.5931470 1.4645242 1.4746708 1.4586980 1.6593183 1.4005964 3.3718068 2.6239853 2.8029070 2.8151059 3.2902029 2.4038174 2.4140095 2.1497717 2.5466124 2.2043450 2.0079076 2.0520715 2.5829448 
Thraupidae        1.8153008 1.8956121 1.8094930 1.8142970 1.8461422 1.8906240 1.9706272 1.8854086 1.8759276 1.7928524 1.7576372 1.8614352 1.8745063 1.9702758 1.8744706 1.9835514 1.9518607 1.9256656 0.5821216 0.5385309 0.3847887 0.3359750 0.3722145 0.3480016 0.3137591 0.1466674 0.0000000 0.2833289 0.6405952 1.1908795 1.7137822 1.2197869 1.5874307 1.4527810 1.4712359 1.4566149 1.6995287 1.4616629 3.4258024 2.5866452 2.8011472 2.8904677 3.3489320 2.3363267 2.3609646 2.1173456 2.4545978 2.2109346 2.0418495 2.0835881 2.5547749 
Alaudidae         1.8327034 1.9816617 1.8937721 1.8870580 1.8747164 1.9770294 1.9968859 1.9705585 1.9026037 1.7773497 1.7953050 1.8550638 1.8845922 1.9579548 1.8983254 2.0234642 2.0553300 1.9453814 0.5990047 0.5704622 0.3973856 0.3698027 0.4024334 0.3806939 0.3715873 0.3018331 0.2833289 0.0000000 0.6456416 1.1895802 1.6810408 1.1909077 1.5525425 1.4558518 1.4327851 1.4560674 1.6777750 1.4617229 3.1791998 2.6705267 2.8731026 2.7625506 3.3067269 2.2749583 2.3651286 2.1215183 2.5371815 2.2366729 2.1063157 2.1696736 2.6657297 
Coraciiformes     1.7823170 1.8357273 1.7769071 1.8059105 1.7816830 1.8827927 1.8907873 1.8295870 1.7923591 1.6876812 1.6900596 1.8563314 1.8406202 1.9461411 1.8151718 1.9158677 1.9086060 1.8622049 0.6223597 0.7753041 0.6688224 0.6661517 0.7019784 0.7223818 0.7467830 0.6195472 0.6405952 0.6456416 0.0000000 1.2453824 1.5896795 1.1916660 1.5238700 1.4125280 1.4108562 1.4058450 1.5804296 1.3845566 2.9166081 2.3827247 2.6375624 2.7844951 2.9378038 2.1058190 2.1166994 1.9357695 2.3947878 2.0027741 1.8844066 1.9429051 2.4645273 
Crocodylidae      1.6470329 1.6724030 1.5719715 1.5904116 1.5810394 1.6115060 1.6967688 1.5386121 1.5853784 1.6142096 1.5884569 1.6157545 1.6615419 1.7333274 1.5722531 1.6194415 1.5880345 1.4950773 1.1783205 1.2865036 1.2502392 1.2146844 1.2356950 1.2183663 1.2961849 1.1929573 1.1908795 1.1895802 1.2453824 0.0000000 1.2166208 0.9299587 1.3045689 1.1870060 1.1697346 1.2525899 1.4743161 1.1682300 2.6656138 2.2811272 2.5524733 2.9477041 3.0359085 2.1754740 2.1957011 2.0904190 2.2604131 1.8315597 1.8657562 1.8881509 2.2581429 
Carettochelyidae  1.9243426 1.8521893 1.8369003 1.9236672 1.8848062 1.9508874 2.0537666 1.8841012 1.9954767 1.9256323 1.8929682 1.8623320 1.8989651 2.0257705 1.8740713 1.9287373 1.8996260 1.8783579 1.7097780 1.7672784 1.6230414 1.6781736 1.7465445 1.8353830 1.6353730 1.6299058 1.7137822 1.6810408 1.5896795 1.2166208 0.0000000 1.0305558 1.6899241 1.5915669 1.5897162 1.4863947 1.8338074 1.5570174 3.7461890 2.5902516 3.0140106 3.0673478 3.6206104 2.4724509 2.3440225 2.2668648 2.2061378 2.0531819 2.0939591 2.1497465 2.5563642 
Kinosternidae     1.4487455 1.4782602 1.5076855 1.5210427 1.4663304 1.5131008 1.5868939 1.5068793 1.4835721 1.4742002 1.4477314 1.5317974 1.5304479 1.5757743 1.4701861 1.5395774 1.5313822 1.4550668 1.2066862 1.3025275 1.2281887 1.2403849 1.1908553 1.2671408 1.2685853 1.1992823 1.2197869 1.1909077 1.1916660 0.9299587 1.0305558 0.0000000 1.2718551 1.1695274 1.1638406 1.1999338 1.4941306 1.1640206 2.5935005 2.1781805 2.5754237 2.8018365 2.8840572 2.1058187 2.1028587 1.9497239 2.2855686 1.6656821 1.6393137 1.6362983 2.2053487 
Anomalepididae    1.5694585 1.5870206 1.5852427 1.6381136 1.5324640 1.5897109 1.6390903 1.5307940 1.5341217 1.6029204 1.5313482 1.6077938 1.5694807 1.5854608 1.5310058 1.5041135 1.5078171 1.3838477 1.6468163 1.8005132 1.5732481 1.6538900 1.6022596 1.6226032 1.6384101 1.5931470 1.5874307 1.5525425 1.5238700 1.3045689 1.6899241 1.2718551 0.0000000 0.5359073 0.5139608 0.5925359 0.8424562 0.6498442 2.9069613 2.5342075 2.4027361 3.0147939 2.8180130 2.3217379 2.2839203 2.1516493 2.2729583 1.8275337 1.6794513 1.7212964 2.3497823 
Loxocemidae       1.5070847 1.5162554 1.5141927 1.6115729 1.5192522 1.5604786 1.6478085 1.4714798 1.4589868 1.5610053 1.5069503 1.5733703 1.5024481 1.6131615 1.4445328 1.4784668 1.4516992 1.4055480 1.5121718 1.5703301 1.4800820 1.4529855 1.4512434 1.5512629 1.4987166 1.4645242 1.4527810 1.4558518 1.4125280 1.1870060 1.5915669 1.1695274 0.5359073 0.0000000 0.2295999 0.5110539 0.7705387 0.6145187 2.9981679 2.3833056 2.2642379 2.7421861 2.6186643 2.0604771 2.1137924 1.9955266 2.0429358 1.7148596 1.6367931 1.6393577 2.1650568 
Natricidae        1.3558540 1.3515959 1.3977665 1.4614851 1.3812968 1.4114421 1.5244926 1.3560032 1.3378316 1.4153157 1.3635869 1.4499679 1.3812338 1.4327816 1.3477334 1.4363690 1.3782125 1.3437520 1.5139523 1.6548813 1.4280891 1.4649060 1.4671607 1.5562178 1.5285034 1.4746708 1.4712359 1.4327851 1.4108562 1.1697346 1.5897162 1.1638406 0.5139608 0.2295999 0.0000000 0.5212660 0.7374477 0.5767539 2.9709679 2.2868458 2.2723877 2.7836046 2.7365296 2.0846883 2.1669143 2.0814514 2.0231277 1.6691285 1.5901442 1.5814310 2.1773326 
Xenosauridae      1.5315206 1.5822644 1.5157717 1.6106172 1.5303305 1.5907331 1.6354672 1.5266726 1.5140620 1.5234446 1.5845598 1.5794142 1.5219956 1.5939182 1.4694853 1.5445735 1.4707879 1.4421199 1.5159099 1.6631906 1.4613816 1.4671317 1.5019918 1.4948443 1.5327304 1.4586980 1.4566149 1.4560674 1.4058450 1.2525899 1.4863947 1.1999338 0.5925359 0.5110539 0.5212660 0.0000000 0.8387486 0.6554884 3.4048676 2.5903363 2.4951789 2.9980863 2.8688893 2.2020129 2.2910229 2.0992240 2.2226709 1.7752266 1.6670618 1.7113661 2.2228410 
Teiidae           1.7567247 1.7082538 1.7345663 1.7763712 1.7003720 1.7752948 1.8076611 1.6762925 1.6824089 1.6659967 1.7339737 1.7924847 1.7509463 1.7878967 1.6592731 1.6376260 1.6358223 1.6288830 1.7605095 1.8363818 1.7342300 1.7220881 1.7091631 1.6680020 1.7501453 1.6593183 1.6995287 1.6777750 1.5804296 1.4743161 1.8338074 1.4941306 0.8424562 0.7705387 0.7374477 0.8387486 0.0000000 0.8637740 3.2007829 2.6664049 2.2166756 2.7843239 2.8479144 2.0456581 2.1388930 1.9479054 2.1550779 1.9252391 1.7998052 1.8782641 2.6972869 
Eublepharidae     1.4255223 1.3956863 1.3916587 1.4354501 1.4033865 1.4463561 1.5128434 1.3903045 1.4103609 1.4117970 1.3845645 1.4355615 1.4382717 1.5020508 1.3856702 1.4568307 1.4446295 1.3641403 1.4919138 1.6136385 1.4619111 1.4986590 1.5338556 1.4726536 1.5482981 1.4005964 1.4616629 1.4617229 1.3845566 1.1682300 1.5570174 1.1640206 0.6498442 0.6145187 0.5767539 0.6554884 0.8637740 0.0000000 3.0761888 2.3379926 2.0627955 2.2792767 2.3448209 1.9036501 1.8643514 1.7664121 2.1816187 1.5686868 1.5335272 1.5148463 2.1853759 
Dicamptodontidae  3.2089310 3.3917780 3.6016559 3.2968127 3.2792646 3.1083587 3.2850309 3.2251838 3.3062739 3.3469768 3.2957436 3.3585702 3.2155269 3.4155412 3.2051791 3.0863794 2.8939440 2.9627378 2.9784541 3.4107893 3.0801977 3.4158973 3.1372998 3.5463349 3.4996778 3.3718068 3.4258024 3.1791998 2.9166081 2.6656138 3.7461890 2.5935005 2.9069613 2.9981679 2.9709679 3.4048676 3.2007829 3.0761888 0.0000000 2.7060689 2.6815084 3.6078747 3.5834031 2.6669206 2.5840661 2.4559862 2.8663529 2.6936834 2.6036358 2.6727892 3.2368473 
Alytidae          2.2826856 2.3767659 2.4907253 2.3678755 2.2630640 2.3150809 2.3758989 2.2637927 2.2925343 2.3842420 2.3036868 2.4193159 2.3470829 2.4053515 2.2683627 2.2904759 2.4029955 2.4156711 2.6594653 2.7472156 2.5547651 2.5331096 2.6831750 2.6132106 2.6187189 2.6239853 2.5866452 2.6705267 2.3827247 2.2811272 2.5902516 2.1781805 2.5342075 2.3833056 2.2868458 2.5903363 2.6664049 2.3379926 2.7060689 0.0000000 1.8375847 2.5292474 2.3815528 1.5847815 1.6221472 1.4677726 2.3754772 2.0022946 1.8427309 1.8127872 2.3040297 
Heleophrynidae    2.4967130 2.4241195 2.4234854 2.4063283 2.3337655 2.3689148 2.5357424 2.3836581 2.4142682 2.3889574 2.4107363 2.4631280 2.4733818 2.4203393 2.4152945 2.4876504 2.6151716 2.4651812 2.7757082 3.1269978 2.6997442 3.0004416 2.6220631 2.6824100 2.7120370 2.8029070 2.8011472 2.8731026 2.6375624 2.5524733 3.0140106 2.5754237 2.4027361 2.2642379 2.2723877 2.4951789 2.2166756 2.0627955 2.6815084 1.8375847 0.0000000 1.8868358 1.7659049 0.8984150 0.9693486 0.9108476 2.1471842 2.1425023 2.0274503 2.0609267 3.0250112 
Leptodactylidae   2.8702348 2.9588901 2.9811918 2.9696761 2.8918396 3.0231303 2.9105818 2.7547055 2.8340743 2.8180877 2.8025534 2.7715717 2.7821586 2.8326305 2.8391868 3.0059257 3.0591153 2.8744266 3.0330553 3.0066696 2.7838252 2.8301926 2.7390860 3.1493273 2.9562911 2.8151059 2.8904677 2.7625506 2.7844951 2.9477041 3.0673478 2.8018365 3.0147939 2.7421861 2.7836046 2.9980863 2.7843239 2.2792767 3.6078747 2.5292474 1.8868358 0.0000000 1.1322341 1.4174079 1.4914168 1.3997807 2.9617305 2.6095947 2.5423837 2.5463436 3.3290841 
Strabomantidae    2.6579261 2.6575517 2.6075825 2.5743700 2.5552843 2.5639000 2.6656181 2.5333929 2.6242671 2.5388428 2.5532923 2.5633679 2.5748137 2.5132581 2.5746613 2.8282282 2.6831575 2.6429867 3.1702656 3.2245635 3.3510195 3.5989548 3.5484828 3.5173162 3.4836004 3.2902029 3.3489320 3.3067269 2.9378038 3.0359085 3.6206104 2.8840572 2.8180130 2.6186643 2.7365296 2.8688893 2.8479144 2.3448209 3.5834031 2.3815528 1.7659049 1.1322341 0.0000000 1.3782884 1.4896736 1.4413355 3.1490503 2.8044966 2.5641600 2.4809139 2.9245992 
Micrixalidae      2.0542524 2.0558202 2.1593760 2.0996594 2.0107297 2.0561401 2.1816355 2.0243946 2.0600482 1.9998740 2.0148937 2.0505562 2.0242640 2.0901590 2.0494704 2.1387356 2.1421700 2.0610724 2.2767043 2.6311666 2.3360686 2.2959676 2.4069700 2.3915668 2.2815601 2.4038174 2.3363267 2.2749583 2.1058190 2.1754740 2.4724509 2.1058187 2.3217379 2.0604771 2.0846883 2.2020129 2.0456581 1.9036501 2.6669206 1.5847815 0.8984150 1.4174079 1.3782884 0.0000000 0.3564070 0.3316681 2.0338479 2.0941284 1.9319042 1.9267945 2.7327845 
Hemisotidae       1.9673946 2.0436466 2.0898776 2.0262642 1.9563275 2.0130176 2.0678217 1.9643852 1.9343670 1.9854663 1.9714054 2.0072537 1.9434971 1.9978721 1.9440188 2.0622416 2.0406858 2.0633571 2.2998477 2.7620690 2.4265326 2.3483337 2.4245287 2.4089863 2.2620017 2.4140095 2.3609646 2.3651286 2.1166994 2.1957011 2.3440225 2.1028587 2.2839203 2.1137924 2.1669143 2.2910229 2.1388930 1.8643514 2.5840661 1.6221472 0.9693486 1.4914168 1.4896736 0.3564070 0.0000000 0.3245524 1.8842549 1.9693624 1.8866554 1.8938587 2.5284796 
Asterophryidae    2.0140057 2.0439771 2.0757531 2.0425427 1.9924416 2.0246676 2.0077112 2.0000200 1.9925938 2.0265670 1.9969721 2.0569808 1.9821585 1.9839250 2.0182588 2.1027271 2.0648576 2.0352089 2.0322056 2.2681554 2.1639110 2.0896985 2.1480333 2.1261090 2.0417621 2.1497717 2.1173456 2.1215183 1.9357695 2.0904190 2.2668648 1.9497239 2.1516493 1.9955266 2.0814514 2.0992240 1.9479054 1.7664121 2.4559862 1.4677726 0.9108476 1.3997807 1.4413355 0.3316681 0.3245524 0.0000000 1.8316526 2.1192980 2.0219616 2.0007051 2.6313035 
Caeciliidae2      2.4579781 2.2907974 2.3214057 2.3593569 2.3050217 2.4510283 2.4501857 2.4074518 2.4592519 2.4073406 2.3524852 2.5032910 2.3761148 2.5751711 2.4102288 2.5688738 2.6068273 2.4987887 2.3848498 2.5584189 2.4067897 2.5287613 2.4691062 2.6269024 2.5489264 2.5466124 2.4545978 2.5371815 2.3947878 2.2604131 2.2061378 2.2855686 2.2729583 2.0429358 2.0231277 2.2226709 2.1550779 2.1816187 2.8663529 2.3754772 2.1471842 2.9617305 3.1490503 2.0338479 1.8842549 1.8316526 0.0000000 2.4478111 2.2522302 2.3506130 2.7985782 
Polypteriformes   1.8622198 1.8317032 1.8409958 1.8478888 1.7399749 1.8608933 1.8391696 1.8576435 1.8309653 1.8510574 1.8471425 1.9365795 1.9002524 1.9457723 1.7759371 1.8564306 1.8899136 1.8657485 2.2553473 2.5483813 2.2489244 2.2399089 2.2706064 2.3327411 2.2437489 2.2043450 2.2109346 2.2366729 2.0027741 1.8315597 2.0531819 1.6656821 1.8275337 1.7148596 1.6691285 1.7752266 1.9252391 1.5686868 2.6936834 2.0022946 2.1425023 2.6095947 2.8044966 2.0941284 1.9693624 2.1192980 2.4478111 0.0000000 0.9817381 0.9751071 1.7743754 
Channichthyidae   1.6861972 1.6729696 1.7002733 1.6920619 1.6699512 1.6817646 1.7170762 1.6945153 1.6899842 1.7199419 1.7362389 1.7148339 1.7106659 1.8259231 1.7047371 1.8073134 1.7498857 1.7276632 1.9587348 2.3603207 2.0953543 2.1655820 2.1941428 2.1665859 1.9578320 2.0079076 2.0418495 2.1063157 1.8844066 1.8657562 2.0939591 1.6393137 1.6794513 1.6367931 1.5901442 1.6670618 1.7998052 1.5335272 2.6036358 1.8427309 2.0274503 2.5423837 2.5641600 1.9319042 1.8866554 2.0219616 2.2522302 0.9817381 0.0000000 0.0603714 1.5058419 
Pseudaphritidae   1.6984690 1.6687195 1.7034595 1.6950170 1.6897089 1.7147317 1.7537979 1.7070199 1.7196021 1.7408123 1.7471773 1.7456214 1.7108692 1.8230466 1.7300040 1.8158081 1.7475285 1.7293507 2.0192715 2.4584990 2.1723659 2.2127202 2.2796371 2.2123337 1.9921024 2.0520715 2.0835881 2.1696736 1.9429051 1.8881509 2.1497465 1.6362983 1.7212964 1.6393577 1.5814310 1.7113661 1.8782641 1.5148463 2.6727892 1.8127872 2.0609267 2.5463436 2.4809139 1.9267945 1.8938587 2.0007051 2.3506130 0.9751071 0.0603714 0.0000000 1.5188691 
Carcharhinidae    2.2404471 2.2667745 2.2499762 2.2763282 2.1983182 2.2828544 2.4306149 2.2695099 2.3169079 2.3722643 2.3563399 2.3388654 2.2589212 2.3510031 2.1807481 2.2734865 2.2409483 2.1905227 2.4768676 2.7108572 2.6280232 2.5033938 2.5778766 2.7369191 2.3247264 2.5829448 2.5547749 2.6657297 2.4645273 2.2581429 2.5563642 2.2053487 2.3497823 2.1650568 2.1773326 2.2228410 2.6972869 2.1853759 3.2368473 2.3040297 3.0250112 3.3290841 2.9245992 2.7327845 2.5284796 2.6313035 2.7985782 1.7743754 1.5058419 1.5188691 0.0000000 
