51
Pitheciidae       0.0000000 0.0989693 0.0977866 0.1100907 0.1052380 0.0893815 0.1088765 0.1268143 0.1188627 0.1224846 0.1208762 0.1325380 0.0955763 0.1011909 0.1166112 0.3098165 0.2851995 0.2754370 0.7472502 0.7904202 0.7427337 0.7199850 0.7312190 0.7775379 0.7624480 0.7183140 0.7398756 0.7664559 0.7393555 0.9015152 0.7800852 1.0031307 1.1009092 0.9766945 1.0391867 1.0908849 1.0217447 0.8959288 0.6893543 0.8870611 1.0591965 1.4249770 1.4515490 1.0249559 1.1426523 1.0536035 0.7460104 1.9835672 1.9302924 1.9025809 1.3697181 
Scandentia        0.0989693 0.0000000 0.0725068 0.0811494 0.0813126 0.0634735 0.0907691 0.0968012 0.0971460 0.1008021 0.1038439 0.1005184 0.0857415 0.0819366 0.0983782 0.2903073 0.2487267 0.2479972 0.6806237 0.7402258 0.7074233 0.6798885 0.6968109 0.7185008 0.7329945 0.6903265 0.7165714 0.7195691 0.7566291 0.8526151 0.7601697 0.9071856 1.0915318 0.9705182 0.9300747 1.0572643 1.0102162 0.8857186 0.6782991 0.9189788 1.0594765 1.4009972 1.4319607 1.0584849 1.1298211 1.0560660 0.7191007 1.8855531 1.8986284 1.8873313 1.3100741 
Erethizontidae    0.0977866 0.0725068 0.0000000 0.0312953 0.0623281 0.0521372 0.0863755 0.0864131 0.0834874 0.0918509 0.1010608 0.0943751 0.0695185 0.0716039 0.0879590 0.2702427 0.2296911 0.2337144 0.6983708 0.7412481 0.6994382 0.6804247 0.6974780 0.7307869 0.7226798 0.7104560 0.7199594 0.7229858 0.7339979 0.8574763 0.7613465 0.9486098 1.1003232 0.9855811 0.9417694 1.0968520 1.0284690 0.8405232 0.6731503 0.8755911 1.0872480 1.4413793 1.4980609 1.0623525 1.1516409 1.0595425 0.7236200 1.9760457 1.9713466 1.9536138 1.3315751 
Capromyidae       0.1100907 0.0811494 0.0312953 0.0000000 0.0737801 0.0604732 0.0952559 0.1015396 0.0923422 0.1007469 0.1100822 0.1019340 0.0781121 0.0803023 0.0937661 0.2882091 0.2460999 0.2478039 0.7013724 0.7443978 0.7139988 0.6721098 0.6918431 0.7223599 0.7256831 0.6964160 0.7057009 0.7260445 0.7371493 0.8559053 0.7554128 0.9370672 1.0636532 0.9806373 0.9493104 1.0864623 1.0334586 0.8522771 0.6759676 0.8923462 1.0708686 1.4536094 1.5090478 1.0503182 1.1665244 1.0627411 0.7150875 1.9831405 1.9750165 1.9649098 1.3563950 
Muridae           0.1052380 0.0813126 0.0623281 0.0737801 0.0000000 0.0547979 0.0922110 0.0922479 0.0893081 0.1022512 0.1021711 0.1019851 0.0751780 0.0773306 0.0815931 0.2766411 0.2420998 0.2314451 0.6803338 0.7399393 0.7038627 0.6796015 0.6880048 0.7268731 0.7327155 0.6925731 0.7102831 0.7218436 0.7301145 0.8145110 0.7478513 0.9067982 1.0975308 0.9619318 0.9614413 1.1004869 1.0490869 0.8653918 0.6293466 0.9044732 1.0498487 1.4311815 1.4640153 1.0518341 1.1252547 1.0499092 0.7499404 1.9673263 1.9560620 1.9355776 1.3955764 
Castoridae        0.0893815 0.0634735 0.0521372 0.0604732 0.0547979 0.0000000 0.0753085 0.0827320 0.0754474 0.0881191 0.0910808 0.0846423 0.0647227 0.0609199 0.0768405 0.2694501 0.2290700 0.2307427 0.6689530 0.6997641 0.6723686 0.6433733 0.6599352 0.6951761 0.7042456 0.6647696 0.6819506 0.6933285 0.7270998 0.8339076 0.7200703 0.9016368 1.0897932 0.9666257 0.9355968 1.0673817 1.0196659 0.8666186 0.6179898 0.8963009 1.0154018 1.4361527 1.4313232 1.0332810 1.1509405 1.0455860 0.7229243 1.9129491 1.9744883 1.9576501 1.3928638 
Suidae            0.1088765 0.0907691 0.0863755 0.0952559 0.0922110 0.0753085 0.0000000 0.0680779 0.0638585 0.0947959 0.1009196 0.0944403 0.0694212 0.0670026 0.1033867 0.2854855 0.2469116 0.2426770 0.6572501 0.6961582 0.6578828 0.6403246 0.6567423 0.6804566 0.7064102 0.6563794 0.6567409 0.6679036 0.6957447 0.8515271 0.7231770 0.9239358 1.0581315 0.9099696 0.9859285 1.0797699 1.0508536 0.8309522 0.6668193 0.8582070 1.0073623 1.4433230 1.4810158 1.0920415 1.1228322 1.0660949 0.7339324 1.9535190 1.9118776 1.8575613 1.2835310 
Hippopotamidae    0.1268143 0.0968012 0.0864131 0.1015396 0.0922479 0.0827320 0.0680779 0.0000000 0.0578964 0.0977244 0.1007507 0.0957374 0.0781682 0.0773511 0.1066022 0.3006164 0.2573185 0.2572690 0.6664159 0.7283003 0.6869207 0.6600976 0.6684361 0.7125344 0.7186344 0.6762731 0.6852344 0.7078493 0.7156429 0.8472016 0.7512138 0.9071830 1.1033983 0.8971176 0.9983609 1.0549201 0.9887575 0.8419813 0.6925260 0.9234262 1.0340423 1.4129450 1.4552887 1.0862644 1.1285309 1.0716982 0.7291019 1.9656690 1.8737055 1.8660975 1.3565958 
Hyperoodontidae   0.1188627 0.0971460 0.0834874 0.0923422 0.0893081 0.0754474 0.0638585 0.0578964 0.0000000 0.0841966 0.0857325 0.0898613 0.0724938 0.0716347 0.1035882 0.2900263 0.2517662 0.2517188 0.6644640 0.7096896 0.6678739 0.6413726 0.6580955 0.6849763 0.7001679 0.6520116 0.6750020 0.6977981 0.6792751 0.8478276 0.7465258 0.9420672 1.0871509 0.9502528 1.0101570 1.0496371 1.0696120 0.8507708 0.6682562 0.9032735 1.0370248 1.4811440 1.5006152 1.0901713 1.1381277 1.0687529 0.7486949 1.9647744 1.8717936 1.8705367 1.3641667 
Vespertilionidae  0.1224846 0.1008021 0.0918509 0.1007469 0.1022512 0.0881191 0.0947959 0.0977244 0.0841966 0.0000000 0.0670721 0.0753942 0.0821246 0.0843558 0.1072311 0.2880877 0.2589104 0.2606210 0.6648291 0.6892013 0.6598113 0.6343774 0.6505165 0.6846952 0.6885354 0.6502080 0.6668259 0.6945324 0.6902755 0.8407952 0.7440844 0.8816298 1.0744310 0.9573088 0.9858498 1.0802852 1.0066533 0.8297204 0.6666389 0.8960102 1.0154889 1.3796679 1.4063183 1.0321385 1.0948320 1.0243286 0.7000367 1.9328517 1.9041448 1.8962885 1.3173578 
Furipteridae      0.1208762 0.1038439 0.1010608 0.1100822 0.1021711 0.0910808 0.1009196 0.1007507 0.0857325 0.0670721 0.0000000 0.0783166 0.0864692 0.0873240 0.1184414 0.2978438 0.2526643 0.2628557 0.6737515 0.7069998 0.6772210 0.6509480 0.6674581 0.7025399 0.7087635 0.6751999 0.6756644 0.6842920 0.6970333 0.8424933 0.7185753 0.8814073 1.0726713 0.9299833 0.9712473 1.0640908 0.9937633 0.8391202 0.6445404 0.9187958 1.0840227 1.4374423 1.4579099 1.0873723 1.1289787 1.0367451 0.7387448 1.9362540 1.9243139 1.9166169 1.3620277 
Rhinolophidae     0.1325380 0.1005184 0.0943751 0.1019340 0.1019851 0.0846423 0.0944403 0.0957374 0.0898613 0.0753942 0.0783166 0.0000000 0.0770417 0.0808290 0.1134632 0.2994833 0.2441028 0.2647223 0.6447705 0.6553841 0.6197636 0.6005105 0.6166660 0.6505755 0.6660690 0.6328582 0.6413008 0.6498045 0.6905169 0.8525350 0.7038508 0.9008747 1.0603901 0.9426148 0.9698718 1.0808916 1.0093821 0.8562346 0.7004836 0.9576321 1.0563067 1.4113708 1.4427039 1.0658812 1.1318369 1.0900327 0.7239301 1.9425541 1.9520881 1.9348990 1.3712748 
Viverridae        0.0955763 0.0857415 0.0695185 0.0781121 0.0751780 0.0647227 0.0694212 0.0781682 0.0724938 0.0821246 0.0864692 0.0770417 0.0000000 0.0327160 0.0919728 0.2848127 0.2407417 0.2465779 0.6716755 0.7124568 0.6837028 0.6570221 0.6652991 0.7039442 0.7114971 0.6788711 0.6963733 0.7105100 0.7063762 0.8494769 0.7476674 0.9317890 1.0866176 0.9384324 0.9791510 1.0921625 1.0197729 0.8467399 0.6562072 0.9298841 1.0178952 1.4360078 1.4848918 1.0603905 1.1429656 1.0739220 0.7677540 1.9387673 1.9323420 1.9192425 1.3296515 
Procyonidae       0.1011909 0.0819366 0.0716039 0.0803023 0.0773306 0.0609199 0.0670026 0.0773511 0.0716347 0.0843558 0.0873240 0.0808290 0.0327160 0.0000000 0.0927047 0.2843192 0.2397507 0.2331693 0.6993370 0.7321748 0.7031455 0.6839062 0.6838709 0.7102466 0.7283764 0.6917484 0.7097590 0.7241994 0.7263667 0.8673732 0.7760551 0.9403695 1.0748578 0.9510064 0.9969589 1.1057678 0.9928638 0.8462628 0.6778655 0.9087883 1.0219184 1.4468177 1.4643523 1.0853833 1.1545160 1.0705504 0.7464253 1.9512333 1.9527351 1.9431261 1.3420464 
Myrmecophagidae   0.1166112 0.0983782 0.0879590 0.0937661 0.0815931 0.0768405 0.1033867 0.1066022 0.1035882 0.1072311 0.1184414 0.1134632 0.0919728 0.0927047 0.0000000 0.2799056 0.2384221 0.2336177 0.6726299 0.7152881 0.6815778 0.6524480 0.6550552 0.7019941 0.7056369 0.6657449 0.6746237 0.6919859 0.7166169 0.8438627 0.7404543 0.9736725 1.1100354 0.9624099 1.0025375 1.1112050 1.0542145 0.8639865 0.6741781 0.9353806 1.0505418 1.4836614 1.5188711 1.0224562 1.1230820 1.0549363 0.6944555 2.0099482 1.9580838 1.9484272 1.3279395 
Caluromyidae      0.3098165 0.2903073 0.2702427 0.2882091 0.2766411 0.2694501 0.2854855 0.3006164 0.2900263 0.2880877 0.2978438 0.2994833 0.2848127 0.2843192 0.2799056 0.0000000 0.1729697 0.1567111 0.7093248 0.7532679 0.7194322 0.6886062 0.7031250 0.7289286 0.7284192 0.7016658 0.7110253 0.7226911 0.7604092 0.7985877 0.7977161 0.9211665 1.1290282 1.0017933 1.0108079 1.1553562 1.0592210 0.7871766 0.6912690 0.8820264 1.1319336 1.4551093 1.4892517 1.1545474 1.1804316 1.0448763 0.8216810 1.9972500 1.9737033 1.9961734 1.4416585 
Thylacomyidae     0.2851995 0.2487267 0.2296911 0.2460999 0.2420998 0.2290700 0.2469116 0.2573185 0.2517662 0.2589104 0.2526643 0.2441028 0.2407417 0.2397507 0.2384221 0.1729697 0.0000000 0.1215994 0.7371924 0.7487244 0.7326705 0.6846261 0.7015739 0.7524917 0.7525978 0.7145185 0.7004379 0.7210411 0.7974709 0.8040909 0.8450333 0.9598402 1.0872404 1.0381220 1.0097140 1.1140093 0.9813491 0.8783164 0.6930199 0.8864551 1.0288861 1.4845416 1.4970254 1.0917649 1.1909513 1.0145913 0.7780916 1.9751408 1.9904221 1.9786518 1.3627499 
Phalangeridae     0.2754370 0.2479972 0.2337144 0.2478039 0.2314451 0.2307427 0.2426770 0.2572690 0.2517188 0.2606210 0.2628557 0.2647223 0.2465779 0.2331693 0.2336177 0.1567111 0.1215994 0.0000000 0.7385358 0.7499602 0.7280139 0.7032312 0.6947588 0.7449427 0.7451401 0.6992498 0.7057771 0.7199086 0.7771168 0.7954909 0.8227871 0.9265672 1.0922388 0.9735206 1.0281169 1.1020759 1.0407323 0.8068567 0.6713952 0.8815406 1.0306155 1.4802778 1.4737357 1.0224613 1.1770854 0.9692839 0.7689937 2.0042426 1.9525704 1.9547742 1.3879357 
Tityridae         0.7472502 0.6806237 0.6983708 0.7013724 0.6803338 0.6689530 0.6572501 0.6664159 0.6644640 0.6648291 0.6737515 0.6447705 0.6716755 0.6993370 0.6726299 0.7093248 0.7371924 0.7385358 0.0000000 0.0697105 0.0716777 0.0668214 0.0728615 0.0716843 0.0756593 0.0834478 0.0785216 0.0800455 0.0976720 0.4657805 0.4176568 0.5146770 0.8503431 0.8165429 0.8619333 0.8267633 0.8905682 0.6248366 0.6775680 0.8522148 1.0712058 1.5428901 1.5774014 1.1369302 1.1292095 1.1174080 0.8065941 1.8795645 1.9457490 1.8373409 1.3668858 
Ptilonorhynchidae 0.7904202 0.7402258 0.7412481 0.7443978 0.7399393 0.6997641 0.6961582 0.7283003 0.7096896 0.6892013 0.7069998 0.6553841 0.7124568 0.7321748 0.7152881 0.7532679 0.7487244 0.7499602 0.0697105 0.0000000 0.0595485 0.0521777 0.0593617 0.0481516 0.0548093 0.0666559 0.0722545 0.0577189 0.1178371 0.4619984 0.4202265 0.5217713 0.7742881 0.7986625 0.8828486 0.7792053 0.8888469 0.6686059 0.7370929 0.8902480 1.1558590 1.5699162 1.6106027 1.1694855 1.2387042 1.1589564 0.8684598 1.9333559 2.0081703 1.8939401 1.4128703 
Callaeatidae      0.7427337 0.7074233 0.6994382 0.7139988 0.7038627 0.6723686 0.6578828 0.6869207 0.6678739 0.6598113 0.6772210 0.6197636 0.6837028 0.7031455 0.6815778 0.7194322 0.7326705 0.7280139 0.0716777 0.0595485 0.0000000 0.0412217 0.0525771 0.0585053 0.0566885 0.0729645 0.0800702 0.0609316 0.1138304 0.4696229 0.4291906 0.5302457 0.8473056 0.7854868 0.8523991 0.8159594 0.8837967 0.6332904 0.7231725 0.8716504 1.1752392 1.5611175 1.5790107 1.1573783 1.1988591 1.1409223 0.9090042 1.9024701 2.0108896 1.8994721 1.4188501 
Monarchidae       0.7199850 0.6798885 0.6804247 0.6721098 0.6796015 0.6433733 0.6403246 0.6600976 0.6413726 0.6343774 0.6509480 0.6005105 0.6570221 0.6839062 0.6524480 0.6886062 0.6846261 0.7032312 0.0668214 0.0521777 0.0412217 0.0000000 0.0274009 0.0511054 0.0521920 0.0623965 0.0723061 0.0563842 0.1149334 0.4495486 0.4083360 0.5218437 0.7819942 0.7876773 0.8436012 0.7944687 0.8798012 0.6136853 0.6769306 0.8455760 1.1267949 1.4840860 1.5420532 1.1263715 1.1986724 1.1413043 0.8783698 1.8866254 1.9653635 1.8625592 1.4136927 
Malaconotidae     0.7312190 0.6968109 0.6974780 0.6918431 0.6880048 0.6599352 0.6567423 0.6684361 0.6580955 0.6505165 0.6674581 0.6166660 0.6652991 0.6838709 0.6550552 0.7031250 0.7015739 0.6947588 0.0728615 0.0593617 0.0525771 0.0274009 0.0000000 0.0554415 0.0549502 0.0668336 0.0798112 0.0636290 0.1199596 0.4535495 0.4200523 0.5286230 0.7728969 0.7937989 0.8529185 0.7985005 0.8590249 0.6438037 0.7007159 0.8748062 1.1163257 1.4822146 1.5342178 1.1263715 1.1854190 1.1346661 0.8851437 1.8580141 1.9313882 1.8315122 1.3674726 
Certhiidae        0.7775379 0.7185008 0.7307869 0.7223599 0.7268731 0.6951761 0.6804566 0.7125344 0.6849763 0.6846952 0.7025399 0.6505755 0.7039442 0.7102466 0.7019941 0.7289286 0.7524917 0.7449427 0.0716843 0.0481516 0.0585053 0.0511054 0.0554415 0.0000000 0.0496218 0.0583093 0.0667964 0.0495133 0.1171054 0.4715541 0.4309177 0.5374618 0.7848439 0.8132739 0.8831976 0.7838128 0.8800529 0.6418207 0.7417725 0.8806172 1.1392932 1.5739844 1.6042754 1.1855454 1.2215099 1.1952075 0.9024233 1.9465774 2.0088504 1.8978122 1.4409777 
Cinclidae         0.7624480 0.7329945 0.7226798 0.7256831 0.7327155 0.7042456 0.7064102 0.7186344 0.7001679 0.6885354 0.7087635 0.6660690 0.7114971 0.7283764 0.7056369 0.7284192 0.7525978 0.7451401 0.0756593 0.0548093 0.0566885 0.0521920 0.0549502 0.0496218 0.0000000 0.0579883 0.0678134 0.0548882 0.1193810 0.4811883 0.4287784 0.5380019 0.7847574 0.7678573 0.8620031 0.8275188 0.8686773 0.6300178 0.7350731 0.8430076 1.1191300 1.5613585 1.5451604 1.1476498 1.1919978 1.1541115 0.8835194 1.8767572 1.9666780 1.8600581 1.3586259 
Ploceidae         0.7183140 0.6903265 0.7104560 0.6964160 0.6925731 0.6647696 0.6563794 0.6762731 0.6520116 0.6502080 0.6751999 0.6328582 0.6788711 0.6917484 0.6657449 0.7016658 0.7145185 0.6992498 0.0834478 0.0666559 0.0729645 0.0623965 0.0668336 0.0583093 0.0579883 0.0000000 0.0607689 0.0622316 0.1298771 0.4722732 0.4295850 0.5491998 0.8203745 0.7956431 0.8609830 0.8031949 0.8735821 0.6194823 0.7229098 0.8321405 1.0819821 1.5477432 1.5678257 1.1179102 1.1961357 1.1418744 0.8732679 1.8445989 1.9353217 1.8334606 1.3896749 
Thraupidae        0.7398756 0.7165714 0.7199594 0.7057009 0.7102831 0.6819506 0.6567409 0.6852344 0.6750020 0.6668259 0.6756644 0.6413008 0.6963733 0.7097590 0.6746237 0.7110253 0.7004379 0.7057771 0.0785216 0.0722545 0.0800702 0.0723061 0.0798112 0.0667964 0.0678134 0.0607689 0.0000000 0.0633784 0.1242145 0.4709873 0.4191412 0.5379391 0.8224708 0.7806461 0.8567514 0.8315484 0.8374900 0.6269923 0.7322878 0.8611057 1.1298793 1.5261827 1.5511673 1.1403205 1.1809097 1.1477940 0.8572053 1.9055045 1.9510064 1.8133036 1.3811422 
Alaudidae         0.7664559 0.7195691 0.7229858 0.7260445 0.7218436 0.6933285 0.6679036 0.7078493 0.6977981 0.6945324 0.6842920 0.6498045 0.7105100 0.7241994 0.6919859 0.7226911 0.7210411 0.7199086 0.0800455 0.0577189 0.0609316 0.0563842 0.0636290 0.0495133 0.0548882 0.0622316 0.0633784 0.0000000 0.1258967 0.4620356 0.4239189 0.5329889 0.8022353 0.7647484 0.8815497 0.8748279 0.9177965 0.6244013 0.6963803 0.8580678 1.1544782 1.5111666 1.5381083 1.1424054 1.1898127 1.1537747 0.8806671 1.9157655 1.9465806 1.8373208 1.4238767 
Coraciiformes     0.7393555 0.7566291 0.7339979 0.7371493 0.7301145 0.7270998 0.6957447 0.7156429 0.6792751 0.6902755 0.6970333 0.6905169 0.7063762 0.7263667 0.7166169 0.7604092 0.7974709 0.7771168 0.0976720 0.1178371 0.1138304 0.1149334 0.1199596 0.1171054 0.1193810 0.1298771 0.1242145 0.1258967 0.0000000 0.4797859 0.4251206 0.5302137 0.8524410 0.7830661 0.8631917 0.8213849 0.9397857 0.6506685 0.6874550 0.8058205 1.0340226 1.5461293 1.5744517 1.0926047 1.2012467 1.0820610 0.8876525 1.9341868 2.0413076 1.9741109 1.4867003 
Crocodylidae      0.9015152 0.8526151 0.8574763 0.8559053 0.8145110 0.8339076 0.8515271 0.8472016 0.8478276 0.8407952 0.8424933 0.8525350 0.8494769 0.8673732 0.8438627 0.7985877 0.8040909 0.7954909 0.4657805 0.4619984 0.4696229 0.4495486 0.4535495 0.4715541 0.4811883 0.4722732 0.4709873 0.4620356 0.4797859 0.0000000 0.5139233 0.6523118 0.8886375 0.9289693 0.8829925 1.0183848 0.9642766 0.7980672 0.8356477 1.1078490 1.2289771 1.6383451 1.6660018 1.3762088 1.3371649 1.2363217 0.9880439 2.0370055 2.1983540 2.1399326 1.6523584 
Carettochelyidae  0.7800852 0.7601697 0.7613465 0.7554128 0.7478513 0.7200703 0.7231770 0.7512138 0.7465258 0.7440844 0.7185753 0.7038508 0.7476674 0.7760551 0.7404543 0.7977161 0.8450333 0.8227871 0.4176568 0.4202265 0.4291906 0.4083360 0.4200523 0.4309177 0.4287784 0.4295850 0.4191412 0.4239189 0.4251206 0.5139233 0.0000000 0.3333953 0.9123135 0.8104214 0.9297617 0.9633223 0.9806209 0.7587821 0.7567019 0.9889874 1.1857439 1.5855520 1.6190266 1.2101931 1.1895497 1.1136504 0.8273843 1.9241867 2.1193580 2.0631377 1.5643934 
Kinosternidae     1.0031307 0.9071856 0.9486098 0.9370672 0.9067982 0.9016368 0.9239358 0.9071830 0.9420672 0.8816298 0.8814073 0.9008747 0.9317890 0.9403695 0.9736725 0.9211665 0.9598402 0.9265672 0.5146770 0.5217713 0.5302457 0.5218437 0.5286230 0.5374618 0.5380019 0.5491998 0.5379391 0.5329889 0.5302137 0.6523118 0.3333953 0.0000000 0.9542222 0.8380224 0.9055064 0.9778110 1.0039005 0.7988191 0.8579051 1.0721697 1.3078648 1.5815658 1.6000695 1.2336662 1.3374853 1.2335587 0.9842971 2.0494304 2.1434629 2.1268983 1.4946541 
Anomalepididae    1.1009092 1.0915318 1.1003232 1.0636532 1.0975308 1.0897932 1.0581315 1.1033983 1.0871509 1.0744310 1.0726713 1.0603901 1.0866176 1.0748578 1.1100354 1.1290282 1.0872404 1.0922388 0.8503431 0.7742881 0.8473056 0.7819942 0.7728969 0.7848439 0.7847574 0.8203745 0.8224708 0.8022353 0.8524410 0.8886375 0.9123135 0.9542222 0.0000000 0.6861873 0.8625329 0.8447598 0.8721547 0.8686308 1.0763450 1.2777348 1.4633157 1.8611111 1.7813106 1.5604430 1.4869847 1.3954383 1.0645999 2.3182095 2.2751084 2.2955580 1.6057448 
Loxocemidae       0.9766945 0.9705182 0.9855811 0.9806373 0.9619318 0.9666257 0.9099696 0.8971176 0.9502528 0.9573088 0.9299833 0.9426148 0.9384324 0.9510064 0.9624099 1.0017933 1.0381220 0.9735206 0.8165429 0.7986625 0.7854868 0.7876773 0.7937989 0.8132739 0.7678573 0.7956431 0.7806461 0.7647484 0.7830661 0.9289693 0.8104214 0.8380224 0.6861873 0.0000000 0.5097576 0.8028086 0.7906518 0.7255413 1.1025306 1.3016343 1.5416964 1.8366098 1.7863614 1.4613436 1.3712299 1.3208310 0.9847446 2.1892855 2.2316300 2.2097240 1.6284892 
Natricidae        1.0391867 0.9300747 0.9417694 0.9493104 0.9614413 0.9355968 0.9859285 0.9983609 1.0101570 0.9858498 0.9712473 0.9698718 0.9791510 0.9969589 1.0025375 1.0108079 1.0097140 1.0281169 0.8619333 0.8828486 0.8523991 0.8436012 0.8529185 0.8831976 0.8620031 0.8609830 0.8567514 0.8815497 0.8631917 0.8829925 0.9297617 0.9055064 0.8625329 0.5097576 0.0000000 0.9312386 0.8301083 0.8065258 1.0494125 1.3216005 1.5525055 1.8836114 1.8750503 1.5354629 1.4156980 1.4615176 1.1231543 2.1565991 2.4063248 2.2599278 1.8235016 
Xenosauridae      1.0908849 1.0572643 1.0968520 1.0864623 1.1004869 1.0673817 1.0797699 1.0549201 1.0496371 1.0802852 1.0640908 1.0808916 1.0921625 1.1057678 1.1112050 1.1553562 1.1140093 1.1020759 0.8267633 0.7792053 0.8159594 0.7944687 0.7985005 0.7838128 0.8275188 0.8031949 0.8315484 0.8748279 0.8213849 1.0183848 0.9633223 0.9778110 0.8447598 0.8028086 0.9312386 0.0000000 0.9083900 0.6759297 1.1490776 1.2681814 1.5538737 1.9839201 1.9610082 1.5211327 1.3014865 1.4564783 1.1666535 2.2983016 2.3619981 2.3423100 1.8006204 
Teiidae           1.0217447 1.0102162 1.0284690 1.0334586 1.0490869 1.0196659 1.0508536 0.9887575 1.0696120 1.0066533 0.9937633 1.0093821 1.0197729 0.9928638 1.0542145 1.0592210 0.9813491 1.0407323 0.8905682 0.8888469 0.8837967 0.8798012 0.8590249 0.8800529 0.8686773 0.8735821 0.8374900 0.9177965 0.9397857 0.9642766 0.9806209 1.0039005 0.8721547 0.7906518 0.8301083 0.9083900 0.0000000 0.8323928 1.1914951 1.3465186 1.5832560 1.8124918 1.8263942 1.4816599 1.5665202 1.4362140 1.1254617 2.2147027 2.2123144 2.1666308 1.7129624 
Eublepharidae     0.8959288 0.8857186 0.8405232 0.8522771 0.8653918 0.8666186 0.8309522 0.8419813 0.8507708 0.8297204 0.8391202 0.8562346 0.8467399 0.8462628 0.8639865 0.7871766 0.8783164 0.8068567 0.6248366 0.6686059 0.6332904 0.6136853 0.6438037 0.6418207 0.6300178 0.6194823 0.6269923 0.6244013 0.6506685 0.7980672 0.7587821 0.7988191 0.8686308 0.7255413 0.8065258 0.6759297 0.8323928 0.0000000 0.8960826 1.0476790 1.3825410 1.6387217 1.6099394 1.2992075 1.2599823 1.2077313 0.9932917 2.1098900 2.1592360 2.0562967 1.5199075 
Dicamptodontidae  0.6893543 0.6782991 0.6731503 0.6759676 0.6293466 0.6179898 0.6668193 0.6925260 0.6682562 0.6666389 0.6445404 0.7004836 0.6562072 0.6778655 0.6741781 0.6912690 0.6930199 0.6713952 0.6775680 0.7370929 0.7231725 0.6769306 0.7007159 0.7417725 0.7350731 0.7229098 0.7322878 0.6963803 0.6874550 0.8356477 0.7567019 0.8579051 1.0763450 1.1025306 1.0494125 1.1490776 1.1914951 0.8960826 0.0000000 0.5136071 0.6612655 1.0972784 1.1756613 0.7565624 0.8506233 0.6208803 0.5322440 1.9591010 1.9232955 1.9054728 1.2557036 
Alytidae          0.8870611 0.9189788 0.8755911 0.8923462 0.9044732 0.8963009 0.8582070 0.9234262 0.9032735 0.8960102 0.9187958 0.9576321 0.9298841 0.9087883 0.9353806 0.8820264 0.8864551 0.8815406 0.8522148 0.8902480 0.8716504 0.8455760 0.8748062 0.8806172 0.8430076 0.8321405 0.8611057 0.8580678 0.8058205 1.1078490 0.9889874 1.0721697 1.2777348 1.3016343 1.3216005 1.2681814 1.3465186 1.0476790 0.5136071 0.0000000 0.8355197 1.1322511 1.2315243 0.7063265 0.9065234 0.7068683 0.7152444 2.0273446 2.1310167 2.0861721 1.4792808 
Heleophrynidae    1.0591965 1.0594765 1.0872480 1.0708686 1.0498487 1.0154018 1.0073623 1.0340423 1.0370248 1.0154889 1.0840227 1.0563067 1.0178952 1.0219184 1.0505418 1.1319336 1.0288861 1.0306155 1.0712058 1.1558590 1.1752392 1.1267949 1.1163257 1.1392932 1.1191300 1.0819821 1.1298793 1.1544782 1.0340226 1.2289771 1.1857439 1.3078648 1.4633157 1.5416964 1.5525055 1.5538737 1.5832560 1.3825410 0.6612655 0.8355197 0.0000000 1.1076010 1.1467399 0.6356251 0.7963557 0.5988041 1.0286198 2.3592899 2.3186524 2.2929939 1.6952558 
Leptodactylidae   1.4249770 1.4009972 1.4413793 1.4536094 1.4311815 1.4361527 1.4433230 1.4129450 1.4811440 1.3796679 1.4374423 1.4113708 1.4360078 1.4468177 1.4836614 1.4551093 1.4845416 1.4802778 1.5428901 1.5699162 1.5611175 1.4840860 1.4822146 1.5739844 1.5613585 1.5477432 1.5261827 1.5111666 1.5461293 1.6383451 1.5855520 1.5815658 1.8611111 1.8366098 1.8836114 1.9839201 1.8124918 1.6387217 1.0972784 1.1322511 1.1076010 0.0000000 0.6197058 0.9301210 1.0138103 0.8135069 1.2978256 2.7904402 2.4719005 2.4558384 1.8460908 
Strabomantidae    1.4515490 1.4319607 1.4980609 1.5090478 1.4640153 1.4313232 1.4810158 1.4552887 1.5006152 1.4063183 1.4579099 1.4427039 1.4848918 1.4643523 1.5188711 1.4892517 1.4970254 1.4737357 1.5774014 1.6106027 1.5790107 1.5420532 1.5342178 1.6042754 1.5451604 1.5678257 1.5511673 1.5381083 1.5744517 1.6660018 1.6190266 1.6000695 1.7813106 1.7863614 1.8750503 1.9610082 1.8263942 1.6099394 1.1756613 1.2315243 1.1467399 0.6197058 0.0000000 1.0547560 1.1667277 0.9227203 1.3796519 2.6715354 2.5747872 2.5214725 1.9729956 
Micrixalidae      1.0249559 1.0584849 1.0623525 1.0503182 1.0518341 1.0332810 1.0920415 1.0862644 1.0901713 1.0321385 1.0873723 1.0658812 1.0603905 1.0853833 1.0224562 1.1545474 1.0917649 1.0224613 1.1369302 1.1694855 1.1573783 1.1263715 1.1263715 1.1855454 1.1476498 1.1179102 1.1403205 1.1424054 1.0926047 1.3762088 1.2101931 1.2336662 1.5604430 1.4613436 1.5354629 1.5211327 1.4816599 1.2992075 0.7565624 0.7063265 0.6356251 0.9301210 1.0547560 0.0000000 0.5797266 0.4431082 0.9266279 2.2156897 2.1443103 2.1578639 1.5162464 
Hemisotidae       1.1426523 1.1298211 1.1516409 1.1665244 1.1252547 1.1509405 1.1228322 1.1285309 1.1381277 1.0948320 1.1289787 1.1318369 1.1429656 1.1545160 1.1230820 1.1804316 1.1909513 1.1770854 1.1292095 1.2387042 1.1988591 1.1986724 1.1854190 1.2215099 1.1919978 1.1961357 1.1809097 1.1898127 1.2012467 1.3371649 1.1895497 1.3374853 1.4869847 1.3712299 1.4156980 1.3014865 1.5665202 1.2599823 0.8506233 0.9065234 0.7963557 1.0138103 1.1667277 0.5797266 0.0000000 0.5127287 1.0055277 2.3119804 2.3100140 2.2832127 1.7370930 
Asterophryidae    1.0536035 1.0560660 1.0595425 1.0627411 1.0499092 1.0455860 1.0660949 1.0716982 1.0687529 1.0243286 1.0367451 1.0900327 1.0739220 1.0705504 1.0549363 1.0448763 1.0145913 0.9692839 1.1174080 1.1589564 1.1409223 1.1413043 1.1346661 1.1952075 1.1541115 1.1418744 1.1477940 1.1537747 1.0820610 1.2363217 1.1136504 1.2335587 1.3954383 1.3208310 1.4615176 1.4564783 1.4362140 1.2077313 0.6208803 0.7068683 0.5988041 0.8135069 0.9227203 0.4431082 0.5127287 0.0000000 0.8687037 2.2828917 2.0736178 2.0513291 1.6194753 
Caeciliidae2      0.7460104 0.7191007 0.7236200 0.7150875 0.7499404 0.7229243 0.7339324 0.7291019 0.7486949 0.7000367 0.7387448 0.7239301 0.7677540 0.7464253 0.6944555 0.8216810 0.7780916 0.7689937 0.8065941 0.8684598 0.9090042 0.8783698 0.8851437 0.9024233 0.8835194 0.8732679 0.8572053 0.8806671 0.8876525 0.9880439 0.8273843 0.9842971 1.0645999 0.9847446 1.1231543 1.1666535 1.1254617 0.9932917 0.5322440 0.7152444 1.0286198 1.2978256 1.3796519 0.9266279 1.0055277 0.8687037 0.0000000 1.8129050 1.9649165 2.0140913 1.3035606 
Polypteriformes   1.9835672 1.8855531 1.9760457 1.9831405 1.9673263 1.9129491 1.9535190 1.9656690 1.9647744 1.9328517 1.9362540 1.9425541 1.9387673 1.9512333 2.0099482 1.9972500 1.9751408 2.0042426 1.8795645 1.9333559 1.9024701 1.8866254 1.8580141 1.9465774 1.8767572 1.8445989 1.9055045 1.9157655 1.9341868 2.0370055 1.9241867 2.0494304 2.3182095 2.1892855 2.1565991 2.2983016 2.2147027 2.1098900 1.9591010 2.0273446 2.3592899 2.7904402 2.6715354 2.2156897 2.3119804 2.2828917 1.8129050 0.0000000 2.3371706 2.3561880 2.3115880 
Channichthyidae   1.9302924 1.8986284 1.9713466 1.9750165 1.9560620 1.9744883 1.9118776 1.8737055 1.8717936 1.9041448 1.9243139 1.9520881 1.9323420 1.9527351 1.9580838 1.9737033 1.9904221 1.9525704 1.9457490 2.0081703 2.0108896 1.9653635 1.9313882 2.0088504 1.9666780 1.9353217 1.9510064 1.9465806 2.0413076 2.1983540 2.1193580 2.1434629 2.2751084 2.2316300 2.4063248 2.3619981 2.2123144 2.1592360 1.9232955 2.1310167 2.3186524 2.4719005 2.5747872 2.1443103 2.3100140 2.0736178 1.9649165 2.3371706 0.0000000 0.1842042 2.0453812 
Pseudaphritidae   1.9025809 1.8873313 1.9536138 1.9649098 1.9355776 1.9576501 1.8575613 1.8660975 1.8705367 1.8962885 1.9166169 1.9348990 1.9192425 1.9431261 1.9484272 1.9961734 1.9786518 1.9547742 1.8373409 1.8939401 1.8994721 1.8625592 1.8315122 1.8978122 1.8600581 1.8334606 1.8133036 1.8373208 1.9741109 2.1399326 2.0631377 2.1268983 2.2955580 2.2097240 2.2599278 2.3423100 2.1666308 2.0562967 1.9054728 2.0861721 2.2929939 2.4558384 2.5214725 2.1578639 2.2832127 2.0513291 2.0140913 2.3561880 0.1842042 0.0000000 2.0864043 
Carcharhinidae    1.3697181 1.3100741 1.3315751 1.3563950 1.3955764 1.3928638 1.2835310 1.3565958 1.3641667 1.3173578 1.3620277 1.3712748 1.3296515 1.3420464 1.3279395 1.4416585 1.3627499 1.3879357 1.3668858 1.4128703 1.4188501 1.4136927 1.3674726 1.4409777 1.3586259 1.3896749 1.3811422 1.4238767 1.4867003 1.6523584 1.5643934 1.4946541 1.6057448 1.6284892 1.8235016 1.8006204 1.7129624 1.5199075 1.2557036 1.4792808 1.6952558 1.8460908 1.9729956 1.5162464 1.7370930 1.6194753 1.3035606 2.3115880 2.0453812 2.0864043 0.0000000 
