51
Pitheciidae       0.0000000 0.4139993 0.4813285 0.4537342 0.3351184 0.3730653 0.3473826 0.3604889 0.3489300 0.3416531 0.3335640 0.3211525 0.5049393 0.4216113 0.3256713 1.5409935 1.1842573 1.0707289 1.2951458 1.4084742 1.5307688 1.4353217 1.4631760 1.3656044 1.3926087 1.4641163 1.4483580 1.3964605 1.3845943 1.2804748 1.5094635 1.4500260 1.4691287 1.5520145 1.5538981 1.4265308 1.3735437 1.5921722 2.2183897 2.4059058 2.0586623 2.0855147 2.0100274 2.1374734 2.3014466 2.0259287 2.1246246 2.7553350 1.9579703 1.9041351 2.3818788 
Scandentia        0.4139993 0.0000000 0.6124370 0.5433245 0.3895594 0.4841159 0.4394366 0.4491860 0.4650742 0.4628538 0.4662507 0.4418066 0.6445316 0.5473350 0.4344862 1.7150161 1.3078661 1.1751695 1.3532859 1.5047392 1.5954180 1.5133573 1.5385572 1.4461958 1.4731352 1.4794662 1.4694213 1.4505024 1.3949794 1.4007170 1.3998039 1.4264254 1.4630233 1.5920311 1.5722022 1.4298696 1.3722104 1.5224186 2.1488658 2.3150454 2.0293077 2.0753797 1.9472388 2.2617508 2.4245278 2.2119316 2.1399963 2.9981210 2.0163439 1.9710328 2.3080244 
Erethizontidae    0.4813285 0.6124370 0.0000000 0.1980355 0.4550385 0.4329902 0.4174595 0.4786955 0.4256932 0.4467819 0.4554724 0.4072397 0.5970825 0.5047645 0.4584137 1.7893250 1.2834986 1.1587967 1.2878595 1.3909237 1.5221545 1.4348437 1.4310033 1.3942087 1.4234661 1.4064356 1.4058923 1.3823839 1.3298320 1.3574543 1.3758552 1.3614320 1.4995217 1.6648836 1.5472811 1.4137499 1.4660065 1.5425155 2.2152494 2.2561042 2.0920674 2.0141325 1.8999336 2.2096373 2.3154645 2.1912874 2.1284187 2.9103610 1.8668851 1.8050788 2.2075634 
Capromyidae       0.4537342 0.5433245 0.1980355 0.0000000 0.4600566 0.4295325 0.4507511 0.5007759 0.4523872 0.4393627 0.4803073 0.4087076 0.5863640 0.5033276 0.4913144 1.5950328 1.2778717 1.1759424 1.3097252 1.4526009 1.5616426 1.4476134 1.4676420 1.3904987 1.4064387 1.4126771 1.3917538 1.4047867 1.3980702 1.3845664 1.3881089 1.4083682 1.4964351 1.6599904 1.5354601 1.4715793 1.4523395 1.5542658 2.1945735 2.2665704 2.0944391 2.0063101 1.9075932 2.1758237 2.3611679 2.1469576 2.0734326 2.8510432 1.9809888 1.8907537 2.2886605 
Muridae           0.3351184 0.3895594 0.4550385 0.4600566 0.0000000 0.3560783 0.3614241 0.3309674 0.3487823 0.3689665 0.3928236 0.3582828 0.4984456 0.3957052 0.3550896 1.5182631 1.1467417 1.0239740 1.1748624 1.3108355 1.4155415 1.3287490 1.3467845 1.3166854 1.2854064 1.3432295 1.3309018 1.2821653 1.2863685 1.2814410 1.3001450 1.2916022 1.3613886 1.5234467 1.4599619 1.3259509 1.3185969 1.4759661 2.0164355 2.2282651 2.0041770 1.9919167 1.9031263 2.0658906 2.1293961 1.9937380 1.8601848 2.5827770 1.8167360 1.8018950 2.1854902 
Castoridae        0.3730653 0.4841159 0.4329902 0.4295325 0.3560783 0.0000000 0.3470057 0.3870777 0.3694611 0.3911615 0.3809226 0.3523786 0.5304515 0.4646136 0.3575560 1.5363716 1.2468685 1.1159534 1.3178624 1.4584603 1.5704443 1.4547319 1.4755097 1.3683967 1.4373082 1.4599307 1.4377722 1.4330351 1.3984034 1.3090266 1.4027922 1.3648892 1.3165356 1.5582341 1.4684681 1.3348839 1.3479523 1.5008608 1.9902320 2.2269492 1.9375038 1.9869400 1.8941822 2.0778979 2.1581620 2.0124202 1.9449840 2.9900102 1.9876459 1.9425184 2.2002467 
Suidae            0.3473826 0.4394366 0.4174595 0.4507511 0.3614241 0.3470057 0.0000000 0.2446710 0.2292437 0.2952683 0.3095265 0.2674388 0.4258818 0.3876419 0.3466768 1.4554369 1.0695836 0.9620919 1.1218371 1.2718824 1.3668403 1.2566371 1.2641893 1.2233799 1.2495389 1.2569411 1.2499995 1.1959539 1.2533588 1.1832646 1.2856952 1.1807447 1.1490423 1.3308668 1.2767950 1.1527373 1.1712813 1.2390339 1.8781271 2.0175982 1.8120513 1.7617997 1.7206819 1.9112173 2.1050449 1.8861123 1.7324015 2.8351661 1.8203489 1.7755110 2.0583985 
Hippopotamidae    0.3604889 0.4491860 0.4786955 0.5007759 0.3309674 0.3870777 0.2446710 0.0000000 0.2091466 0.3016784 0.3256531 0.2775328 0.4621360 0.3652839 0.3584555 1.5700298 1.2003188 1.0518750 1.2582499 1.3888783 1.4538949 1.3698690 1.3679099 1.3021311 1.3413898 1.3590732 1.3571245 1.3272976 1.3594310 1.2873446 1.4208886 1.2983338 1.3749470 1.5415243 1.4974519 1.3851647 1.3504579 1.4864929 1.9184601 2.0040685 1.8809095 1.8387798 1.7743736 1.9543882 2.0892679 1.9138307 1.7881238 2.8304868 1.9456184 1.8939077 2.0909953 
Hyperoodontidae   0.3489300 0.4650742 0.4256932 0.4523872 0.3487823 0.3694611 0.2292437 0.2091466 0.0000000 0.2918385 0.3003242 0.2543822 0.4260867 0.3707102 0.3207030 1.5011093 1.1352848 1.0270924 1.2326582 1.3058355 1.4504714 1.3557414 1.3628404 1.3207765 1.3649694 1.3832351 1.3791630 1.3318341 1.3233425 1.2225572 1.3627180 1.2462118 1.3162133 1.5147197 1.4518280 1.3113487 1.3550254 1.4389669 2.0508785 2.0722556 1.8922440 1.8959390 1.8229978 2.0216073 2.2398301 1.9221170 1.8685495 2.8012385 1.8545507 1.8215178 2.1129669 
Vespertilionidae  0.3416531 0.4628538 0.4467819 0.4393627 0.3689665 0.3911615 0.2952683 0.3016784 0.2918385 0.0000000 0.2133653 0.1870056 0.4208274 0.3526430 0.3616646 1.5243764 0.9981128 0.9821920 1.1625459 1.3294655 1.4231716 1.3493182 1.3620001 1.2762616 1.3308034 1.3354676 1.3279653 1.2960132 1.2840278 1.2845121 1.3026581 1.2533886 1.3395445 1.4423440 1.3826174 1.2765676 1.2867666 1.3803996 1.9810144 2.1516163 1.8489710 1.8668073 1.7526945 1.9469416 2.1208576 1.8535108 1.7514183 2.6970260 1.8528808 1.8144482 2.0844920 
Furipteridae      0.3335640 0.4662507 0.4554724 0.4803073 0.3928236 0.3809226 0.3095265 0.3256531 0.3003242 0.2133653 0.0000000 0.1807081 0.4378333 0.3913739 0.3673457 1.4959056 1.0874573 0.9714315 1.2223268 1.3645551 1.4572073 1.3816687 1.3730429 1.3028224 1.3477935 1.3631647 1.3538681 1.3190396 1.3591557 1.2473983 1.3343271 1.2773897 1.2836059 1.5009255 1.4068429 1.2439412 1.2675340 1.3908837 2.0257495 2.1758300 1.9453496 1.9317247 1.8361961 2.0391331 2.2551429 1.9963751 1.9308614 2.7793804 1.8408567 1.7973906 2.1115411 
Rhinolophidae     0.3211525 0.4418066 0.4072397 0.4087076 0.3582828 0.3523786 0.2674388 0.2775328 0.2543822 0.1870056 0.1807081 0.0000000 0.4108016 0.3340057 0.3310198 1.5356798 1.0989607 1.0172858 1.2622526 1.3972100 1.4901827 1.4107689 1.4225189 1.3112333 1.3833414 1.4067295 1.3930813 1.3527569 1.3831265 1.2824713 1.3805926 1.2521746 1.3158460 1.4985793 1.4079087 1.3198871 1.3038477 1.4511715 1.9795427 2.2806376 1.9830107 1.9817924 1.8876369 2.0896716 2.1876052 2.0535812 1.8688209 2.9650846 1.9227623 1.8737774 2.1636943 
Viverridae        0.5049393 0.6445316 0.5970825 0.5863640 0.4984456 0.5304515 0.4258818 0.4621360 0.4260867 0.4208274 0.4378333 0.4108016 0.0000000 0.3229311 0.4851818 1.5146393 1.2396245 1.1837599 1.4378903 1.5332562 1.6591263 1.5914310 1.6094829 1.5238588 1.5372986 1.6335648 1.5597951 1.5600165 1.5695176 1.3846001 1.4638573 1.5424573 1.5085550 1.7385011 1.6216456 1.4278360 1.4580539 1.5896764 2.2578254 2.5398210 2.1367631 2.1688038 2.0956223 2.2539301 2.3888481 2.0554840 2.1348142 3.0186548 2.0554654 1.9823588 2.1388803 
Procyonidae       0.4216113 0.5473350 0.5047645 0.5033276 0.3957052 0.4646136 0.3876419 0.3652839 0.3707102 0.3526430 0.3913739 0.3340057 0.3229311 0.0000000 0.3969081 1.5656749 1.2178367 1.1123251 1.2329075 1.3340516 1.4682227 1.3781343 1.3954143 1.3199252 1.3520379 1.3986428 1.3674501 1.3273559 1.2924531 1.2693916 1.3136996 1.3081562 1.2865642 1.5461563 1.3895411 1.3105603 1.3519523 1.4362578 1.9935586 2.1614800 1.9162967 1.8555125 1.7461919 1.9600828 2.0917881 1.8316754 1.9736133 2.9082102 1.9605290 1.8745755 2.0350664 
Myrmecophagidae   0.3256713 0.4344862 0.4584137 0.4913144 0.3550896 0.3575560 0.3466768 0.3584555 0.3207030 0.3616646 0.3673457 0.3310198 0.4851818 0.3969081 0.0000000 1.3781482 1.0258359 0.9210225 1.1451061 1.2782841 1.3770392 1.2866274 1.2998160 1.2416018 1.2394788 1.2831580 1.2662049 1.2455616 1.2415501 1.1672285 1.2114776 1.1947455 1.3157372 1.4212094 1.3057767 1.2347003 1.2543827 1.4315359 1.9685064 2.0941618 1.8351059 1.8144445 1.7390526 2.0395358 2.1390816 1.8924304 1.8818585 2.6353775 1.7455036 1.7004181 2.0329244 
Caluromyidae      1.5409935 1.7150161 1.7893250 1.5950328 1.5182631 1.5363716 1.4554369 1.5700298 1.5011093 1.5243764 1.4959056 1.5356798 1.5146393 1.5656749 1.3781482 0.0000000 1.0077622 0.8823527 1.8113752 1.9341277 2.0086019 1.8975883 1.9404553 1.8624153 1.9086591 1.8630009 1.8571699 1.9390964 1.9780371 1.8028451 1.7868003 1.8382050 1.9353321 1.8427997 1.9481487 1.8177715 1.9423074 2.1637607 2.4752598 2.7330812 2.6241896 2.4207318 2.4440075 2.8000925 2.6663201 2.6756980 2.6174350 3.1929072 2.3598717 2.2699668 2.6557987 
Thylacomyidae     1.1842573 1.3078661 1.2834986 1.2778717 1.1467417 1.2468685 1.0695836 1.2003188 1.1352848 0.9981128 1.0874573 1.0989607 1.2396245 1.2178367 1.0258359 1.0077622 0.0000000 0.4497654 1.4621099 1.5286863 1.6622159 1.5331122 1.6189285 1.5083362 1.5906302 1.6101007 1.5373090 1.5352523 1.6012343 1.5049885 1.5172588 1.4791417 1.7857189 1.7656730 1.7459704 1.6153774 1.6447968 1.8750327 2.2358526 2.5002094 2.2433459 2.2678401 2.2120335 2.3545904 2.4564506 2.2517368 2.4641346 2.7320854 2.0037309 2.0170813 2.4899622 
Phalangeridae     1.0707289 1.1751695 1.1587967 1.1759424 1.0239740 1.1159534 0.9620919 1.0518750 1.0270924 0.9821920 0.9714315 1.0172858 1.1837599 1.1123251 0.9210225 0.8823527 0.4497654 0.0000000 1.4010408 1.5222201 1.6632464 1.5487354 1.6461664 1.5589864 1.5842525 1.6337330 1.5548035 1.5433307 1.6277557 1.4329201 1.4372250 1.4205451 1.6467556 1.5653991 1.5698003 1.4240237 1.5200960 1.7443582 1.9451150 2.1484491 2.0392397 2.0423758 2.0331836 2.3074574 2.1556774 2.2286865 2.2941669 2.8134031 1.9415455 1.9391142 2.3303897 
Tityridae         1.2951458 1.3532859 1.2878595 1.3097252 1.1748624 1.3178624 1.1218371 1.2582499 1.2326582 1.1625459 1.2223268 1.2622526 1.4378903 1.2329075 1.1451061 1.8113752 1.4621099 1.4010408 0.0000000 0.1531301 0.1435322 0.1260423 0.1258505 0.1430415 0.1492020 0.1628059 0.1587128 0.1167470 0.2368073 0.4863970 0.4320759 0.4615308 0.6626043 0.8022570 0.6892940 0.7067518 0.5964587 0.8287772 1.4838266 1.7798194 1.5445905 1.5869521 1.4195645 1.6427939 1.7307785 1.6613521 1.5660572 2.0980390 1.3747359 1.3697463 1.5857346 
Ptilonorhynchidae 1.4084742 1.5047392 1.3909237 1.4526009 1.3108355 1.4584603 1.2718824 1.3888783 1.3058355 1.3294655 1.3645551 1.3972100 1.5332562 1.3340516 1.2782841 1.9341277 1.5286863 1.5222201 0.1531301 0.0000000 0.1727864 0.1468523 0.1517188 0.1856301 0.1809757 0.1783102 0.1648552 0.1423577 0.2752608 0.5462770 0.5202878 0.4933436 0.7461438 0.8788692 0.7649365 0.7368980 0.6948331 0.9158175 1.5381762 1.7245869 1.5766673 1.6421352 1.4773123 1.6628986 1.7974457 1.7343330 1.6627598 2.1485553 1.3799584 1.4236544 1.6420154 
Callaeatidae      1.5307688 1.5954180 1.5221545 1.5616426 1.4155415 1.5704443 1.3668403 1.4538949 1.4504714 1.4231716 1.4572073 1.4901827 1.6591263 1.4682227 1.3770392 2.0086019 1.6622159 1.6632464 0.1435322 0.1727864 0.0000000 0.1077398 0.0945546 0.1268998 0.1442382 0.1505604 0.1311648 0.1092885 0.2752393 0.5448063 0.4744525 0.5240699 0.7615431 0.8903082 0.7839770 0.7874418 0.7172398 0.9257028 1.4966738 1.8191191 1.6134778 1.5763265 1.4699771 1.6798719 1.8277942 1.6824503 1.7123326 2.2685822 1.4039309 1.4325759 1.6331555 
Monarchidae       1.4353217 1.5133573 1.4348437 1.4476134 1.3287490 1.4547319 1.2566371 1.3698690 1.3557414 1.3493182 1.3816687 1.4107689 1.5914310 1.3781343 1.2866274 1.8975883 1.5331122 1.5487354 0.1260423 0.1468523 0.1077398 0.0000000 0.0441857 0.0973949 0.1226145 0.1307498 0.1101786 0.0829788 0.2526394 0.4992203 0.4979195 0.5142352 0.6695620 0.8595624 0.7425876 0.7128346 0.6615340 0.8618159 1.4564405 1.7436305 1.5242277 1.5204240 1.3740693 1.6031282 1.7765240 1.6609072 1.5599673 2.1984692 1.3974772 1.4028593 1.6199435 
Malaconotidae     1.4631760 1.5385572 1.4310033 1.4676420 1.3467845 1.4755097 1.2641893 1.3679099 1.3628404 1.3620001 1.3730429 1.4225189 1.6094829 1.3954143 1.2998160 1.9404553 1.6189285 1.6461664 0.1258505 0.1517188 0.0945546 0.0441857 0.0000000 0.0783092 0.1117905 0.1217597 0.0930484 0.0740854 0.2514510 0.5185531 0.4826696 0.5189520 0.6794171 0.8422157 0.7096891 0.7236933 0.6431838 0.8388320 1.4825971 1.7371484 1.5205591 1.4959883 1.3706284 1.5812356 1.7792550 1.6321192 1.5974717 2.2399266 1.4140875 1.4107602 1.6152442 
Certhiidae        1.3656044 1.4461958 1.3942087 1.3904987 1.3166854 1.3683967 1.2233799 1.3021311 1.3207765 1.2762616 1.3028224 1.3112333 1.5238588 1.3199252 1.2416018 1.8624153 1.5083362 1.5589864 0.1430415 0.1856301 0.1268998 0.0973949 0.0783092 0.0000000 0.0885597 0.1418562 0.1095257 0.0840877 0.2657976 0.5234935 0.4889151 0.5440479 0.6733692 0.7977899 0.7001462 0.7177132 0.6048044 0.8288054 1.4758099 1.7627934 1.5438136 1.5460919 1.4534204 1.6217406 1.7871078 1.6893205 1.5729974 2.2484679 1.3740519 1.3573527 1.6447307 
Cinclidae         1.3926087 1.4731352 1.4234661 1.4064387 1.2854064 1.4373082 1.2495389 1.3413898 1.3649694 1.3308034 1.3477935 1.3833414 1.5372986 1.3520379 1.2394788 1.9086591 1.5906302 1.5842525 0.1492020 0.1809757 0.1442382 0.1226145 0.1117905 0.0885597 0.0000000 0.1475931 0.1282655 0.1008136 0.2920325 0.5436152 0.5118674 0.5290862 0.6651639 0.8200597 0.6755110 0.7004799 0.6182351 0.8560728 1.5321757 1.7294114 1.5868332 1.6003588 1.4273791 1.6731560 1.8280752 1.7070966 1.5928321 2.2467437 1.4016285 1.3626412 1.6754896 
Ploceidae         1.4641163 1.4794662 1.4064356 1.4126771 1.3432295 1.4599307 1.2569411 1.3590732 1.3832351 1.3354676 1.3631647 1.4067295 1.6335648 1.3986428 1.2831580 1.8630009 1.6101007 1.6337330 0.1628059 0.1783102 0.1505604 0.1307498 0.1217597 0.1418562 0.1475931 0.0000000 0.0852176 0.1214072 0.2722443 0.5069298 0.4959689 0.5427123 0.7032717 0.9150061 0.7663928 0.7748911 0.6833839 0.8540329 1.4665692 1.7720073 1.5758941 1.5554207 1.4775533 1.6711363 1.7852663 1.7540242 1.6167866 2.2338025 1.4114098 1.3551429 1.6786122 
Thraupidae        1.4483580 1.4694213 1.4058923 1.3917538 1.3309018 1.4377722 1.2499995 1.3571245 1.3791630 1.3279653 1.3538681 1.3930813 1.5597951 1.3674501 1.2662049 1.8571699 1.5373090 1.5548035 0.1587128 0.1648552 0.1311648 0.1101786 0.0930484 0.1095257 0.1282655 0.0852176 0.0000000 0.1010546 0.2773987 0.5305421 0.4725752 0.5052890 0.6884017 0.8379747 0.7395290 0.7175901 0.6363523 0.8587093 1.4336632 1.7546656 1.5554216 1.5239851 1.4290988 1.6441360 1.7644044 1.7411887 1.6067010 2.1721532 1.4054943 1.3757433 1.5861203 
Alaudidae         1.3964605 1.4505024 1.3823839 1.4047867 1.2821653 1.4330351 1.1959539 1.3272976 1.3318341 1.2960132 1.3190396 1.3527569 1.5600165 1.3273559 1.2455616 1.9390964 1.5352523 1.5433307 0.1167470 0.1423577 0.1092885 0.0829788 0.0740854 0.0840877 0.1008136 0.1214072 0.1010546 0.0000000 0.2573365 0.5306742 0.4708505 0.5019683 0.6567844 0.7952568 0.6835280 0.6940655 0.6192965 0.8258348 1.4969020 1.7494125 1.5770060 1.5662526 1.4628908 1.6344120 1.8062875 1.7072502 1.6321902 2.2763433 1.4170639 1.4039910 1.6853056 
Coraciiformes     1.3845943 1.3949794 1.3298320 1.3980702 1.2863685 1.3984034 1.2533588 1.3594310 1.3233425 1.2840278 1.3591557 1.3831265 1.5695176 1.2924531 1.2415501 1.9780371 1.6012343 1.6277557 0.2368073 0.2752608 0.2752393 0.2526394 0.2514510 0.2657976 0.2920325 0.2722443 0.2773987 0.2573365 0.0000000 0.5344889 0.5663335 0.5509090 0.7330027 0.8460463 0.8342703 0.7916985 0.7317168 0.9363759 1.6274076 1.8624301 1.5827568 1.6834430 1.5562843 1.7025455 1.8029551 1.6879458 1.6235095 2.1304748 1.4534242 1.4862160 1.6717654 
Crocodylidae      1.2804748 1.4007170 1.3574543 1.3845664 1.2814410 1.3090266 1.1832646 1.2873446 1.2225572 1.2845121 1.2473983 1.2824713 1.3846001 1.2693916 1.1672285 1.8028451 1.5049885 1.4329201 0.4863970 0.5462770 0.5448063 0.4992203 0.5185531 0.5234935 0.5436152 0.5069298 0.5305421 0.5306742 0.5344889 0.0000000 0.5148112 0.5401747 0.6896452 0.9345180 0.7693550 0.7475769 0.6479347 0.9690967 1.5443380 1.8573857 1.5508092 1.6056153 1.5083992 1.6503561 1.6102023 1.7141389 1.6257954 2.3570765 1.3804693 1.3680171 1.6516128 
Carettochelyidae  1.5094635 1.3998039 1.3758552 1.3881089 1.3001450 1.4027922 1.2856952 1.4208886 1.3627180 1.3026581 1.3343271 1.3805926 1.4638573 1.3136996 1.2114776 1.7868003 1.5172588 1.4372250 0.4320759 0.5202878 0.4744525 0.4979195 0.4826696 0.4889151 0.5118674 0.4959689 0.4725752 0.4708505 0.5663335 0.5148112 0.0000000 0.3792651 0.6691014 0.8054354 0.6949458 0.7154176 0.6410898 0.9224933 1.5084227 1.6489870 1.6004555 1.6449287 1.5680330 1.6961862 1.7319765 1.7822098 1.6444049 2.2314806 1.3911828 1.3762258 1.6309767 
Kinosternidae     1.4500260 1.4264254 1.3614320 1.4083682 1.2916022 1.3648892 1.1807447 1.2983338 1.2462118 1.2533886 1.2773897 1.2521746 1.5424573 1.3081562 1.1947455 1.8382050 1.4791417 1.4205451 0.4615308 0.4933436 0.5240699 0.5142352 0.5189520 0.5440479 0.5290862 0.5427123 0.5052890 0.5019683 0.5509090 0.5401747 0.3792651 0.0000000 0.6953432 0.8111848 0.6658077 0.7301138 0.6299244 1.0003016 1.5284722 1.6138989 1.5374109 1.6702120 1.5430962 1.7274338 1.7728601 1.8141362 1.6424408 2.1949898 1.3918851 1.3744749 1.7414518 
Anomalepididae    1.4691287 1.4630233 1.4995217 1.4964351 1.3613886 1.3165356 1.1490423 1.3749470 1.3162133 1.3395445 1.2836059 1.3158460 1.5085550 1.2865642 1.3157372 1.9353321 1.7857189 1.6467556 0.6626043 0.7461438 0.7615431 0.6695620 0.6794171 0.6733692 0.6651639 0.7032717 0.6884017 0.6567844 0.7330027 0.6896452 0.6691014 0.6953432 0.0000000 0.4771414 0.3567113 0.3910366 0.3000939 0.6029918 1.3568585 1.7189060 1.4359172 1.4804855 1.3978454 1.4557794 1.6313349 1.6089109 1.4828883 2.2701781 1.4394123 1.3954966 1.6355480 
Loxocemidae       1.5520145 1.5920311 1.6648836 1.6599904 1.5234467 1.5582341 1.3308668 1.5415243 1.5147197 1.4423440 1.5009255 1.4985793 1.7385011 1.5461563 1.4212094 1.8427997 1.7656730 1.5653991 0.8022570 0.8788692 0.8903082 0.8595624 0.8422157 0.7977899 0.8200597 0.9150061 0.8379747 0.7952568 0.8460463 0.9345180 0.8054354 0.8111848 0.4771414 0.0000000 0.2650802 0.4058474 0.4378807 0.6329139 1.4042394 1.6813870 1.4854487 1.5563907 1.4707816 1.5893146 1.7461346 1.7028275 1.5069113 2.2304512 1.5933455 1.5737811 1.7949267 
Natricidae        1.5538981 1.5722022 1.5472811 1.5354601 1.4599619 1.4684681 1.2767950 1.4974519 1.4518280 1.3826174 1.4068429 1.4079087 1.6216456 1.3895411 1.3057767 1.9481487 1.7459704 1.5698003 0.6892940 0.7649365 0.7839770 0.7425876 0.7096891 0.7001462 0.6755110 0.7663928 0.7395290 0.6835280 0.8342703 0.7693550 0.6949458 0.6658077 0.3567113 0.2650802 0.0000000 0.3381689 0.3442107 0.6062028 1.3281103 1.6153656 1.3683012 1.4605985 1.3229226 1.5038810 1.6429912 1.5742384 1.4439235 2.1313064 1.4819139 1.4457825 1.6289608 
Xenosauridae      1.4265308 1.4298696 1.4137499 1.4715793 1.3259509 1.3348839 1.1527373 1.3851647 1.3113487 1.2765676 1.2439412 1.3198871 1.4278360 1.3105603 1.2347003 1.8177715 1.6153774 1.4240237 0.7067518 0.7368980 0.7874418 0.7128346 0.7236933 0.7177132 0.7004799 0.7748911 0.7175901 0.6940655 0.7916985 0.7475769 0.7154176 0.7301138 0.3910366 0.4058474 0.3381689 0.0000000 0.3038177 0.5209856 1.3610431 1.7376434 1.4250900 1.4270937 1.3337116 1.5290767 1.6809007 1.5965252 1.5197088 2.1452314 1.4386549 1.3793745 1.6068078 
Teiidae           1.3735437 1.3722104 1.4660065 1.4523395 1.3185969 1.3479523 1.1712813 1.3504579 1.3550254 1.2867666 1.2675340 1.3038477 1.4580539 1.3519523 1.2543827 1.9423074 1.6447968 1.5200960 0.5964587 0.6948331 0.7172398 0.6615340 0.6431838 0.6048044 0.6182351 0.6833839 0.6363523 0.6192965 0.7317168 0.6479347 0.6410898 0.6299244 0.3000939 0.4378807 0.3442107 0.3038177 0.0000000 0.5266885 1.2937476 1.6955287 1.3981069 1.4491042 1.3843038 1.4749147 1.5341494 1.5313156 1.4370034 2.1017459 1.4529727 1.3969540 1.5940662 
Eublepharidae     1.5921722 1.5224186 1.5425155 1.5542658 1.4759661 1.5008608 1.2390339 1.4864929 1.4389669 1.3803996 1.3908837 1.4511715 1.5896764 1.4362578 1.4315359 2.1637607 1.8750327 1.7443582 0.8287772 0.9158175 0.9257028 0.8618159 0.8388320 0.8288054 0.8560728 0.8540329 0.8587093 0.8258348 0.9363759 0.9690967 0.9224933 1.0003016 0.6029918 0.6329139 0.6062028 0.5209856 0.5266885 0.0000000 1.4047536 1.6282701 1.3318264 1.5554909 1.4367105 1.5889056 1.6985922 1.5685700 1.5168529 2.4556365 1.4943684 1.5135656 1.7931770 
Dicamptodontidae  2.2183897 2.1488658 2.2152494 2.1945735 2.0164355 1.9902320 1.8781271 1.9184601 2.0508785 1.9810144 2.0257495 1.9795427 2.2578254 1.9935586 1.9685064 2.4752598 2.2358526 1.9451150 1.4838266 1.5381762 1.4966738 1.4564405 1.4825971 1.4758099 1.5321757 1.4665692 1.4336632 1.4969020 1.6274076 1.5443380 1.5084227 1.5284722 1.3568585 1.4042394 1.3281103 1.3610431 1.2937476 1.4047536 0.0000000 1.3975753 1.2125037 1.2977358 1.3054227 1.2658252 1.3534244 1.4270353 1.5746598 2.5826287 2.1319582 2.1729846 2.3027324 
Alytidae          2.4059058 2.3150454 2.2561042 2.2665704 2.2282651 2.2269492 2.0175982 2.0040685 2.0722556 2.1516163 2.1758300 2.2806376 2.5398210 2.1614800 2.0941618 2.7330812 2.5002094 2.1484491 1.7798194 1.7245869 1.8191191 1.7436305 1.7371484 1.7627934 1.7294114 1.7720073 1.7546656 1.7494125 1.8624301 1.8573857 1.6489870 1.6138989 1.7189060 1.6813870 1.6153656 1.7376434 1.6955287 1.6282701 1.3975753 0.0000000 1.2920110 1.2219674 1.1701224 1.2206368 1.4451942 1.2292677 1.5795399 2.8649888 2.0405870 2.0749654 2.3324076 
Heleophrynidae    2.0586623 2.0293077 2.0920674 2.0944391 2.0041770 1.9375038 1.8120513 1.8809095 1.8922440 1.8489710 1.9453496 1.9830107 2.1367631 1.9162967 1.8351059 2.6241896 2.2433459 2.0392397 1.5445905 1.5766673 1.6134778 1.5242277 1.5205591 1.5438136 1.5868332 1.5758941 1.5554216 1.5770060 1.5827568 1.5508092 1.6004555 1.5374109 1.4359172 1.4854487 1.3683012 1.4250900 1.3981069 1.3318264 1.2125037 1.2920110 0.0000000 0.6133929 0.6002141 0.6964007 0.6791425 0.7196690 1.4858070 2.6514566 1.8939115 1.9809483 1.9743913 
Leptodactylidae   2.0855147 2.0753797 2.0141325 2.0063101 1.9919167 1.9869400 1.7617997 1.8387798 1.8959390 1.8668073 1.9317247 1.9817924 2.1688038 1.8555125 1.8144445 2.4207318 2.2678401 2.0423758 1.5869521 1.6421352 1.5763265 1.5204240 1.4959883 1.5460919 1.6003588 1.5554207 1.5239851 1.5662526 1.6834430 1.6056153 1.6449287 1.6702120 1.4804855 1.5563907 1.4605985 1.4270937 1.4491042 1.5554909 1.2977358 1.2219674 0.6133929 0.0000000 0.2289446 0.6074377 0.6545946 0.6490214 1.3712544 2.5298140 1.8677389 1.9185313 1.8876305 
Strabomantidae    2.0100274 1.9472388 1.8999336 1.9075932 1.9031263 1.8941822 1.7206819 1.7743736 1.8229978 1.7526945 1.8361961 1.8876369 2.0956223 1.7461919 1.7390526 2.4440075 2.2120335 2.0331836 1.4195645 1.4773123 1.4699771 1.3740693 1.3706284 1.4534204 1.4273791 1.4775533 1.4290988 1.4628908 1.5562843 1.5083992 1.5680330 1.5430962 1.3978454 1.4707816 1.3229226 1.3337116 1.3843038 1.4367105 1.3054227 1.1701224 0.6002141 0.2289446 0.0000000 0.6674853 0.7084595 0.7145303 1.4187953 2.5125189 1.6441001 1.7052223 1.8672286 
Micrixalidae      2.1374734 2.2617508 2.2096373 2.1758237 2.0658906 2.0778979 1.9112173 1.9543882 2.0216073 1.9469416 2.0391331 2.0896716 2.2539301 1.9600828 2.0395358 2.8000925 2.3545904 2.3074574 1.6427939 1.6628986 1.6798719 1.6031282 1.5812356 1.6217406 1.6731560 1.6711363 1.6441360 1.6344120 1.7025455 1.6503561 1.6961862 1.7274338 1.4557794 1.5893146 1.5038810 1.5290767 1.4749147 1.5889056 1.2658252 1.2206368 0.6964007 0.6074377 0.6674853 0.0000000 0.5468194 0.6446500 1.5118519 2.6304865 1.9397825 1.9595840 2.0533591 
Hemisotidae       2.3014466 2.4245278 2.3154645 2.3611679 2.1293961 2.1581620 2.1050449 2.0892679 2.2398301 2.1208576 2.2551429 2.1876052 2.3888481 2.0917881 2.1390816 2.6663201 2.4564506 2.1556774 1.7307785 1.7974457 1.8277942 1.7765240 1.7792550 1.7871078 1.8280752 1.7852663 1.7644044 1.8062875 1.8029551 1.6102023 1.7319765 1.7728601 1.6313349 1.7461346 1.6429912 1.6809007 1.5341494 1.6985922 1.3534244 1.4451942 0.6791425 0.6545946 0.7084595 0.5468194 0.0000000 0.6992380 1.7314093 3.0743773 2.0490547 2.1273595 2.1579238 
Asterophryidae    2.0259287 2.2119316 2.1912874 2.1469576 1.9937380 2.0124202 1.8861123 1.9138307 1.9221170 1.8535108 1.9963751 2.0535812 2.0554840 1.8316754 1.8924304 2.6756980 2.2517368 2.2286865 1.6613521 1.7343330 1.6824503 1.6609072 1.6321192 1.6893205 1.7070966 1.7540242 1.7411887 1.7072502 1.6879458 1.7141389 1.7822098 1.8141362 1.6089109 1.7028275 1.5742384 1.5965252 1.5313156 1.5685700 1.4270353 1.2292677 0.7196690 0.6490214 0.7145303 0.6446500 0.6992380 0.0000000 1.4987916 2.6051695 1.9484604 2.0025014 2.0323491 
Caeciliidae2      2.1246246 2.1399963 2.1284187 2.0734326 1.8601848 1.9449840 1.7324015 1.7881238 1.8685495 1.7514183 1.9308614 1.8688209 2.1348142 1.9736133 1.8818585 2.6174350 2.4641346 2.2941669 1.5660572 1.6627598 1.7123326 1.5599673 1.5974717 1.5729974 1.5928321 1.6167866 1.6067010 1.6321902 1.6235095 1.6257954 1.6444049 1.6424408 1.4828883 1.5069113 1.4439235 1.5197088 1.4370034 1.5168529 1.5746598 1.5795399 1.4858070 1.3712544 1.4187953 1.5118519 1.7314093 1.4987916 0.0000000 2.6047878 2.0846499 2.0508521 2.1841519 
Polypteriformes   2.7553350 2.9981210 2.9103610 2.8510432 2.5827770 2.9900102 2.8351661 2.8304868 2.8012385 2.6970260 2.7793804 2.9650846 3.0186548 2.9082102 2.6353775 3.1929072 2.7320854 2.8134031 2.0980390 2.1485553 2.2685822 2.1984692 2.2399266 2.2484679 2.2467437 2.2338025 2.1721532 2.2763433 2.1304748 2.3570765 2.2314806 2.1949898 2.2701781 2.2304512 2.1313064 2.1452314 2.1017459 2.4556365 2.5826287 2.8649888 2.6514566 2.5298140 2.5125189 2.6304865 3.0743773 2.6051695 2.6047878 0.0000000 2.0297054 2.0781173 2.3586500 
Channichthyidae   1.9579703 2.0163439 1.8668851 1.9809888 1.8167360 1.9876459 1.8203489 1.9456184 1.8545507 1.8528808 1.8408567 1.9227623 2.0554654 1.9605290 1.7455036 2.3598717 2.0037309 1.9415455 1.3747359 1.3799584 1.4039309 1.3974772 1.4140875 1.3740519 1.4016285 1.4114098 1.4054943 1.4170639 1.4534242 1.3804693 1.3911828 1.3918851 1.4394123 1.5933455 1.4819139 1.4386549 1.4529727 1.4943684 2.1319582 2.0405870 1.8939115 1.8677389 1.6441001 1.9397825 2.0490547 1.9484604 2.0846499 2.0297054 0.0000000 0.0738034 1.8336739 
Pseudaphritidae   1.9041351 1.9710328 1.8050788 1.8907537 1.8018950 1.9425184 1.7755110 1.8939077 1.8215178 1.8144482 1.7973906 1.8737774 1.9823588 1.8745755 1.7004181 2.2699668 2.0170813 1.9391142 1.3697463 1.4236544 1.4325759 1.4028593 1.4107602 1.3573527 1.3626412 1.3551429 1.3757433 1.4039910 1.4862160 1.3680171 1.3762258 1.3744749 1.3954966 1.5737811 1.4457825 1.3793745 1.3969540 1.5135656 2.1729846 2.0749654 1.9809483 1.9185313 1.7052223 1.9595840 2.1273595 2.0025014 2.0508521 2.0781173 0.0738034 0.0000000 1.7819888 
Carcharhinidae    2.3818788 2.3080244 2.2075634 2.2886605 2.1854902 2.2002467 2.0583985 2.0909953 2.1129669 2.0844920 2.1115411 2.1636943 2.1388803 2.0350664 2.0329244 2.6557987 2.4899622 2.3303897 1.5857346 1.6420154 1.6331555 1.6199435 1.6152442 1.6447307 1.6754896 1.6786122 1.5861203 1.6853056 1.6717654 1.6516128 1.6309767 1.7414518 1.6355480 1.7949267 1.6289608 1.6068078 1.5940662 1.7931770 2.3027324 2.3324076 1.9743913 1.8876305 1.8672286 2.0533591 2.1579238 2.0323491 2.1841519 2.3586500 1.8336739 1.7819888 0.0000000 
