51
Pitheciidae       0.0000000 0.3134110 0.2812088 0.2928547 0.2496755 0.3006006 0.4622920 0.3586869 0.3315105 0.4069216 0.4505214 0.4083873 0.4043445 0.4045648 0.3832914 0.7078337 0.6849032 0.6639894 0.9907580 1.0141153 0.9906156 0.9849356 0.9847843 0.9699524 1.0110053 1.0084200 1.0002730 0.9941325 1.0534246 0.9953247 1.6665920 1.3392760 1.0291549 0.9449544 0.9341813 1.0120634 0.9710412 1.0201092 1.3904041 1.2582135 1.2437013 1.3476253 1.3502188 1.2244404 1.6422051 1.3671906 1.4356206 1.4873903 1.3767366 1.3792563 1.7668687 
Scandentia        0.3134110 0.0000000 0.3705446 0.3720277 0.3380474 0.3836269 0.5494410 0.4449021 0.4331967 0.4665465 0.5559241 0.5043394 0.4843861 0.4631658 0.4893361 0.7865704 0.8014593 0.7707997 1.0687677 1.0537114 1.0542550 1.0636682 1.0671850 1.0413596 1.0561995 1.0672026 1.0601780 1.0451656 1.1260616 1.0706437 1.7438338 1.4040525 1.0847079 0.9717101 0.9950736 1.0593634 1.0050042 1.0939535 1.4604855 1.2743140 1.1994717 1.3215122 1.3052340 1.2543076 1.6115719 1.3441918 1.5141947 1.4924594 1.4354262 1.4645023 1.6773990 
Erethizontidae    0.2812088 0.3705446 0.0000000 0.1233862 0.2572999 0.2773691 0.4930124 0.3716524 0.3510200 0.3741394 0.4599914 0.4192598 0.3932532 0.3969186 0.4016980 0.7130929 0.7133044 0.7367773 0.9955060 0.9778253 0.9657150 0.9758461 0.9813315 0.9727451 0.9765553 0.9923594 0.9783471 0.9588163 1.0646737 0.9801959 1.6093794 1.3598946 0.9920148 0.9242369 0.9236176 0.9695751 0.9353211 0.9745262 1.4392176 1.2736980 1.2162536 1.3405297 1.2236987 1.2220257 1.6122464 1.3006006 1.5017682 1.5093514 1.3849687 1.3958507 1.6983328 
Capromyidae       0.2928547 0.3720277 0.1233862 0.0000000 0.2565027 0.2806413 0.4981553 0.3926734 0.3554746 0.4020036 0.4781706 0.4275788 0.4285773 0.4252705 0.4306962 0.7052147 0.7158817 0.7126712 1.0046651 0.9756593 0.9735060 0.9774216 0.9855007 0.9738573 0.9812656 0.9967976 0.9886745 0.9778429 1.0466637 0.9625738 1.5693853 1.3725808 0.9848650 0.9149504 0.9235574 0.9807498 0.9219128 0.9939678 1.3477195 1.2790445 1.2003107 1.3918610 1.2952332 1.2515537 1.6183574 1.3029515 1.4938037 1.4391212 1.3349678 1.3660487 1.7174571 
Muridae           0.2496755 0.3380474 0.2572999 0.2565027 0.0000000 0.2440625 0.4248785 0.3501035 0.3285418 0.3787570 0.4400435 0.4095933 0.4033993 0.4039311 0.3784791 0.7321484 0.7256682 0.7007707 1.0458509 1.0287005 1.0010273 1.0294647 1.0313832 1.0124002 1.0373803 1.0283662 1.0261493 1.0083622 1.1087457 1.0083101 1.6586651 1.3955431 1.0414032 0.9533992 0.9541726 1.0250829 0.9695466 1.0439525 1.3531862 1.2561961 1.2407537 1.3725501 1.3459469 1.2372748 1.6043054 1.3633497 1.4026263 1.4376349 1.3930957 1.3898870 1.8513700 
Castoridae        0.3006006 0.3836269 0.2773691 0.2806413 0.2440625 0.0000000 0.5017477 0.3748178 0.3457988 0.4189528 0.4758925 0.4557525 0.4385943 0.4117990 0.4246561 0.7394116 0.7361543 0.7421059 1.0286069 1.0123384 1.0041580 1.0292944 1.0279519 1.0090800 1.0201161 1.0305397 1.0132102 1.0087479 1.0921445 1.0396797 1.7104343 1.3741389 1.0097928 0.9437580 0.9314369 0.9838275 0.9797726 1.0501268 1.3345231 1.2794600 1.1493087 1.3783040 1.3011184 1.1842936 1.5167609 1.2802327 1.4142539 1.4349164 1.3964882 1.3958266 1.8043075 
Suidae            0.4622920 0.5494410 0.4930124 0.4981553 0.4248785 0.5017477 0.0000000 0.3943483 0.3813137 0.5408507 0.5649711 0.5563035 0.5319938 0.5427539 0.5576265 0.8819652 0.9354046 0.8305421 1.1251341 1.0720588 1.0935471 1.1146150 1.0837023 1.0754700 1.0956914 1.0850271 1.0767614 1.0741955 1.0935243 1.0589256 1.6969672 1.4449390 1.1526504 1.0545466 1.0297620 1.1390263 1.0683840 1.1543978 1.5071892 1.3865828 1.3981607 1.4871961 1.4368952 1.3500154 1.6666318 1.4957533 1.4876737 1.5076957 1.5266464 1.5262463 1.9329956 
Hippopotamidae    0.3586869 0.4449021 0.3716524 0.3926734 0.3501035 0.3748178 0.3943483 0.0000000 0.2242243 0.4420381 0.5036937 0.4590234 0.4245652 0.4395983 0.4405688 0.7632148 0.7911461 0.7810603 1.0478339 1.0116111 0.9925503 0.9832456 0.9757091 1.0029130 0.9965738 1.0241438 1.0004943 0.9820369 1.1093173 1.0233996 1.7517363 1.3857453 1.0995262 1.0209411 1.0225768 1.0941965 1.0346485 1.1209561 1.4431461 1.2845875 1.1726504 1.3937301 1.3774557 1.2534881 1.5405443 1.3435121 1.4525724 1.4535283 1.4989454 1.4980847 1.8599912 
Hyperoodontidae   0.3315105 0.4331967 0.3510200 0.3554746 0.3285418 0.3457988 0.3813137 0.2242243 0.0000000 0.4341033 0.4636745 0.4198490 0.4077575 0.3998605 0.4494422 0.7315400 0.8449644 0.7867879 1.0261883 1.0226383 1.0220139 1.0269104 1.0231416 1.0198081 1.0419226 1.0473596 1.0296178 1.0143886 1.0705473 1.0423950 1.7629658 1.3829234 1.0864813 1.0194068 1.0137704 1.0668123 1.0157093 1.0716188 1.4201562 1.2837809 1.2668207 1.4254438 1.3499973 1.2104314 1.6358618 1.3123558 1.4159816 1.4705101 1.4370642 1.4547188 1.8205002 
Vespertilionidae  0.4069216 0.4665465 0.3741394 0.4020036 0.3787570 0.4189528 0.5408507 0.4420381 0.4341033 0.0000000 0.3551096 0.3611924 0.4847791 0.4651536 0.4876246 0.8215469 0.8572810 0.7842626 1.1187996 1.0744291 1.0563226 1.0748690 1.0672020 1.0572003 1.0660835 1.0888904 1.0900333 1.0478447 1.1179899 1.1057242 1.7949783 1.4626582 1.0930212 1.0491093 1.0297779 1.1283707 1.0963387 1.1204692 1.4343577 1.4045784 1.3223142 1.4021822 1.4001413 1.3046976 1.6390235 1.3871883 1.4791605 1.5739361 1.4632281 1.4962148 1.8341816 
Furipteridae      0.4505214 0.5559241 0.4599914 0.4781706 0.4400435 0.4758925 0.5649711 0.5036937 0.4636745 0.3551096 0.0000000 0.4309196 0.5521252 0.5089976 0.5398796 0.8801041 0.8891755 0.8350842 1.2000823 1.1058508 1.1096873 1.1296202 1.1159946 1.1157319 1.1201407 1.1231237 1.1376401 1.1191150 1.2039165 1.1106016 1.7758590 1.5358893 1.2162711 1.1502394 1.0994900 1.2359662 1.1683059 1.2542437 1.5012622 1.3829523 1.3747867 1.4099029 1.4372956 1.3588588 1.6593619 1.5238092 1.5496076 1.5287994 1.5586005 1.5839519 1.7598549 
Rhinolophidae     0.4083873 0.5043394 0.4192598 0.4275788 0.4095933 0.4557525 0.5563035 0.4590234 0.4198490 0.3611924 0.4309196 0.0000000 0.5050897 0.4690191 0.4869241 0.8676589 0.8535317 0.8313686 1.0313826 1.0229136 1.0076625 1.0245004 1.0140446 1.0209214 1.0230461 1.0543672 1.0342594 1.0019748 1.0471888 0.9990762 1.7328190 1.2952719 1.0904483 1.0439999 1.0204402 1.0967056 1.0479965 1.0777012 1.4595548 1.3003036 1.3311283 1.3492626 1.3297177 1.2884263 1.6433467 1.3418236 1.4351247 1.5390495 1.4259204 1.4071748 1.9079276 
Viverridae        0.4043445 0.4843861 0.3932532 0.4285773 0.4033993 0.4385943 0.5319938 0.4245652 0.4077575 0.4847791 0.5521252 0.5050897 0.0000000 0.3285470 0.5110226 0.8537760 0.8743228 0.8410999 1.1080326 1.0791168 1.0754408 1.1042084 1.0636200 1.0703599 1.0783474 1.0861905 1.0863744 1.0804646 1.1752847 1.0694551 1.7158028 1.4704939 1.1467613 1.0763015 1.0722190 1.1288974 1.1292719 1.1498614 1.5645965 1.3908660 1.2908726 1.4414541 1.3807220 1.3621329 1.6766529 1.4830457 1.6607935 1.5861999 1.4680685 1.5048635 1.8049503 
Procyonidae       0.4045648 0.4631658 0.3969186 0.4252705 0.4039311 0.4117990 0.5427539 0.4395983 0.3998605 0.4651536 0.5089976 0.4690191 0.3285470 0.0000000 0.4815388 0.8267774 0.8486527 0.8330809 1.0728242 1.0210578 1.0206924 1.0299783 1.0107152 1.0058477 1.0355343 1.0301453 1.0339781 1.0221392 1.1063392 1.0292687 1.6559149 1.4039834 1.0834848 1.0626529 1.0327501 1.0476672 1.0584259 1.0634442 1.4452918 1.3074092 1.2501542 1.4250130 1.3284549 1.2867623 1.6460167 1.4897790 1.4792795 1.5130992 1.4703645 1.4888305 1.8048314 
Myrmecophagidae   0.3832914 0.4893361 0.4016980 0.4306962 0.3784791 0.4246561 0.5576265 0.4405688 0.4494422 0.4876246 0.5398796 0.4869241 0.5110226 0.4815388 0.0000000 0.7839062 0.7956270 0.7845252 1.0419155 1.0286780 1.0109670 1.0281130 1.0026120 1.0082127 1.0293467 1.0234596 1.0056615 0.9929707 1.0459966 0.9624051 1.7316554 1.4667626 1.0579152 0.9769241 0.9781181 1.0545803 1.0064150 1.1070938 1.4940725 1.3013451 1.3194657 1.3763609 1.2979385 1.3071889 1.6294780 1.4546998 1.4949857 1.4599430 1.4404178 1.4037202 1.7153720 
Caluromyidae      0.7078337 0.7865704 0.7130929 0.7052147 0.7321484 0.7394116 0.8819652 0.7632148 0.7315400 0.8215469 0.8801041 0.8676589 0.8537760 0.8267774 0.7839062 0.0000000 0.3896449 0.3824925 1.1265707 1.0715093 1.0576568 1.0578183 1.0601747 1.0482342 1.0584249 1.0637413 1.0730939 1.0609675 1.1174357 0.9997580 1.7531514 1.4374309 1.0921025 1.0188589 1.0074622 1.1584631 1.0944534 1.1464244 1.4961799 1.3657210 1.2928257 1.4212179 1.4336287 1.3012904 1.6286807 1.4436307 1.5845594 1.4823819 1.3201982 1.3542570 1.8944107 
Thylacomyidae     0.6849032 0.8014593 0.7133044 0.7158817 0.7256682 0.7361543 0.9354046 0.7911461 0.8449644 0.8572810 0.8891755 0.8535317 0.8743228 0.8486527 0.7956270 0.3896449 0.0000000 0.3054565 1.1242588 1.1045914 1.0714467 1.1258361 1.1033481 1.1233376 1.1183263 1.1217293 1.1282003 1.1099608 1.1290943 1.0029783 1.5557893 1.3852634 1.1625035 1.0620366 1.0302096 1.1488651 1.1445539 1.1420878 1.4767133 1.3344869 1.2480404 1.3884681 1.3913784 1.3285551 1.6645669 1.4200198 1.6240526 1.4322087 1.2241290 1.2603704 1.8568352 
Phalangeridae     0.6639894 0.7707997 0.7367773 0.7126712 0.7007707 0.7421059 0.8305421 0.7810603 0.7867879 0.7842626 0.8350842 0.8313686 0.8410999 0.8330809 0.7845252 0.3824925 0.3054565 0.0000000 1.0608329 1.0267726 1.0324782 1.0579955 1.0386186 1.0217669 1.0517678 1.0399396 1.0418416 1.0283908 1.0472700 1.0267865 1.4828792 1.3834538 1.0905946 1.0423598 0.9642238 1.0754224 1.0864788 1.0961465 1.3802709 1.3125017 1.2422034 1.3896124 1.3899045 1.2294543 1.5638868 1.3763527 1.4493987 1.4799349 1.3258085 1.3517743 1.9575310 
Tityridae         0.9907580 1.0687677 0.9955060 1.0046651 1.0458509 1.0286069 1.1251341 1.0478339 1.0261883 1.1187996 1.2000823 1.0313826 1.1080326 1.0728242 1.0419155 1.1265707 1.1242588 1.0608329 0.0000000 0.1166267 0.1212425 0.1200558 0.1243176 0.1163372 0.1175932 0.1092125 0.1165183 0.1105775 0.1956276 0.4734409 1.0706070 0.7661967 0.6130120 0.5548333 0.4916479 0.6114559 0.6154541 0.6287655 1.1355166 0.9937561 1.0333464 1.1515896 1.1764724 1.0194672 1.2921352 1.1129151 1.3449847 1.2854789 1.2127855 1.2178389 1.6710570 
Ptilonorhynchidae 1.0141153 1.0537114 0.9778253 0.9756593 1.0287005 1.0123384 1.0720588 1.0116111 1.0226383 1.0744291 1.1058508 1.0229136 1.0791168 1.0210578 1.0286780 1.0715093 1.1045914 1.0267726 0.1166267 0.0000000 0.0757385 0.0780563 0.0765771 0.0645650 0.0725483 0.0612132 0.0646604 0.0614109 0.1707512 0.4486110 1.0502060 0.7460570 0.5959630 0.5223389 0.4541209 0.5847577 0.5723477 0.6051075 1.0992693 0.9638597 1.0218506 1.1596708 1.1466366 1.0415327 1.2703465 1.1242328 1.3142945 1.2369319 1.1508518 1.1588440 1.7220395 
Callaeatidae      0.9906156 1.0542550 0.9657150 0.9735060 1.0010273 1.0041580 1.0935471 0.9925503 1.0220139 1.0563226 1.1096873 1.0076625 1.0754408 1.0206924 1.0109670 1.0576568 1.0714467 1.0324782 0.1212425 0.0757385 0.0000000 0.0702123 0.0676933 0.0601551 0.0691756 0.0579049 0.0591451 0.0580913 0.1753705 0.4613653 1.0549035 0.7615540 0.6028048 0.5328408 0.4679619 0.6180525 0.5908775 0.6178405 1.0796932 0.9675636 1.0175877 1.1599560 1.1436570 1.0476937 1.2905942 1.1196360 1.2654330 1.2830013 1.1859706 1.1940461 1.7066309 
Monarchidae       0.9849356 1.0636682 0.9758461 0.9774216 1.0294647 1.0292944 1.1146150 0.9832456 1.0269104 1.0748690 1.1296202 1.0245004 1.1042084 1.0299783 1.0281130 1.0578183 1.1258361 1.0579955 0.1200558 0.0780563 0.0702123 0.0000000 0.0437841 0.0678913 0.0757991 0.0645224 0.0657900 0.0625253 0.1819412 0.4756740 1.0748788 0.7750043 0.6093378 0.5496928 0.4797978 0.6162131 0.5895860 0.6221265 1.0978212 0.9974761 1.0570876 1.1902172 1.2001601 1.0653806 1.3341058 1.1519632 1.3332547 1.2913820 1.2002199 1.2082998 1.6973672 
Malaconotidae     0.9847843 1.0671850 0.9813315 0.9855007 1.0313832 1.0279519 1.0837023 0.9757091 1.0231416 1.0672020 1.1159946 1.0140446 1.0636200 1.0107152 1.0026120 1.0601747 1.1033481 1.0386186 0.1243176 0.0765771 0.0676933 0.0437841 0.0000000 0.0642937 0.0710174 0.0609565 0.0633005 0.0589652 0.1771540 0.4531097 1.0519365 0.7329618 0.5911211 0.5318155 0.4565579 0.5969349 0.5790091 0.5984883 1.0839117 0.9513972 1.0039392 1.1379445 1.1519676 1.0251906 1.2835100 1.1218315 1.2844307 1.2686518 1.1609054 1.1537534 1.6662409 
Certhiidae        0.9699524 1.0413596 0.9727451 0.9738573 1.0124002 1.0090800 1.0754700 1.0029130 1.0198081 1.0572003 1.1157319 1.0209214 1.0703599 1.0058477 1.0082127 1.0482342 1.1233376 1.0217669 0.1163372 0.0645650 0.0601551 0.0678913 0.0642937 0.0000000 0.0535842 0.0404980 0.0448733 0.0406256 0.1665011 0.4568865 1.0622321 0.7635890 0.5956265 0.5296083 0.4595852 0.6036649 0.5671016 0.6068801 1.0769100 0.9373479 1.0199181 1.1337450 1.1554849 1.0166648 1.2867898 1.1023276 1.2771944 1.2625868 1.1476911 1.1533286 1.6876063 
Cinclidae         1.0110053 1.0561995 0.9765553 0.9812656 1.0373803 1.0201161 1.0956914 0.9965738 1.0419226 1.0660835 1.1201407 1.0230461 1.0783474 1.0355343 1.0293467 1.0584249 1.1183263 1.0517678 0.1175932 0.0725483 0.0691756 0.0757991 0.0710174 0.0535842 0.0000000 0.0470691 0.0536627 0.0482911 0.1772661 0.4629749 1.0590543 0.7664398 0.6057404 0.5432444 0.4684246 0.5907896 0.5752987 0.6133574 1.1229101 0.9646910 1.0001634 1.1343744 1.1477197 1.0213274 1.2833048 1.0954117 1.3022421 1.2813366 1.1525942 1.1614044 1.6668165 
Ploceidae         1.0084200 1.0672026 0.9923594 0.9967976 1.0283662 1.0305397 1.0850271 1.0241438 1.0473596 1.0888904 1.1231237 1.0543672 1.0861905 1.0301453 1.0234596 1.0637413 1.1217293 1.0399396 0.1092125 0.0612132 0.0579049 0.0645224 0.0609565 0.0404980 0.0470691 0.0000000 0.0277747 0.0352768 0.1625632 0.4507414 1.0393348 0.7760347 0.6067029 0.5322336 0.4605230 0.5932509 0.5736626 0.6069313 1.0915502 0.9514013 0.9970626 1.1242721 1.1388133 1.0068089 1.2713664 1.1086395 1.3003145 1.2786111 1.1595206 1.1681502 1.6643649 
Thraupidae        1.0002730 1.0601780 0.9783471 0.9886745 1.0261493 1.0132102 1.0767614 1.0004943 1.0296178 1.0900333 1.1376401 1.0342594 1.0863744 1.0339781 1.0056615 1.0730939 1.1282003 1.0418416 0.1165183 0.0646604 0.0591451 0.0657900 0.0633005 0.0448733 0.0536627 0.0277747 0.0000000 0.0406835 0.1650454 0.4705123 1.0631451 0.7730121 0.6201562 0.5434155 0.4680033 0.6099441 0.5813689 0.6082634 1.1024971 0.9729853 1.0226101 1.1449938 1.1571307 1.0143282 1.3015691 1.1155792 1.2808970 1.3120486 1.1578198 1.1627779 1.7068745 
Alaudidae         0.9941325 1.0451656 0.9588163 0.9778429 1.0083622 1.0087479 1.0741955 0.9820369 1.0143886 1.0478447 1.1191150 1.0019748 1.0804646 1.0221392 0.9929707 1.0609675 1.1099608 1.0283908 0.1105775 0.0614109 0.0580913 0.0625253 0.0589652 0.0406256 0.0482911 0.0352768 0.0406835 0.0000000 0.1618796 0.4581956 1.0427743 0.7578520 0.5987622 0.5290566 0.4565344 0.5964999 0.5578830 0.6028244 1.1141145 0.9631552 1.0030230 1.1140545 1.1321963 1.0204097 1.2782342 1.1044552 1.2840674 1.3003858 1.1625465 1.1682792 1.6521424 
Coraciiformes     1.0534246 1.1260616 1.0646737 1.0466637 1.1087457 1.0921445 1.0935243 1.1093173 1.0705473 1.1179899 1.2039165 1.0471888 1.1752847 1.1063392 1.0459966 1.1174357 1.1290943 1.0472700 0.1956276 0.1707512 0.1753705 0.1819412 0.1771540 0.1665011 0.1772661 0.1625632 0.1650454 0.1618796 0.0000000 0.5077938 1.0689486 0.8154180 0.6266693 0.5868819 0.5191875 0.6738524 0.6288347 0.6708036 1.1763769 1.0596280 1.0942060 1.1375593 1.1928320 1.0174676 1.3185581 1.1582517 1.4247438 1.3014383 1.1607738 1.1709501 1.8197091 
Crocodylidae      0.9953247 1.0706437 0.9801959 0.9625738 1.0083101 1.0396797 1.0589256 1.0233996 1.0423950 1.1057242 1.1106016 0.9990762 1.0694551 1.0292687 0.9624051 0.9997580 1.0029783 1.0267865 0.4734409 0.4486110 0.4613653 0.4756740 0.4531097 0.4568865 0.4629749 0.4507414 0.4705123 0.4581956 0.5077938 0.0000000 1.1496223 0.7471290 0.6184971 0.5652252 0.5012028 0.6433102 0.6358759 0.6308015 1.1229519 0.9666078 1.0407256 1.1435557 1.1282284 1.0180126 1.3618471 1.1247752 1.2539186 1.2754805 1.1253550 1.1145572 1.7490918 
Carettochelyidae  1.6665920 1.7438338 1.6093794 1.5693853 1.6586651 1.7104343 1.6969672 1.7517363 1.7629658 1.7949783 1.7758590 1.7328190 1.7158028 1.6559149 1.7316554 1.7531514 1.5557893 1.4828792 1.0706070 1.0502060 1.0549035 1.0748788 1.0519365 1.0622321 1.0590543 1.0393348 1.0631451 1.0427743 1.0689486 1.1496223 0.0000000 1.0959505 1.2508439 1.0921039 1.0352603 1.2171817 1.2279373 1.2099702 1.8423994 1.8279059 1.7646996 1.8570047 1.8681641 1.6499053 1.9950770 1.7797399 2.0187315 1.9454860 1.5328263 1.5360951 2.5251206 
Kinosternidae     1.3392760 1.4040525 1.3598946 1.3725808 1.3955431 1.3741389 1.4449390 1.3857453 1.3829234 1.4626582 1.5358893 1.2952719 1.4704939 1.4039834 1.4667626 1.4374309 1.3852634 1.3834538 0.7661967 0.7460570 0.7615540 0.7750043 0.7329618 0.7635890 0.7664398 0.7760347 0.7730121 0.7578520 0.8154180 0.7471290 1.0959505 0.0000000 0.8937154 0.8400388 0.7821541 0.8783243 0.8508041 0.9738717 1.4100462 1.3295413 1.1873825 1.4779567 1.3752692 1.2216238 1.5547053 1.3157816 1.4880924 1.6703108 1.3755306 1.3676814 2.1982593 
Anomalepididae    1.0291549 1.0847079 0.9920148 0.9848650 1.0414032 1.0097928 1.1526504 1.0995262 1.0864813 1.0930212 1.2162711 1.0904483 1.1467613 1.0834848 1.0579152 1.0921025 1.1625035 1.0905946 0.6130120 0.5959630 0.6028048 0.6093378 0.5911211 0.5956265 0.6057404 0.6067029 0.6201562 0.5987622 0.6266693 0.6184971 1.2508439 0.8937154 0.0000000 0.2809096 0.2323484 0.3877960 0.3642794 0.4579121 1.1193684 1.0887313 1.0098320 1.0625196 1.0765049 1.0111637 1.2528275 1.0646060 1.2493299 1.2828858 1.1756371 1.1711014 1.7689323 
Loxocemidae       0.9449544 0.9717101 0.9242369 0.9149504 0.9533992 0.9437580 1.0545466 1.0209411 1.0194068 1.0491093 1.1502394 1.0439999 1.0763015 1.0626529 0.9769241 1.0188589 1.0620366 1.0423598 0.5548333 0.5223389 0.5328408 0.5496928 0.5318155 0.5296083 0.5432444 0.5322336 0.5434155 0.5290566 0.5868819 0.5652252 1.0921039 0.8400388 0.2809096 0.0000000 0.1530342 0.3475388 0.3290658 0.4081925 1.0526630 0.9890562 0.9893637 1.0663433 1.0580094 0.9967244 1.2586340 1.0683225 1.2174126 1.2433814 1.1013568 1.0843461 1.8265472 
Natricidae        0.9341813 0.9950736 0.9236176 0.9235574 0.9541726 0.9314369 1.0297620 1.0225768 1.0137704 1.0297779 1.0994900 1.0204402 1.0722190 1.0327501 0.9781181 1.0074622 1.0302096 0.9642238 0.4916479 0.4541209 0.4679619 0.4797978 0.4565579 0.4595852 0.4684246 0.4605230 0.4680033 0.4565344 0.5191875 0.5012028 1.0352603 0.7821541 0.2323484 0.1530342 0.0000000 0.3017542 0.2939988 0.3838133 1.0497033 0.9937270 0.9991284 1.0574960 1.0503244 0.9588301 1.2508303 1.0587527 1.2376513 1.1923182 1.0242825 1.0137246 1.7347371 
Xenosauridae      1.0120634 1.0593634 0.9695751 0.9807498 1.0250829 0.9838275 1.1390263 1.0941965 1.0668123 1.1283707 1.2359662 1.0967056 1.1288974 1.0476672 1.0545803 1.1584631 1.1488651 1.0754224 0.6114559 0.5847577 0.6180525 0.6162131 0.5969349 0.6036649 0.5907896 0.5932509 0.6099441 0.5964999 0.6738524 0.6433102 1.2171817 0.8783243 0.3877960 0.3475388 0.3017542 0.0000000 0.3818036 0.4110756 1.1609878 1.0899421 1.0730257 1.1959831 1.1515227 1.0563773 1.3167884 1.1645341 1.3523621 1.3608719 1.2177737 1.2154447 1.8561035 
Teiidae           0.9710412 1.0050042 0.9353211 0.9219128 0.9695466 0.9797726 1.0683840 1.0346485 1.0157093 1.0963387 1.1683059 1.0479965 1.1292719 1.0584259 1.0064150 1.0944534 1.1445539 1.0864788 0.6154541 0.5723477 0.5908775 0.5895860 0.5790091 0.5671016 0.5752987 0.5736626 0.5813689 0.5578830 0.6288347 0.6358759 1.2279373 0.8508041 0.3642794 0.3290658 0.2939988 0.3818036 0.0000000 0.4534965 1.0904082 1.0905159 1.0180069 1.1092516 1.0478177 0.9971082 1.3516262 1.0845468 1.2219770 1.2556286 1.0958198 1.0985124 1.8713626 
Eublepharidae     1.0201092 1.0939535 0.9745262 0.9939678 1.0439525 1.0501268 1.1543978 1.1209561 1.0716188 1.1204692 1.2542437 1.0777012 1.1498614 1.0634442 1.1070938 1.1464244 1.1420878 1.0961465 0.6287655 0.6051075 0.6178405 0.6221265 0.5984883 0.6068801 0.6133574 0.6069313 0.6082634 0.6028244 0.6708036 0.6308015 1.2099702 0.9738717 0.4579121 0.4081925 0.3838133 0.4110756 0.4534965 0.0000000 1.1430483 1.0801428 1.0517264 1.1482567 1.0948400 1.0300244 1.2554586 1.1132962 1.3145542 1.2719553 1.1503840 1.1777326 1.8390653 
Dicamptodontidae  1.3904041 1.4604855 1.4392176 1.3477195 1.3531862 1.3345231 1.5071892 1.4431461 1.4201562 1.4343577 1.5012622 1.4595548 1.5645965 1.4452918 1.4940725 1.4961799 1.4767133 1.3802709 1.1355166 1.0992693 1.0796932 1.0978212 1.0839117 1.0769100 1.1229101 1.0915502 1.1024971 1.1141145 1.1763769 1.1229519 1.8423994 1.4100462 1.1193684 1.0526630 1.0497033 1.1609878 1.0904082 1.1430483 0.0000000 0.8821649 0.8580334 0.9584479 0.9468610 0.8159302 1.0852561 0.9734745 1.1897954 1.6405923 1.3721267 1.3433787 1.9747033 
Alytidae          1.2582135 1.2743140 1.2736980 1.2790445 1.2561961 1.2794600 1.3865828 1.2845875 1.2837809 1.4045784 1.3829523 1.3003036 1.3908660 1.3074092 1.3013451 1.3657210 1.3344869 1.3125017 0.9937561 0.9638597 0.9675636 0.9974761 0.9513972 0.9373479 0.9646910 0.9514013 0.9729853 0.9631552 1.0596280 0.9666078 1.8279059 1.3295413 1.0887313 0.9890562 0.9937270 1.0899421 1.0905159 1.0801428 0.8821649 0.0000000 0.7082508 0.7455358 0.7389406 0.6453042 0.9216292 0.7995750 1.1724887 1.5403110 1.3392181 1.3694543 2.1249126 
Heleophrynidae    1.2437013 1.1994717 1.2162536 1.2003107 1.2407537 1.1493087 1.3981607 1.1726504 1.2668207 1.3223142 1.3747867 1.3311283 1.2908726 1.2501542 1.3194657 1.2928257 1.2480404 1.2422034 1.0333464 1.0218506 1.0175877 1.0570876 1.0039392 1.0199181 1.0001634 0.9970626 1.0226101 1.0030230 1.0942060 1.0407256 1.7646996 1.1873825 1.0098320 0.9893637 0.9991284 1.0730257 1.0180069 1.0517264 0.8580334 0.7082508 0.0000000 0.4543886 0.4523559 0.3894220 0.6347030 0.5179211 1.0983220 1.6782631 1.3450777 1.3357793 1.9032629 
Leptodactylidae   1.3476253 1.3215122 1.3405297 1.3918610 1.3725501 1.3783040 1.4871961 1.3937301 1.4254438 1.4021822 1.4099029 1.3492626 1.4414541 1.4250130 1.3763609 1.4212179 1.3884681 1.3896124 1.1515896 1.1596708 1.1599560 1.1902172 1.1379445 1.1337450 1.1343744 1.1242721 1.1449938 1.1140545 1.1375593 1.1435557 1.8570047 1.4779567 1.0625196 1.0663433 1.0574960 1.1959831 1.1092516 1.1482567 0.9584479 0.7455358 0.4543886 0.0000000 0.1972717 0.4099711 0.6286742 0.5069486 1.1262889 1.5101791 1.3294588 1.3433906 1.8071842 
Strabomantidae    1.3502188 1.3052340 1.2236987 1.2952332 1.3459469 1.3011184 1.4368952 1.3774557 1.3499973 1.4001413 1.4372956 1.3297177 1.3807220 1.3284549 1.2979385 1.4336287 1.3913784 1.3899045 1.1764724 1.1466366 1.1436570 1.2001601 1.1519676 1.1554849 1.1477197 1.1388133 1.1571307 1.1321963 1.1928320 1.1282284 1.8681641 1.3752692 1.0765049 1.0580094 1.0503244 1.1515227 1.0478177 1.0948400 0.9468610 0.7389406 0.4523559 0.1972717 0.0000000 0.4067737 0.6211291 0.4901811 1.1422070 1.5841183 1.3329907 1.3429762 1.8281577 
Micrixalidae      1.2244404 1.2543076 1.2220257 1.2515537 1.2372748 1.1842936 1.3500154 1.2534881 1.2104314 1.3046976 1.3588588 1.2884263 1.3621329 1.2867623 1.3071889 1.3012904 1.3285551 1.2294543 1.0194672 1.0415327 1.0476937 1.0653806 1.0251906 1.0166648 1.0213274 1.0068089 1.0143282 1.0204097 1.0174676 1.0180126 1.6499053 1.2216238 1.0111637 0.9967244 0.9588301 1.0563773 0.9971082 1.0300244 0.8159302 0.6453042 0.3894220 0.4099711 0.4067737 0.0000000 0.4666849 0.3020307 1.0468509 1.5386055 1.2183185 1.2031786 1.8934685 
Hemisotidae       1.6422051 1.6115719 1.6122464 1.6183574 1.6043054 1.5167609 1.6666318 1.5405443 1.6358618 1.6390235 1.6593619 1.6433467 1.6766529 1.6460167 1.6294780 1.6286807 1.6645669 1.5638868 1.2921352 1.2703465 1.2905942 1.3341058 1.2835100 1.2867898 1.2833048 1.2713664 1.3015691 1.2782342 1.3185581 1.3618471 1.9950770 1.5547053 1.2528275 1.2586340 1.2508303 1.3167884 1.3516262 1.2554586 1.0852561 0.9216292 0.6347030 0.6286742 0.6211291 0.4666849 0.0000000 0.5610864 1.3514486 1.8299323 1.5746552 1.5801380 2.2606216 
Asterophryidae    1.3671906 1.3441918 1.3006006 1.3029515 1.3633497 1.2802327 1.4957533 1.3435121 1.3123558 1.3871883 1.5238092 1.3418236 1.4830457 1.4897790 1.4546998 1.4436307 1.4200198 1.3763527 1.1129151 1.1242328 1.1196360 1.1519632 1.1218315 1.1023276 1.0954117 1.1086395 1.1155792 1.1044552 1.1582517 1.1247752 1.7797399 1.3157816 1.0646060 1.0683225 1.0587527 1.1645341 1.0845468 1.1132962 0.9734745 0.7995750 0.5179211 0.5069486 0.4901811 0.3020307 0.5610864 0.0000000 1.1945369 1.7337023 1.4109452 1.3998674 1.9690409 
Caeciliidae2      1.4356206 1.5141947 1.5017682 1.4938037 1.4026263 1.4142539 1.4876737 1.4525724 1.4159816 1.4791605 1.5496076 1.4351247 1.6607935 1.4792795 1.4949857 1.5845594 1.6240526 1.4493987 1.3449847 1.3142945 1.2654330 1.3332547 1.2844307 1.2771944 1.3022421 1.3003145 1.2808970 1.2840674 1.4247438 1.2539186 2.0187315 1.4880924 1.2493299 1.2174126 1.2376513 1.3523621 1.2219770 1.3145542 1.1897954 1.1724887 1.0983220 1.1262889 1.1422070 1.0468509 1.3514486 1.1945369 0.0000000 1.7377802 1.4466107 1.4205508 2.3239383 
Polypteriformes   1.4873903 1.4924594 1.5093514 1.4391212 1.4376349 1.4349164 1.5076957 1.4535283 1.4705101 1.5739361 1.5287994 1.5390495 1.5861999 1.5130992 1.4599430 1.4823819 1.4322087 1.4799349 1.2854789 1.2369319 1.2830013 1.2913820 1.2686518 1.2625868 1.2813366 1.2786111 1.3120486 1.3003858 1.3014383 1.2754805 1.9454860 1.6703108 1.2828858 1.2433814 1.1923182 1.3608719 1.2556286 1.2719553 1.6405923 1.5403110 1.6782631 1.5101791 1.5841183 1.5386055 1.8299323 1.7337023 1.7377802 0.0000000 0.9521846 0.9516307 1.6305794 
Channichthyidae   1.3767366 1.4354262 1.3849687 1.3349678 1.3930957 1.3964882 1.5266464 1.4989454 1.4370642 1.4632281 1.5586005 1.4259204 1.4680685 1.4703645 1.4404178 1.3201982 1.2241290 1.3258085 1.2127855 1.1508518 1.1859706 1.2002199 1.1609054 1.1476911 1.1525942 1.1595206 1.1578198 1.1625465 1.1607738 1.1253550 1.5328263 1.3755306 1.1756371 1.1013568 1.0242825 1.2177737 1.0958198 1.1503840 1.3721267 1.3392181 1.3450777 1.3294588 1.3329907 1.2183185 1.5746552 1.4109452 1.4466107 0.9521846 0.0000000 0.0386352 1.6276568 
Pseudaphritidae   1.3792563 1.4645023 1.3958507 1.3660487 1.3898870 1.3958266 1.5262463 1.4980847 1.4547188 1.4962148 1.5839519 1.4071748 1.5048635 1.4888305 1.4037202 1.3542570 1.2603704 1.3517743 1.2178389 1.1588440 1.1940461 1.2082998 1.1537534 1.1533286 1.1614044 1.1681502 1.1627779 1.1682792 1.1709501 1.1145572 1.5360951 1.3676814 1.1711014 1.0843461 1.0137246 1.2154447 1.0985124 1.1777326 1.3433787 1.3694543 1.3357793 1.3433906 1.3429762 1.2031786 1.5801380 1.3998674 1.4205508 0.9516307 0.0386352 0.0000000 1.5652024 
Carcharhinidae    1.7668687 1.6773990 1.6983328 1.7174571 1.8513700 1.8043075 1.9329956 1.8599912 1.8205002 1.8341816 1.7598549 1.9079276 1.8049503 1.8048314 1.7153720 1.8944107 1.8568352 1.9575310 1.6710570 1.7220395 1.7066309 1.6973672 1.6662409 1.6876063 1.6668165 1.6643649 1.7068745 1.6521424 1.8197091 1.7490918 2.5251206 2.1982593 1.7689323 1.8265472 1.7347371 1.8561035 1.8713626 1.8390653 1.9747033 2.1249126 1.9032629 1.8071842 1.8281577 1.8934685 2.2606216 1.9690409 2.3239383 1.6305794 1.6276568 1.5652024 0.0000000 
