51
Pitheciidae       0.0000000 0.1299370 0.1279793 0.1291732 0.1231715 0.1098958 0.1334654 0.1522545 0.1504798 0.1217205 0.1169756 0.1227890 0.1503569 0.1392841 0.1510726 0.2883905 0.2957200 0.2691378 0.9755597 0.9905128 0.9147198 0.9448948 0.8936001 0.9398510 0.8859340 0.9366267 0.9294911 0.9716411 0.9579078 0.6891519 0.6884568 0.6458419 0.6769671 0.5890905 0.6082347 0.7606635 0.7843575 0.6840931 0.8312748 0.8140555 1.1406079 1.1941474 1.1834035 1.1135864 1.0236583 1.1950250 0.7972001 1.2109561 1.3992280 1.3258443 3.0629344 
Scandentia        0.1299370 0.0000000 0.1379447 0.1403375 0.1354910 0.1222332 0.1473293 0.1623905 0.1583400 0.1316185 0.1246599 0.1352413 0.1681140 0.1469272 0.1536616 0.2840332 0.3013924 0.2808732 0.9694181 0.9633935 0.8929887 0.9249591 0.8912946 0.9397439 0.8786067 0.9281674 0.9298424 0.9864716 0.9861655 0.6586186 0.6766844 0.6279257 0.7026792 0.5792107 0.6315462 0.7656461 0.7857804 0.6869349 0.7982427 0.8458437 1.1980884 1.1679683 1.1773670 1.1506711 1.0448795 1.2076004 0.8141908 1.2169341 1.4039299 1.3099179 3.3351401 
Erethizontidae    0.1279793 0.1379447 0.0000000 0.0458395 0.1079644 0.0972043 0.1327797 0.1415161 0.1316133 0.1151066 0.1117268 0.1151783 0.1495735 0.1308723 0.1430419 0.2809553 0.2978414 0.2685690 0.9925242 0.9522962 0.9071253 0.9425720 0.8752172 0.9203083 0.8928714 0.9257671 0.9322283 0.9627929 0.9686140 0.6602438 0.6811950 0.6372594 0.6645680 0.5971312 0.6173261 0.7738195 0.7908050 0.6681033 0.8159034 0.8257526 1.1599476 1.1479482 1.1206549 1.1113860 1.0235899 1.1692279 0.7868373 1.2148806 1.4573628 1.3559708 3.1113125 
Capromyidae       0.1291732 0.1403375 0.0458395 0.0000000 0.1115898 0.0973372 0.1387843 0.1500437 0.1460534 0.1174475 0.1163920 0.1221851 0.1554840 0.1330807 0.1454684 0.2871354 0.3026930 0.2760288 0.9927397 0.9527903 0.9073928 0.9426921 0.8701284 0.9426938 0.8957999 0.9430904 0.9382097 0.9628765 0.9692192 0.6654370 0.6833510 0.6394513 0.6583325 0.6012018 0.6194706 0.7759232 0.7983403 0.6653122 0.8188653 0.8115647 1.1550924 1.1271761 1.0933983 1.1044649 1.0169706 1.1453522 0.7989140 1.2186458 1.4827515 1.3951055 3.1562439 
Muridae           0.1231715 0.1354910 0.1079644 0.1115898 0.0000000 0.0791459 0.1265882 0.1390519 0.1363394 0.1127360 0.1082034 0.1116275 0.1434597 0.1215310 0.1320332 0.2711861 0.2831935 0.2664031 0.9683224 0.9277443 0.8705305 0.9018260 0.8501851 0.9242585 0.8511790 0.9045546 0.9225593 0.9328944 0.9561371 0.6582574 0.6673340 0.6018743 0.6561543 0.5599930 0.5824076 0.7410598 0.7605202 0.6563078 0.7999565 0.8142886 1.1370930 1.1240722 1.1257564 1.1196959 1.0474579 1.1862758 0.7774401 1.2529947 1.4424983 1.3452294 3.0413185 
Castoridae        0.1098958 0.1222332 0.0972043 0.0973372 0.0791459 0.0000000 0.1169107 0.1305660 0.1301031 0.1033053 0.0988157 0.0987743 0.1311797 0.1094718 0.1246989 0.2543599 0.2750120 0.2552984 0.9437407 0.9493020 0.8991079 0.9060393 0.8441786 0.9289483 0.8716896 0.9116876 0.9103856 0.9486686 0.9517268 0.6507251 0.6786838 0.6115840 0.6631842 0.5688035 0.5961534 0.7475329 0.7675350 0.6570926 0.7788229 0.8244315 1.1540620 1.1237347 1.0904374 1.1101287 1.0111005 1.1602841 0.7918182 1.1983490 1.4480974 1.3533883 3.0094458 
Suidae            0.1334654 0.1473293 0.1327797 0.1387843 0.1265882 0.1169107 0.0000000 0.0845108 0.0853367 0.1003452 0.0935582 0.1026968 0.1332444 0.1126495 0.1476575 0.2815968 0.2991203 0.2828230 0.9692624 0.9926916 0.8951577 0.9080201 0.8636316 0.9422411 0.8972765 0.9363902 0.9494507 0.9593791 0.9430125 0.6880785 0.7007152 0.6383775 0.6682706 0.5932712 0.6120450 0.7794198 0.7916192 0.6731051 0.8165172 0.8362486 1.1766582 1.1489006 1.1431571 1.1326764 1.0245107 1.2062042 0.8252100 1.2746996 1.4892617 1.4147333 3.0679018 
Hippopotamidae    0.1522545 0.1623905 0.1415161 0.1500437 0.1390519 0.1305660 0.0845108 0.0000000 0.0855422 0.1088220 0.1042750 0.1100372 0.1422324 0.1225297 0.1580407 0.2994239 0.3093895 0.2947708 0.9811874 0.9749672 0.8977002 0.9136287 0.8612010 0.9359402 0.8838748 0.9359716 0.9433253 0.9737437 0.9540656 0.6793909 0.6997389 0.6463941 0.6793312 0.6022945 0.6338288 0.7685002 0.8010623 0.6872924 0.8298836 0.8476307 1.2234340 1.1554774 1.1482300 1.1419469 1.0470596 1.2065408 0.8433044 1.2571762 1.5044528 1.4061786 3.0952150 
Hyperoodontidae   0.1504798 0.1583400 0.1316133 0.1460534 0.1363394 0.1301031 0.0853367 0.0855422 0.0000000 0.1107576 0.1062198 0.1143134 0.1453113 0.1208936 0.1560403 0.3044697 0.3194142 0.2968836 0.9971527 1.0087183 0.9149256 0.9169116 0.8699122 0.9459596 0.8871672 0.9487793 0.9620718 0.9781012 0.9609361 0.6709754 0.6863628 0.6536606 0.6660939 0.5867568 0.6135452 0.7880823 0.7715383 0.6616352 0.8583573 0.8549904 1.1872921 1.1624715 1.1222509 1.1370762 1.0216629 1.1836339 0.8235060 1.2651710 1.4611399 1.3705119 3.1090767 
Vespertilionidae  0.1217205 0.1316185 0.1151066 0.1174475 0.1127360 0.1033053 0.1003452 0.1088220 0.1107576 0.0000000 0.0460982 0.0536211 0.1201640 0.0932150 0.1319032 0.2686282 0.2753057 0.2583207 0.9430921 0.9227530 0.8628457 0.8802295 0.8220825 0.9364040 0.8569587 0.9194788 0.9262625 0.9449226 0.9305523 0.6481899 0.6719958 0.5964870 0.6568651 0.5669639 0.5915956 0.7367056 0.7632806 0.6446523 0.7859808 0.8132324 1.1560581 1.1611058 1.1368866 1.0953486 1.0255185 1.1490094 0.7901595 1.2130145 1.4325926 1.3317337 3.0631376 
Furipteridae      0.1169756 0.1246599 0.1117268 0.1163920 0.1082034 0.0988157 0.0935582 0.1042750 0.1062198 0.0460982 0.0000000 0.0537351 0.1142779 0.0887541 0.1249401 0.2675841 0.2785408 0.2541156 0.9347169 0.9152221 0.8581087 0.8751667 0.8176469 0.9085744 0.8367368 0.9061058 0.9181744 0.9282383 0.9255595 0.6503676 0.6529079 0.6006025 0.6604338 0.5707908 0.5894626 0.7424445 0.7901797 0.6417719 0.7857262 0.8200213 1.1596141 1.1242257 1.1189412 1.1167309 1.0286407 1.1700350 0.7869179 1.1804649 1.4363346 1.3314530 2.9753291 
Rhinolophidae     0.1227890 0.1352413 0.1151783 0.1221851 0.1116275 0.0987743 0.1026968 0.1100372 0.1143134 0.0536211 0.0537351 0.0000000 0.1190464 0.0955398 0.1270660 0.2752853 0.2906222 0.2662078 0.9681040 0.9588775 0.8936564 0.9150019 0.8524507 0.9464781 0.8904513 0.9464673 0.9449075 0.9729736 0.9731106 0.6687870 0.7036435 0.6319332 0.6722239 0.5947137 0.6098688 0.7576710 0.7935590 0.6706999 0.8065235 0.8521285 1.1694406 1.1609517 1.1562831 1.1617653 1.0776578 1.1939034 0.7930206 1.2135775 1.4415877 1.3405836 3.0955427 
Viverridae        0.1503569 0.1681140 0.1495735 0.1554840 0.1434597 0.1311797 0.1332444 0.1422324 0.1453113 0.1201640 0.1142779 0.1190464 0.0000000 0.0728317 0.1647527 0.3013619 0.3207058 0.2951386 1.0013057 0.9953565 0.9248668 0.9378320 0.8843747 0.9559529 0.8833439 0.9618200 0.9606070 0.9527414 0.9988674 0.6847507 0.7316540 0.6586344 0.6843041 0.6107677 0.6285606 0.7614446 0.8089612 0.6760379 0.8469873 0.8672851 1.1489728 1.1743858 1.1637236 1.1249008 0.9998499 1.2024922 0.8398166 1.2196060 1.4909309 1.3791989 3.3187010 
Procyonidae       0.1392841 0.1469272 0.1308723 0.1330807 0.1215310 0.1094718 0.1126495 0.1225297 0.1208936 0.0932150 0.0887541 0.0955398 0.0728317 0.0000000 0.1419986 0.2793010 0.3025387 0.2794744 0.9743489 0.9770729 0.8843701 0.9127742 0.8612624 0.9587825 0.8833113 0.9616137 0.9544905 0.9500367 0.9627751 0.6735864 0.7128890 0.6495192 0.6685982 0.6005918 0.6158725 0.7767046 0.8018670 0.6659773 0.8374616 0.8565569 1.1660021 1.1698292 1.1358771 1.1185216 1.0275137 1.1942508 0.8186839 1.2211989 1.4788908 1.3989189 3.2064133 
Myrmecophagidae   0.1510726 0.1536616 0.1430419 0.1454684 0.1320332 0.1246989 0.1476575 0.1580407 0.1560403 0.1319032 0.1249401 0.1270660 0.1647527 0.1419986 0.0000000 0.2856570 0.2968209 0.2835385 1.0078905 0.9935267 0.9074898 0.9600260 0.9000972 0.9750821 0.9150845 0.9750592 0.9651217 0.9989997 0.9931357 0.6634833 0.6956492 0.6303846 0.6566602 0.5916044 0.6234874 0.7764338 0.7779131 0.6689039 0.8256573 0.8565061 1.1889032 1.1485404 1.1225826 1.1436365 1.0079142 1.1619733 0.8379239 1.2292369 1.5067776 1.4104607 3.2117010 
Caluromyidae      0.2883905 0.2840332 0.2809553 0.2871354 0.2711861 0.2543599 0.2815968 0.2994239 0.3044697 0.2686282 0.2675841 0.2752853 0.3013619 0.2793010 0.2856570 0.0000000 0.1204473 0.0987179 0.9065532 0.9281816 0.8639028 0.9128760 0.8509313 0.9010111 0.8763081 0.8807739 0.9151322 0.9282960 0.9330270 0.6436522 0.6455981 0.6049195 0.6720405 0.5724068 0.5837128 0.7027499 0.7653408 0.6390670 0.7947058 0.8642515 1.0648203 1.1312314 1.1076983 1.1161472 0.9888657 1.1228467 0.8299573 1.2867058 1.3677032 1.2882215 3.3123623 
Thylacomyidae     0.2957200 0.3013924 0.2978414 0.3026930 0.2831935 0.2750120 0.2991203 0.3093895 0.3194142 0.2753057 0.2785408 0.2906222 0.3207058 0.3025387 0.2968209 0.1204473 0.0000000 0.0906836 0.9127260 0.8935789 0.8362697 0.8835873 0.8465941 0.8939703 0.8431815 0.8845124 0.8937557 0.9095375 0.9034212 0.6170010 0.6251906 0.5927749 0.6921000 0.5875966 0.6019946 0.7019063 0.7949895 0.6553743 0.7889184 0.8541659 1.0432863 1.1517628 1.1591979 1.1426592 1.0372375 1.1303296 0.8182023 1.2425119 1.3829009 1.3181753 3.1364326 
Phalangeridae     0.2691378 0.2808732 0.2685690 0.2760288 0.2664031 0.2552984 0.2828230 0.2947708 0.2968836 0.2583207 0.2541156 0.2662078 0.2951386 0.2794744 0.2835385 0.0987179 0.0906836 0.0000000 0.9176271 0.9040041 0.8545559 0.8843050 0.8447741 0.8699004 0.8513165 0.8714376 0.8888946 0.9042007 0.9426244 0.6404103 0.6268227 0.6089055 0.6767600 0.5738507 0.5868319 0.6996079 0.7738619 0.6590684 0.7958426 0.8304668 1.0688594 1.1328935 1.1122992 1.1454281 1.0309670 1.1491837 0.8064379 1.1832007 1.3470770 1.2964355 3.1698550 
Tityridae         0.9755597 0.9694181 0.9925242 0.9927397 0.9683224 0.9437407 0.9692624 0.9811874 0.9971527 0.9430921 0.9347169 0.9681040 1.0013057 0.9743489 1.0078905 0.9065532 0.9127260 0.9176271 0.0000000 0.4243543 0.3826424 0.4059485 0.3566321 0.3983306 0.3826622 0.4011338 0.4332006 0.4191637 0.4928504 0.6328043 0.6404523 0.6231092 0.7354666 0.7156485 0.7290081 0.8042549 0.8292350 0.7510041 1.0072272 1.0728897 1.2967024 1.3342740 1.3834436 1.2765119 1.2723354 1.2039556 1.0420740 1.5362561 1.7848990 1.7184096 3.4220062 
Ptilonorhynchidae 0.9905128 0.9633935 0.9522962 0.9527903 0.9277443 0.9493020 0.9926916 0.9749672 1.0087183 0.9227530 0.9152221 0.9588775 0.9953565 0.9770729 0.9935267 0.9281816 0.8935789 0.9040041 0.4243543 0.0000000 0.2452842 0.2751427 0.2607397 0.2861330 0.2855217 0.2988311 0.3223480 0.3144590 0.4784221 0.6435767 0.6444031 0.6256345 0.7305299 0.6969672 0.7162209 0.8493863 0.7956103 0.7370749 1.0308365 1.1281112 1.2969523 1.3648993 1.3846409 1.3245003 1.1888825 1.2880962 1.0235188 1.5867001 1.7083435 1.6793768 3.8459557 
Callaeatidae      0.9147198 0.8929887 0.9071253 0.9073928 0.8705305 0.8991079 0.8951577 0.8977002 0.9149256 0.8628457 0.8581087 0.8936564 0.9248668 0.8843701 0.9074898 0.8639028 0.8362697 0.8545559 0.3826424 0.2452842 0.0000000 0.1763731 0.1556313 0.1825041 0.1883777 0.2187254 0.2349411 0.2131362 0.4294865 0.5673125 0.5601333 0.5420374 0.6851084 0.6431173 0.6103651 0.7657365 0.7988475 0.6831483 0.9603343 1.0569451 1.2004738 1.2938067 1.3353538 1.2461580 1.1259999 1.1782589 0.9673315 1.3793258 1.5739052 1.5729361 4.4395461 
Monarchidae       0.9448948 0.9249591 0.9425720 0.9426921 0.9018260 0.9060393 0.9080201 0.9136287 0.9169116 0.8802295 0.8751667 0.9150019 0.9378320 0.9127742 0.9600260 0.9128760 0.8835873 0.8843050 0.4059485 0.2751427 0.1763731 0.0000000 0.1143596 0.2025260 0.2072882 0.2390426 0.2635446 0.2325670 0.4246646 0.5818728 0.5830167 0.5820854 0.7033378 0.6721046 0.6553893 0.7864659 0.8179108 0.7079472 0.9936960 1.1240848 1.2754947 1.3387532 1.3413865 1.3282676 1.2340466 1.2627915 0.9920784 1.4283920 1.5554467 1.5648993 3.5522618 
Malaconotidae     0.8936001 0.8912946 0.8752172 0.8701284 0.8501851 0.8441786 0.8636316 0.8612010 0.8699122 0.8220825 0.8176469 0.8524507 0.8843747 0.8612624 0.9000972 0.8509313 0.8465941 0.8447741 0.3566321 0.2607397 0.1556313 0.1143596 0.0000000 0.1857344 0.1918393 0.2179335 0.2443258 0.2116333 0.4004798 0.5513821 0.5581497 0.5445264 0.6867516 0.6570037 0.6364235 0.7944136 0.7802728 0.6875027 0.9400885 1.0366937 1.2327959 1.2538188 1.2277366 1.2210164 1.1440492 1.1514144 0.9676459 1.3640684 1.5879240 1.5694573 3.7953063 
Certhiidae        0.9398510 0.9397439 0.9203083 0.9426938 0.9242585 0.9289483 0.9422411 0.9359402 0.9459596 0.9364040 0.9085744 0.9464781 0.9559529 0.9587825 0.9750821 0.9010111 0.8939703 0.8699004 0.3983306 0.2861330 0.1825041 0.2025260 0.1857344 0.0000000 0.1661907 0.1819074 0.1958444 0.1952423 0.4486988 0.5827250 0.5813951 0.5830974 0.7031054 0.6640439 0.6734617 0.7998103 0.8045598 0.7188547 0.9828017 1.1103489 1.2673773 1.3505934 1.4241953 1.3230031 1.2006622 1.2262822 0.9821241 1.4080058 1.6085700 1.5910633 3.6970792 
Cinclidae         0.8859340 0.8786067 0.8928714 0.8957999 0.8511790 0.8716896 0.8972765 0.8838748 0.8871672 0.8569587 0.8367368 0.8904513 0.8833439 0.8833113 0.9150845 0.8763081 0.8431815 0.8513165 0.3826622 0.2855217 0.1883777 0.2072882 0.1918393 0.1661907 0.0000000 0.1926117 0.2192585 0.2020255 0.4353771 0.5928942 0.5713875 0.5805072 0.7018452 0.6651723 0.6622469 0.8132593 0.8032738 0.7240665 1.0008311 1.0909691 1.2735456 1.3272092 1.3460522 1.2814135 1.2256478 1.2278452 0.9445367 1.4030725 1.5771779 1.5314229 3.8382197 
Ploceidae         0.9366267 0.9281674 0.9257671 0.9430904 0.9045546 0.9116876 0.9363902 0.9359716 0.9487793 0.9194788 0.9061058 0.9464673 0.9618200 0.9616137 0.9750592 0.8807739 0.8845124 0.8714376 0.4011338 0.2988311 0.2187254 0.2390426 0.2179335 0.1819074 0.1926117 0.0000000 0.1590414 0.2152591 0.4596307 0.6204353 0.6263856 0.6240420 0.7249363 0.6824485 0.6802734 0.7997960 0.8047321 0.7438684 1.0263924 1.0957387 1.2533580 1.3345080 1.3550016 1.2897841 1.2172936 1.2211258 1.0158875 1.3964602 1.5708836 1.5215318 3.7453220 
Thraupidae        0.9294911 0.9298424 0.9322283 0.9382097 0.9225593 0.9103856 0.9494507 0.9433253 0.9620718 0.9262625 0.9181744 0.9449075 0.9606070 0.9544905 0.9651217 0.9151322 0.8937557 0.8888946 0.4332006 0.3223480 0.2349411 0.2635446 0.2443258 0.1958444 0.2192585 0.1590414 0.0000000 0.2232900 0.4913458 0.6361282 0.6502378 0.6284363 0.7491942 0.6938126 0.7090307 0.8102588 0.8348819 0.7598722 1.0502793 1.1702551 1.2965046 1.3950531 1.4077975 1.3004579 1.2229026 1.2622804 1.0503572 1.4383073 1.7526745 1.6825193 3.8544377 
Alaudidae         0.9716411 0.9864716 0.9627929 0.9628765 0.9328944 0.9486686 0.9593791 0.9737437 0.9781012 0.9449226 0.9282383 0.9729736 0.9527414 0.9500367 0.9989997 0.9282960 0.9095375 0.9042007 0.4191637 0.3144590 0.2131362 0.2325670 0.2116333 0.1952423 0.2020255 0.2152591 0.2232900 0.0000000 0.4852528 0.6122417 0.5953536 0.5860618 0.7475219 0.6888932 0.6807695 0.8175113 0.8498485 0.7194793 1.0399657 1.1430291 1.2508745 1.3600631 1.3942639 1.3009907 1.2104753 1.2630201 0.9769237 1.3496071 1.5598372 1.5196230 3.5242461 
Coraciiformes     0.9579078 0.9861655 0.9686140 0.9692192 0.9561371 0.9517268 0.9430125 0.9540656 0.9609361 0.9305523 0.9255595 0.9731106 0.9988674 0.9627751 0.9931357 0.9330270 0.9034212 0.9426244 0.4928504 0.4784221 0.4294865 0.4246646 0.4004798 0.4486988 0.4353771 0.4596307 0.4913458 0.4852528 0.0000000 0.6399108 0.6584294 0.6324577 0.7568907 0.7467712 0.7397400 0.8660498 0.8647710 0.7589832 0.9806949 1.1217252 1.3249973 1.3648585 1.3487572 1.3734454 1.2497481 1.3195576 1.0574611 1.4926873 1.6469404 1.6464692 3.2159326 
Crocodylidae      0.6891519 0.6586186 0.6602438 0.6654370 0.6582574 0.6507251 0.6880785 0.6793909 0.6709754 0.6481899 0.6503676 0.6687870 0.6847507 0.6735864 0.6634833 0.6436522 0.6170010 0.6404103 0.6328043 0.6435767 0.5673125 0.5818728 0.5513821 0.5827250 0.5928942 0.6204353 0.6361282 0.6122417 0.6399108 0.0000000 0.3985359 0.3778924 0.5224076 0.5024350 0.4856132 0.6202485 0.6212064 0.5222988 0.7796613 0.9338615 1.1092459 1.1979293 1.1972952 1.1587695 1.0692474 1.1088303 0.7707120 1.1859250 1.3619955 1.3640172 3.3991534 
Carettochelyidae  0.6884568 0.6766844 0.6811950 0.6833510 0.6673340 0.6786838 0.7007152 0.6997389 0.6863628 0.6719958 0.6529079 0.7036435 0.7316540 0.7128890 0.6956492 0.6455981 0.6251906 0.6268227 0.6404523 0.6444031 0.5601333 0.5830167 0.5581497 0.5813951 0.5713875 0.6263856 0.6502378 0.5953536 0.6584294 0.3985359 0.0000000 0.2528967 0.5082898 0.4769308 0.4864519 0.6380611 0.6195585 0.5308127 0.8333017 0.9538754 1.1422091 1.1779946 1.1891631 1.1513783 1.0693840 1.1301176 0.8290488 1.1623338 1.2306930 1.1963850 3.2554964 
Kinosternidae     0.6458419 0.6279257 0.6372594 0.6394513 0.6018743 0.6115840 0.6383775 0.6463941 0.6536606 0.5964870 0.6006025 0.6319332 0.6586344 0.6495192 0.6303846 0.6049195 0.5927749 0.6089055 0.6231092 0.6256345 0.5420374 0.5820854 0.5445264 0.5830974 0.5805072 0.6240420 0.6284363 0.5860618 0.6324577 0.3778924 0.2528967 0.0000000 0.4952050 0.4438378 0.4344376 0.5989748 0.5880028 0.4769327 0.7595695 0.8707386 1.0522375 1.0938823 1.1003853 1.0967193 0.9796547 1.0789542 0.7545774 1.1082808 1.2669800 1.1910372 3.5143320 
Anomalepididae    0.6769671 0.7026792 0.6645680 0.6583325 0.6561543 0.6631842 0.6682706 0.6793312 0.6660939 0.6568651 0.6604338 0.6722239 0.6843041 0.6685982 0.6566602 0.6720405 0.6921000 0.6767600 0.7354666 0.7305299 0.6851084 0.7033378 0.6867516 0.7031054 0.7018452 0.7249363 0.7491942 0.7475219 0.7568907 0.5224076 0.5082898 0.4952050 0.0000000 0.2756836 0.2770925 0.4149015 0.4565338 0.3828986 0.8345539 0.9538540 1.1505919 1.2526091 1.2172248 1.2483073 1.0912441 1.2296059 0.8431234 1.2054611 1.3309145 1.3005957 2.8382846 
Loxocemidae       0.5890905 0.5792107 0.5971312 0.6012018 0.5599930 0.5688035 0.5932712 0.6022945 0.5867568 0.5669639 0.5707908 0.5947137 0.6107677 0.6005918 0.5916044 0.5724068 0.5875966 0.5738507 0.7156485 0.6969672 0.6431173 0.6721046 0.6570037 0.6640439 0.6651723 0.6824485 0.6938126 0.6888932 0.7467712 0.5024350 0.4769308 0.4438378 0.2756836 0.0000000 0.1373349 0.3571953 0.4108058 0.3459563 0.7684170 0.9434231 1.0879697 1.2075568 1.1815520 1.1557114 1.0307618 1.1856114 0.8163788 1.1662734 1.1949937 1.1815162 3.3075683 
Natricidae        0.6082347 0.6315462 0.6173261 0.6194706 0.5824076 0.5961534 0.6120450 0.6338288 0.6135452 0.5915956 0.5894626 0.6098688 0.6285606 0.6158725 0.6234874 0.5837128 0.6019946 0.5868319 0.7290081 0.7162209 0.6103651 0.6553893 0.6364235 0.6734617 0.6622469 0.6802734 0.7090307 0.6807695 0.7397400 0.4856132 0.4864519 0.4344376 0.2770925 0.1373349 0.0000000 0.3639511 0.4222279 0.3512248 0.7609674 0.8953416 1.0386315 1.1754051 1.1189926 1.1371715 0.9910898 1.1291878 0.7613305 1.1454163 1.2066835 1.2000960 3.0929697 
Xenosauridae      0.7606635 0.7656461 0.7738195 0.7759232 0.7410598 0.7475329 0.7794198 0.7685002 0.7880823 0.7367056 0.7424445 0.7576710 0.7614446 0.7767046 0.7764338 0.7027499 0.7019063 0.6996079 0.8042549 0.8493863 0.7657365 0.7864659 0.7944136 0.7998103 0.8132593 0.7997960 0.8102588 0.8175113 0.8660498 0.6202485 0.6380611 0.5989748 0.4149015 0.3571953 0.3639511 0.0000000 0.5002703 0.4816428 0.9898851 1.0712136 1.1493330 1.2501888 1.2464866 1.3539693 1.1220478 1.2349144 0.9473102 1.2661258 1.2896475 1.2685760 2.8627790 
Teiidae           0.7843575 0.7857804 0.7908050 0.7983403 0.7605202 0.7675350 0.7916192 0.8010623 0.7715383 0.7632806 0.7901797 0.7935590 0.8089612 0.8018670 0.7779131 0.7653408 0.7949895 0.7738619 0.8292350 0.7956103 0.7988475 0.8179108 0.7802728 0.8045598 0.8032738 0.8047321 0.8348819 0.8498485 0.8647710 0.6212064 0.6195585 0.5880028 0.4565338 0.4108058 0.4222279 0.5002703 0.0000000 0.4663598 0.8755608 0.9706561 1.1986083 1.2831674 1.2198322 1.2155094 1.1145546 1.2138841 0.9284528 1.2566222 1.3787149 1.3139576 3.3679034 
Eublepharidae     0.6840931 0.6869349 0.6681033 0.6653122 0.6563078 0.6570926 0.6731051 0.6872924 0.6616352 0.6446523 0.6417719 0.6706999 0.6760379 0.6659773 0.6689039 0.6390670 0.6553743 0.6590684 0.7510041 0.7370749 0.6831483 0.7079472 0.6875027 0.7188547 0.7240665 0.7438684 0.7598722 0.7194793 0.7589832 0.5222988 0.5308127 0.4769327 0.3828986 0.3459563 0.3512248 0.4816428 0.4663598 0.0000000 0.8244437 0.9606552 1.0924558 1.2288861 1.1695329 1.1871332 1.0698370 1.1268528 0.7903271 1.1528794 1.3095709 1.2653827 2.9569475 
Dicamptodontidae  0.8312748 0.7982427 0.8159034 0.8188653 0.7999565 0.7788229 0.8165172 0.8298836 0.8583573 0.7859808 0.7857262 0.8065235 0.8469873 0.8374616 0.8256573 0.7947058 0.7889184 0.7958426 1.0072272 1.0308365 0.9603343 0.9936960 0.9400885 0.9828017 1.0008311 1.0263924 1.0502793 1.0399657 0.9806949 0.7796613 0.8333017 0.7595695 0.8345539 0.7684170 0.7609674 0.9898851 0.8755608 0.8244437 0.0000000 0.5873604 0.7913743 0.8773060 0.8524273 0.8052980 0.7283748 0.7765318 0.6654550 1.3201474 1.3957746 1.3393892 3.2372912 
Alytidae          0.8140555 0.8458437 0.8257526 0.8115647 0.8142886 0.8244315 0.8362486 0.8476307 0.8549904 0.8132324 0.8200213 0.8521285 0.8672851 0.8565569 0.8565061 0.8642515 0.8541659 0.8304668 1.0728897 1.1281112 1.0569451 1.1240848 1.0366937 1.1103489 1.0909691 1.0957387 1.1702551 1.1430291 1.1217252 0.9338615 0.9538754 0.8707386 0.9538540 0.9434231 0.8953416 1.0712136 0.9706561 0.9606552 0.5873604 0.0000000 0.7007604 0.7906063 0.8015030 0.7477780 0.6807264 0.7342453 0.7465415 1.3226581 1.4889525 1.4658734 3.3219975 
Heleophrynidae    1.1406079 1.1980884 1.1599476 1.1550924 1.1370930 1.1540620 1.1766582 1.2234340 1.1872921 1.1560581 1.1596141 1.1694406 1.1489728 1.1660021 1.1889032 1.0648203 1.0432863 1.0688594 1.2967024 1.2969523 1.2004738 1.2754947 1.2327959 1.2673773 1.2735456 1.2533580 1.2965046 1.2508745 1.3249973 1.1092459 1.1422091 1.0522375 1.1505919 1.0879697 1.0386315 1.1493330 1.1986083 1.0924558 0.7913743 0.7007604 0.0000000 0.6148844 0.6337671 0.6209699 0.5618620 0.5860905 0.9891807 1.6091593 1.6950009 1.5759186 3.3872551 
Leptodactylidae   1.1941474 1.1679683 1.1479482 1.1271761 1.1240722 1.1237347 1.1489006 1.1554774 1.1624715 1.1611058 1.1242257 1.1609517 1.1743858 1.1698292 1.1485404 1.1312314 1.1517628 1.1328935 1.3342740 1.3648993 1.2938067 1.3387532 1.2538188 1.3505934 1.3272092 1.3345080 1.3950531 1.3600631 1.3648585 1.1979293 1.1779946 1.0938823 1.2526091 1.2075568 1.1754051 1.2501888 1.2831674 1.2288861 0.8773060 0.7906063 0.6148844 0.0000000 0.3318361 0.6862646 0.6300454 0.7031812 1.0430689 1.5277557 1.7121977 1.6098733 4.1762031 
Strabomantidae    1.1834035 1.1773670 1.1206549 1.0933983 1.1257564 1.0904374 1.1431571 1.1482300 1.1222509 1.1368866 1.1189412 1.1562831 1.1637236 1.1358771 1.1225826 1.1076983 1.1591979 1.1122992 1.3834436 1.3846409 1.3353538 1.3413865 1.2277366 1.4241953 1.3460522 1.3550016 1.4077975 1.3942639 1.3487572 1.1972952 1.1891631 1.1003853 1.2172248 1.1815520 1.1189926 1.2464866 1.2198322 1.1695329 0.8524273 0.8015030 0.6337671 0.3318361 0.0000000 0.7291223 0.6716486 0.7028503 0.9975017 1.5242481 1.7044407 1.6410162 3.3942249 
Micrixalidae      1.1135864 1.1506711 1.1113860 1.1044649 1.1196959 1.1101287 1.1326764 1.1419469 1.1370762 1.0953486 1.1167309 1.1617653 1.1249008 1.1185216 1.1436365 1.1161472 1.1426592 1.1454281 1.2765119 1.3245003 1.2461580 1.3282676 1.2210164 1.3230031 1.2814135 1.2897841 1.3004579 1.3009907 1.3734454 1.1587695 1.1513783 1.0967193 1.2483073 1.1557114 1.1371715 1.3539693 1.2155094 1.1871332 0.8052980 0.7477780 0.6209699 0.6862646 0.7291223 0.0000000 0.4652281 0.4752845 0.9438753 1.7477778 1.8008314 1.7114216 3.9260735 
Hemisotidae       1.0236583 1.0448795 1.0235899 1.0169706 1.0474579 1.0111005 1.0245107 1.0470596 1.0216629 1.0255185 1.0286407 1.0776578 0.9998499 1.0275137 1.0079142 0.9888657 1.0372375 1.0309670 1.2723354 1.1888825 1.1259999 1.2340466 1.1440492 1.2006622 1.2256478 1.2172936 1.2229026 1.2104753 1.2497481 1.0692474 1.0693840 0.9796547 1.0912441 1.0307618 0.9910898 1.1220478 1.1145546 1.0698370 0.7283748 0.6807264 0.5618620 0.6300454 0.6716486 0.4652281 0.0000000 0.4043291 0.8796910 1.5985437 1.7419055 1.6445377 3.5022998 
Asterophryidae    1.1950250 1.2076004 1.1692279 1.1453522 1.1862758 1.1602841 1.2062042 1.2065408 1.1836339 1.1490094 1.1700350 1.1939034 1.2024922 1.1942508 1.1619733 1.1228467 1.1303296 1.1491837 1.2039556 1.2880962 1.1782589 1.2627915 1.1514144 1.2262822 1.2278452 1.2211258 1.2622804 1.2630201 1.3195576 1.1088303 1.1301176 1.0789542 1.2296059 1.1856114 1.1291878 1.2349144 1.2138841 1.1268528 0.7765318 0.7342453 0.5860905 0.7031812 0.7028503 0.4752845 0.4043291 0.0000000 0.9707713 1.7647838 1.9134690 1.7808675 3.8987256 
Caeciliidae2      0.7972001 0.8141908 0.7868373 0.7989140 0.7774401 0.7918182 0.8252100 0.8433044 0.8235060 0.7901595 0.7869179 0.7930206 0.8398166 0.8186839 0.8379239 0.8299573 0.8182023 0.8064379 1.0420740 1.0235188 0.9673315 0.9920784 0.9676459 0.9821241 0.9445367 1.0158875 1.0503572 0.9769237 1.0574611 0.7707120 0.8290488 0.7545774 0.8431234 0.8163788 0.7613305 0.9473102 0.9284528 0.7903271 0.6654550 0.7465415 0.9891807 1.0430689 0.9975017 0.9438753 0.8796910 0.9707713 0.0000000 1.3748143 1.4571024 1.4242446 2.8380264 
Polypteriformes   1.2109561 1.2169341 1.2148806 1.2186458 1.2529947 1.1983490 1.2746996 1.2571762 1.2651710 1.2130145 1.1804649 1.2135775 1.2196060 1.2211989 1.2292369 1.2867058 1.2425119 1.1832007 1.5362561 1.5867001 1.3793258 1.4283920 1.3640684 1.4080058 1.4030725 1.3964602 1.4383073 1.3496071 1.4926873 1.1859250 1.1623338 1.1082808 1.2054611 1.1662734 1.1454163 1.2661258 1.2566222 1.1528794 1.3201474 1.3226581 1.6091593 1.5277557 1.5242481 1.7477778 1.5985437 1.7647838 1.3748143 0.0000000 1.1018656 1.0951385 2.6437491 
Channichthyidae   1.3992280 1.4039299 1.4573628 1.4827515 1.4424983 1.4480974 1.4892617 1.5044528 1.4611399 1.4325926 1.4363346 1.4415877 1.4909309 1.4788908 1.5067776 1.3677032 1.3829009 1.3470770 1.7848990 1.7083435 1.5739052 1.5554467 1.5879240 1.6085700 1.5771779 1.5708836 1.7526745 1.5598372 1.6469404 1.3619955 1.2306930 1.2669800 1.3309145 1.1949937 1.2066835 1.2896475 1.3787149 1.3095709 1.3957746 1.4889525 1.6950009 1.7121977 1.7044407 1.8008314 1.7419055 1.9134690 1.4571024 1.1018656 0.0000000 0.0989392 3.1117757 
Pseudaphritidae   1.3258443 1.3099179 1.3559708 1.3951055 1.3452294 1.3533883 1.4147333 1.4061786 1.3705119 1.3317337 1.3314530 1.3405836 1.3791989 1.3989189 1.4104607 1.2882215 1.3181753 1.2964355 1.7184096 1.6793768 1.5729361 1.5648993 1.5694573 1.5910633 1.5314229 1.5215318 1.6825193 1.5196230 1.6464692 1.3640172 1.1963850 1.1910372 1.3005957 1.1815162 1.2000960 1.2685760 1.3139576 1.2653827 1.3393892 1.4658734 1.5759186 1.6098733 1.6410162 1.7114216 1.6445377 1.7808675 1.4242446 1.0951385 0.0989392 0.0000000 3.1404081 
Carcharhinidae    3.0629344 3.3351401 3.1113125 3.1562439 3.0413185 3.0094458 3.0679018 3.0952150 3.1090767 3.0631376 2.9753291 3.0955427 3.3187010 3.2064133 3.2117010 3.3123623 3.1364326 3.1698550 3.4220062 3.8459557 4.4395461 3.5522618 3.7953063 3.6970792 3.8382197 3.7453220 3.8544377 3.5242461 3.2159326 3.3991534 3.2554964 3.5143320 2.8382846 3.3075683 3.0929697 2.8627790 3.3679034 2.9569475 3.2372912 3.3219975 3.3872551 4.1762031 3.3942249 3.9260735 3.5022998 3.8987256 2.8380264 2.6437491 3.1117757 3.1404081 0.0000000 
