51
Pitheciidae       0.0000000 0.0986441 0.1362566 0.1280208 0.1219560 0.1243646 0.1303484 0.1277633 0.1232510 0.1318217 0.1139115 0.1131832 0.1122892 0.1064979 0.1316884 0.2018663 0.1879094 0.1867022 0.4026720 0.4094958 0.4184972 0.4231434 0.4245065 0.4160945 0.4181145 0.4246889 0.4257566 0.4225563 0.4029981 0.3552003 0.3759185 0.3766865 0.4372543 0.4135799 0.4880436 0.4599065 0.3587057 0.4083027 0.3580506 0.3371981 0.3856315 0.3830685 0.3756494 0.3779566 0.3721576 0.3736366 0.4029873 0.6891549 0.6890460 0.6982800 0.8645778 
Scandentia        0.0986441 0.0000000 0.1213486 0.1118386 0.1134073 0.1098207 0.1165998 0.1204935 0.1138553 0.1141938 0.0997844 0.1011159 0.1002552 0.0960798 0.1225117 0.1948981 0.1791307 0.1779218 0.3754795 0.3835792 0.3984750 0.4060763 0.4058603 0.3951106 0.3982065 0.3997797 0.3977090 0.3992829 0.3792503 0.3381688 0.3520040 0.3521534 0.4202270 0.3956423 0.4605682 0.4320169 0.3432342 0.3777335 0.3521534 0.3243986 0.3684058 0.3753995 0.3630568 0.3693753 0.3527639 0.3581143 0.3893011 0.6753348 0.6877738 0.6941646 0.8378544 
Erethizontidae    0.1362566 0.1213486 0.0000000 0.0568782 0.1238047 0.1268288 0.1462492 0.1470070 0.1380245 0.1490581 0.1330595 0.1286044 0.1291512 0.1211676 0.1495186 0.2170017 0.1980023 0.1970192 0.3995965 0.4064150 0.4239164 0.4329273 0.4299943 0.4225563 0.4257566 0.4301668 0.4280178 0.4323199 0.4051486 0.3531445 0.3728688 0.3710861 0.4505251 0.4179142 0.4895198 0.4623604 0.3711790 0.4067561 0.3685352 0.3385994 0.3923343 0.3846171 0.3751292 0.3846096 0.3746743 0.3782084 0.4077272 0.6831937 0.7059293 0.7137466 0.8398614 
Capromyidae       0.1280208 0.1118386 0.0568782 0.0000000 0.1164462 0.1223893 0.1409620 0.1387055 0.1290568 0.1391994 0.1234344 0.1175622 0.1195816 0.1145838 0.1426582 0.2114070 0.1917356 0.1915478 0.4027239 0.4095664 0.4228496 0.4307700 0.4392694 0.4257566 0.4300381 0.4323199 0.4290918 0.4333980 0.4083027 0.3621074 0.3749009 0.3665543 0.4389586 0.4136621 0.4841445 0.4468097 0.3681644 0.4088637 0.3710547 0.3356853 0.3902684 0.3830682 0.3776766 0.3789662 0.3650661 0.3725945 0.4009205 0.7004494 0.6971644 0.7078287 0.8322380 
Muridae           0.1219560 0.1134073 0.1238047 0.1164462 0.0000000 0.1113861 0.1343450 0.1298661 0.1195610 0.1304571 0.1192635 0.1148677 0.1131273 0.1103301 0.1312058 0.2118757 0.1947924 0.1927751 0.4001847 0.4028284 0.4150106 0.4222895 0.4226928 0.4126017 0.4189798 0.4190774 0.4212178 0.4212178 0.3947318 0.3545244 0.3738602 0.3710233 0.4397381 0.4068195 0.4721937 0.4601258 0.3641097 0.4015539 0.3792091 0.3379454 0.3913222 0.3810041 0.3756298 0.3779430 0.3746522 0.3730900 0.4014255 0.7072417 0.6970466 0.7049621 0.8755852 
Castoridae        0.1243646 0.1098207 0.1268288 0.1223893 0.1113861 0.0000000 0.1336644 0.1335295 0.1239287 0.1317550 0.1171211 0.1171211 0.1139115 0.1147540 0.1350274 0.2186881 0.1963123 0.1969538 0.4009574 0.4057038 0.4211141 0.4322870 0.4325919 0.4176245 0.4197548 0.4273643 0.4219949 0.4246196 0.4075951 0.3573510 0.3833259 0.3692682 0.4420750 0.4145217 0.4813312 0.4656177 0.3703836 0.4123170 0.3748578 0.3392477 0.4009574 0.3968551 0.3908348 0.3931560 0.3840946 0.3856443 0.4172192 0.7011113 0.7076346 0.7185108 0.8541392 
Suidae            0.1303484 0.1165998 0.1462492 0.1409620 0.1343450 0.1336644 0.0000000 0.0817112 0.0769575 0.1171211 0.1019302 0.0996874 0.1031122 0.0931527 0.1451051 0.2204501 0.2008197 0.1988147 0.3892054 0.3897097 0.4052487 0.4187861 0.4132951 0.4034397 0.4070583 0.4113144 0.4134167 0.4092162 0.3946405 0.3577131 0.3769532 0.3581143 0.4306395 0.4109008 0.4746590 0.4405176 0.3657254 0.4014076 0.3716379 0.3407570 0.3861332 0.3897612 0.3792401 0.3784851 0.3752120 0.3671204 0.4013765 0.6937957 0.7076449 0.7126597 0.8400695 
Hippopotamidae    0.1277633 0.1204935 0.1470070 0.1387055 0.1298661 0.1335295 0.0817112 0.0000000 0.0678557 0.1188248 0.1021292 0.1005970 0.1076252 0.0976911 0.1438832 0.2175955 0.2020710 0.2008776 0.3943747 0.4078903 0.4147539 0.4231434 0.4218891 0.4182088 0.4208065 0.4273000 0.4251654 0.4171512 0.3982860 0.3656810 0.3856315 0.3787248 0.4392685 0.4140673 0.4985196 0.4508476 0.3742254 0.4082354 0.3787248 0.3529159 0.3985154 0.3970522 0.3905312 0.3851161 0.3858758 0.3802599 0.4151842 0.7092638 0.7018739 0.7040513 0.8364594 
Hyperoodontidae   0.1232510 0.1138553 0.1380245 0.1290568 0.1195610 0.1239287 0.0769575 0.0678557 0.0000000 0.1136323 0.0963596 0.0928034 0.0924902 0.0883419 0.1377622 0.2141437 0.1962737 0.1918390 0.3858828 0.3905120 0.3987850 0.4132951 0.4109754 0.4084472 0.4021768 0.4069079 0.4100564 0.4048139 0.3944042 0.3525363 0.3833251 0.3693398 0.4341721 0.4080228 0.4873666 0.4461345 0.3699641 0.4043191 0.3698622 0.3424810 0.3935796 0.3931297 0.3815349 0.3767201 0.3769853 0.3764539 0.4053263 0.6985886 0.6968661 0.7018739 0.8488097 
Vespertilionidae  0.1318217 0.1141938 0.1490581 0.1391994 0.1304571 0.1317550 0.1171211 0.1188248 0.1136323 0.0000000 0.0756427 0.0849483 0.1042848 0.0979288 0.1425852 0.2134254 0.1971262 0.1934830 0.4087948 0.4172430 0.4312428 0.4310724 0.4352325 0.4298659 0.4277190 0.4321516 0.4321516 0.4337025 0.4133765 0.3628189 0.3848677 0.3713012 0.4448955 0.4140317 0.4859733 0.4506394 0.3693753 0.3976312 0.3667537 0.3310565 0.3874260 0.3828102 0.3743583 0.3731161 0.3688531 0.3693041 0.4027623 0.6971644 0.7062951 0.7084984 0.8458128 
Furipteridae      0.1139115 0.0997844 0.1330595 0.1234344 0.1192635 0.1171211 0.1019302 0.1021292 0.0963596 0.0756427 0.0000000 0.0712559 0.0886630 0.0811306 0.1207938 0.2028429 0.1837108 0.1785267 0.3876623 0.4005458 0.4073352 0.4150389 0.4069079 0.4081020 0.4091468 0.4144694 0.4113144 0.4107526 0.3982462 0.3494402 0.3684058 0.3651123 0.4289662 0.4066302 0.4743916 0.4464528 0.3563273 0.3905120 0.3571184 0.3239932 0.3734644 0.3703506 0.3601089 0.3579452 0.3508718 0.3552003 0.3950317 0.6854611 0.6851084 0.6900761 0.8398614 
Rhinolophidae     0.1131832 0.1011159 0.1286044 0.1175622 0.1148677 0.1171211 0.0996874 0.1005970 0.0928034 0.0849483 0.0712559 0.0000000 0.0831452 0.0783464 0.1237429 0.1969123 0.1829141 0.1777328 0.3774837 0.3861332 0.3979774 0.4014076 0.4011829 0.3946104 0.4008165 0.3998236 0.4008632 0.4013593 0.3797543 0.3508718 0.3569526 0.3561235 0.4240996 0.3962100 0.4739543 0.4447230 0.3573150 0.3874260 0.3433758 0.3103553 0.3669212 0.3653061 0.3541366 0.3461891 0.3420607 0.3492711 0.3789551 0.6754935 0.6753491 0.6830835 0.8366581 
Viverridae        0.1122892 0.1002552 0.1291512 0.1195816 0.1131273 0.1139115 0.1031122 0.1076252 0.0924902 0.1042848 0.0886630 0.0831452 0.0000000 0.0534064 0.1257721 0.1996277 0.1800496 0.1788457 0.3662457 0.3767533 0.3894332 0.3979385 0.3935796 0.3891741 0.3851011 0.3922626 0.3932889 0.3881544 0.3734644 0.3266517 0.3473917 0.3442322 0.4167737 0.3902130 0.4548870 0.4321850 0.3435504 0.3694458 0.3431558 0.3210880 0.3686847 0.3545969 0.3494963 0.3523090 0.3414074 0.3422791 0.3771723 0.6821689 0.6748920 0.6826019 0.8258515 
Procyonidae       0.1064979 0.0960798 0.1211676 0.1145838 0.1103301 0.1147540 0.0931527 0.0976911 0.0883419 0.0979288 0.0811306 0.0783464 0.0534064 0.0000000 0.1192635 0.1901223 0.1715598 0.1703484 0.3696879 0.3787593 0.3920235 0.3969426 0.3925743 0.3938163 0.3938163 0.3969426 0.3979774 0.3953763 0.3779836 0.3326930 0.3571843 0.3485106 0.4084472 0.3861408 0.4575371 0.4193653 0.3424810 0.3698964 0.3485106 0.3158099 0.3646817 0.3580506 0.3499478 0.3507908 0.3375251 0.3451155 0.3817823 0.6706869 0.6622942 0.6713504 0.8242696 
Myrmecophagidae   0.1316884 0.1225117 0.1495186 0.1426582 0.1312058 0.1350274 0.1451051 0.1438832 0.1377622 0.1425852 0.1207938 0.1237429 0.1257721 0.1192635 0.0000000 0.2089389 0.1948653 0.1918390 0.3858898 0.3936069 0.4119553 0.4144369 0.4083703 0.4074644 0.4116724 0.4138651 0.4149246 0.4138651 0.3944339 0.3484235 0.3751500 0.3672801 0.4430006 0.4150106 0.4826258 0.4564517 0.3724308 0.4102012 0.3728420 0.3397892 0.3833255 0.3853908 0.3678056 0.3761685 0.3668378 0.3805063 0.4128422 0.7098430 0.6980500 0.7059293 0.8606417 
Caluromyidae      0.2018663 0.1948981 0.2170017 0.2114070 0.2118757 0.2186881 0.2204501 0.2175955 0.2141437 0.2134254 0.2028429 0.1969123 0.1996277 0.1901223 0.2089389 0.0000000 0.0609715 0.0603487 0.3853566 0.3940521 0.4049160 0.4141853 0.4092162 0.4046423 0.3989301 0.4026205 0.4046992 0.3964082 0.3835792 0.3357062 0.3440122 0.3349284 0.3933154 0.3774690 0.4597812 0.4295655 0.3303500 0.3795021 0.3293897 0.3028756 0.3548121 0.3526103 0.3382730 0.3405467 0.3322733 0.3393563 0.3725670 0.6889133 0.6612844 0.6606911 0.8199984 
Thylacomyidae     0.1879094 0.1791307 0.1980023 0.1917356 0.1947924 0.1963123 0.2008197 0.2020710 0.1962737 0.1971262 0.1837108 0.1829141 0.1800496 0.1715598 0.1948653 0.0609715 0.0000000 0.0301199 0.3596443 0.3680392 0.3835762 0.3848460 0.3830704 0.3772800 0.3742711 0.3782723 0.3782723 0.3722420 0.3578410 0.3097659 0.3205391 0.3145077 0.3807920 0.3523862 0.4367754 0.4104724 0.3101462 0.3583035 0.3195452 0.2886030 0.3450521 0.3369840 0.3239932 0.3262434 0.3238750 0.3327301 0.3563552 0.6381728 0.6336131 0.6383798 0.7964385 
Phalangeridae     0.1867022 0.1779218 0.1970192 0.1915478 0.1927751 0.1969538 0.1988147 0.2008776 0.1918390 0.1934830 0.1785267 0.1777328 0.1788457 0.1703484 0.1918390 0.0603487 0.0301199 0.0000000 0.3640664 0.3705137 0.3840830 0.3904548 0.3845949 0.3792907 0.3747612 0.3802900 0.3802900 0.3757460 0.3632603 0.3148348 0.3280181 0.3162368 0.3812905 0.3537518 0.4364529 0.4121606 0.3127899 0.3666813 0.3175020 0.2883839 0.3439870 0.3368699 0.3196371 0.3251500 0.3237317 0.3316462 0.3532982 0.6435778 0.6362724 0.6383798 0.8027479 
Tityridae         0.4026720 0.3754795 0.3995965 0.4027239 0.4001847 0.4009574 0.3892054 0.3943747 0.3858828 0.4087948 0.3876623 0.3774837 0.3662457 0.3696879 0.3858898 0.3853566 0.3596443 0.3640664 0.0000000 0.0899253 0.1027468 0.1117834 0.1111113 0.1003526 0.1047483 0.0962661 0.0969783 0.1005480 0.1050560 0.2059000 0.2436410 0.2239573 0.3601084 0.3537452 0.4189798 0.3930516 0.3032525 0.3453044 0.3574163 0.3248848 0.3853566 0.3625814 0.3618709 0.3797721 0.3689263 0.3619788 0.3941670 0.6472767 0.6620083 0.6587036 0.8100859 
Ptilonorhynchidae 0.4094958 0.3835792 0.4064150 0.4095664 0.4028284 0.4057038 0.3897097 0.4078903 0.3905120 0.4172430 0.4005458 0.3861332 0.3767533 0.3787593 0.3936069 0.3940521 0.3680392 0.3705137 0.0899253 0.0000000 0.0806257 0.0900557 0.0893046 0.0811306 0.0819062 0.0771774 0.0743273 0.0813633 0.1040233 0.2146191 0.2453689 0.2284346 0.3581350 0.3526893 0.3967826 0.4013593 0.2962353 0.3361309 0.3769693 0.3323976 0.3889452 0.3680484 0.3658317 0.3920235 0.3749436 0.3714231 0.3910790 0.6739600 0.6808837 0.6802661 0.8203139 
Callaeatidae      0.4184972 0.3984750 0.4239164 0.4228496 0.4150106 0.4211141 0.4052487 0.4147539 0.3987850 0.4312428 0.4073352 0.3979774 0.3894332 0.3920235 0.4119553 0.4049160 0.3835762 0.3840830 0.1027468 0.0806257 0.0000000 0.0812080 0.0799276 0.0690975 0.0712223 0.0700463 0.0672337 0.0638127 0.1163883 0.2235493 0.2622454 0.2498533 0.3725392 0.3670446 0.4296930 0.4044814 0.3157417 0.3541268 0.3714231 0.3329392 0.4018051 0.3741559 0.3744265 0.4028411 0.3922626 0.3800234 0.3988680 0.6989308 0.7004670 0.6984295 0.8295588 
Monarchidae       0.4231434 0.4060763 0.4329273 0.4307700 0.4222895 0.4322870 0.4187861 0.4231434 0.4132951 0.4310724 0.4150389 0.4014076 0.3979385 0.3969426 0.4144369 0.4141853 0.3848460 0.3904548 0.1117834 0.0900557 0.0812080 0.0000000 0.0673604 0.0810920 0.0832644 0.0828027 0.0798514 0.0813244 0.1271478 0.2288960 0.2686452 0.2555185 0.3823093 0.3682026 0.4428714 0.4175313 0.3279468 0.3556612 0.3823024 0.3335684 0.3984750 0.3815306 0.3766865 0.3964082 0.3843429 0.3767201 0.3950003 0.6894207 0.7019812 0.7013287 0.8376673 
Malaconotidae     0.4245065 0.4058603 0.4299943 0.4392694 0.4226928 0.4325919 0.4132951 0.4218891 0.4109754 0.4352325 0.4069079 0.4011829 0.3935796 0.3925743 0.4083703 0.4092162 0.3830704 0.3845949 0.1111113 0.0893046 0.0799276 0.0673604 0.0000000 0.0825261 0.0854872 0.0829218 0.0821415 0.0800422 0.1279563 0.2341190 0.2658222 0.2512940 0.3754795 0.3719412 0.4388014 0.4242112 0.3224369 0.3633962 0.3902870 0.3398964 0.4045382 0.3807543 0.3789662 0.3993256 0.3881934 0.3825576 0.4138279 0.7012216 0.7111502 0.7090639 0.8483487 
Certhiidae        0.4160945 0.3951106 0.4225563 0.4257566 0.4126017 0.4176245 0.4034397 0.4182088 0.4084472 0.4298659 0.4081020 0.3946104 0.3891741 0.3938163 0.4074644 0.4046423 0.3772800 0.3792907 0.1003526 0.0811306 0.0690975 0.0810920 0.0825261 0.0000000 0.0573935 0.0595860 0.0568254 0.0582310 0.1139115 0.2156851 0.2591550 0.2433915 0.3663303 0.3628407 0.4223699 0.4046992 0.3132904 0.3529159 0.3828151 0.3433316 0.4025692 0.3800069 0.3736857 0.4005000 0.3884262 0.3818004 0.4090752 0.6738271 0.6779609 0.6732503 0.8173895 
Cinclidae         0.4181145 0.3982065 0.4257566 0.4300381 0.4189798 0.4197548 0.4070583 0.4208065 0.4021768 0.4277190 0.4091468 0.4008165 0.3851011 0.3938163 0.4116724 0.3989301 0.3742711 0.3747612 0.1047483 0.0819062 0.0712223 0.0832644 0.0854872 0.0573935 0.0000000 0.0596416 0.0562026 0.0582853 0.1198789 0.2190075 0.2591550 0.2356900 0.3653392 0.3579045 0.4239164 0.4036593 0.3123568 0.3499720 0.3777335 0.3427986 0.4062302 0.3871770 0.3833251 0.4072711 0.3940806 0.3828161 0.4075296 0.6872754 0.6887032 0.6839319 0.8382592 
Ploceidae         0.4246889 0.3997797 0.4301668 0.4323199 0.4190774 0.4273643 0.4113144 0.4273000 0.4069079 0.4321516 0.4144694 0.3998236 0.3922626 0.3969426 0.4138651 0.4026205 0.3782723 0.3802900 0.0962661 0.0771774 0.0700463 0.0828027 0.0829218 0.0595860 0.0596416 0.0000000 0.0320502 0.0556826 0.1119492 0.2194931 0.2571228 0.2379346 0.3544977 0.3514825 0.4097087 0.4016314 0.3043633 0.3469464 0.3787364 0.3383899 0.4041513 0.3774542 0.3716379 0.4078246 0.3894659 0.3797632 0.4096373 0.6954535 0.6982036 0.6919830 0.8140865 
Thraupidae        0.4257566 0.3977090 0.4280178 0.4290918 0.4212178 0.4219949 0.4134167 0.4251654 0.4100564 0.4321516 0.4113144 0.4008632 0.3932889 0.3979774 0.4149246 0.4046992 0.3782723 0.3802900 0.0969783 0.0743273 0.0672337 0.0798514 0.0821415 0.0568254 0.0562026 0.0320502 0.0000000 0.0542796 0.1097666 0.2161619 0.2597568 0.2387912 0.3569847 0.3520115 0.4208214 0.4026720 0.3043633 0.3489073 0.3807733 0.3427986 0.4062302 0.3825576 0.3767034 0.4046992 0.3946104 0.3787479 0.4133765 0.6983943 0.7008956 0.6974468 0.8159545 
Alaudidae         0.4225563 0.3992829 0.4323199 0.4333980 0.4212178 0.4246196 0.4092162 0.4171512 0.4048139 0.4337025 0.4107526 0.4013593 0.3881544 0.3953763 0.4138651 0.3964082 0.3722420 0.3757460 0.1005480 0.0813633 0.0638127 0.0813244 0.0800422 0.0582310 0.0582853 0.0556826 0.0542796 0.0000000 0.1186474 0.2147377 0.2582995 0.2405066 0.3618516 0.3618516 0.4250985 0.4089370 0.3103196 0.3498891 0.3746743 0.3369978 0.3995099 0.3789771 0.3690963 0.3969065 0.3874149 0.3777335 0.4128066 0.6913510 0.6887032 0.6825526 0.8352540 
Coraciiformes     0.4029981 0.3792503 0.4051486 0.4083027 0.3947318 0.4075951 0.3946405 0.3982860 0.3944042 0.4133765 0.3982462 0.3797543 0.3734644 0.3779836 0.3944339 0.3835792 0.3578410 0.3632603 0.1050560 0.1040233 0.1163883 0.1271478 0.1279563 0.1139115 0.1198789 0.1119492 0.1097666 0.1186474 0.0000000 0.2084805 0.2437803 0.2274601 0.3608634 0.3520881 0.4016804 0.4000499 0.3077018 0.3465934 0.3701398 0.3235889 0.3871562 0.3607582 0.3600502 0.3840876 0.3716676 0.3711790 0.3923343 0.6642045 0.6694265 0.6676298 0.8079204 
Crocodylidae      0.3552003 0.3381688 0.3531445 0.3621074 0.3545244 0.3573510 0.3577131 0.3656810 0.3525363 0.3628189 0.3494402 0.3508718 0.3266517 0.3326930 0.3484235 0.3357062 0.3097659 0.3148348 0.2059000 0.2146191 0.2235493 0.2288960 0.2341190 0.2156851 0.2190075 0.2194931 0.2161619 0.2147377 0.2084805 0.0000000 0.1948981 0.1941906 0.3248227 0.3078995 0.3688531 0.3521598 0.2560981 0.2974962 0.3301422 0.2929495 0.3547261 0.3336576 0.3306864 0.3484090 0.3476576 0.3384987 0.3623972 0.6224890 0.6438588 0.6444252 0.7551343 
Carettochelyidae  0.3759185 0.3520040 0.3728688 0.3749009 0.3738602 0.3833259 0.3769532 0.3856315 0.3833251 0.3848677 0.3684058 0.3569526 0.3473917 0.3571843 0.3751500 0.3440122 0.3205391 0.3280181 0.2436410 0.2453689 0.2622454 0.2686452 0.2658222 0.2591550 0.2591550 0.2571228 0.2597568 0.2582995 0.2437803 0.1948981 0.0000000 0.1496785 0.3352827 0.3276071 0.3781954 0.3777475 0.2863922 0.3237909 0.3430560 0.3075319 0.3611637 0.3545244 0.3479740 0.3601674 0.3674020 0.3539806 0.3822978 0.6859565 0.6554279 0.6564007 0.8265407 
Kinosternidae     0.3766865 0.3521534 0.3710861 0.3665543 0.3710233 0.3692682 0.3581143 0.3787248 0.3693398 0.3713012 0.3651123 0.3561235 0.3442322 0.3485106 0.3672801 0.3349284 0.3145077 0.3162368 0.2239573 0.2284346 0.2498533 0.2555185 0.2512940 0.2433915 0.2356900 0.2379346 0.2387912 0.2405066 0.2274601 0.1941906 0.1496785 0.0000000 0.3141186 0.3015703 0.3582211 0.3461891 0.2611221 0.3013771 0.3297512 0.2885105 0.3325689 0.3269241 0.3292017 0.3520040 0.3458746 0.3304292 0.3749009 0.6679811 0.6534728 0.6478509 0.7672448 
Anomalepididae    0.4372543 0.4202270 0.4505251 0.4389586 0.4397381 0.4420750 0.4306395 0.4392685 0.4341721 0.4448955 0.4289662 0.4240996 0.4167737 0.4084472 0.4430006 0.3933154 0.3807920 0.3812905 0.3601084 0.3581350 0.3725392 0.3823093 0.3754795 0.3663303 0.3653392 0.3544977 0.3569847 0.3618516 0.3608634 0.3248227 0.3352827 0.3141186 0.0000000 0.2315049 0.3090216 0.2911595 0.2179350 0.2688030 0.3895155 0.3702394 0.4131336 0.4069714 0.4082354 0.4126476 0.4002305 0.3997797 0.4171387 0.6868676 0.6993808 0.6946498 0.8678371 
Loxocemidae       0.4135799 0.3956423 0.4179142 0.4136621 0.4068195 0.4145217 0.4109008 0.4140673 0.4080228 0.4140317 0.4066302 0.3962100 0.3902130 0.3861408 0.4150106 0.3774690 0.3523862 0.3537518 0.3537452 0.3526893 0.3670446 0.3682026 0.3719412 0.3628407 0.3579045 0.3514825 0.3520115 0.3618516 0.3520881 0.3078995 0.3276071 0.3015703 0.2315049 0.0000000 0.2059000 0.2606365 0.2037034 0.2540687 0.3807670 0.3573798 0.4046992 0.3871770 0.3874149 0.3969426 0.3991983 0.3925252 0.4080896 0.7069845 0.6756631 0.6614664 0.8272523 
Natricidae        0.4880436 0.4605682 0.4895198 0.4841445 0.4721937 0.4813312 0.4746590 0.4985196 0.4873666 0.4859733 0.4743916 0.4739543 0.4548870 0.4575371 0.4826258 0.4597812 0.4367754 0.4364529 0.4189798 0.3967826 0.4296930 0.4428714 0.4388014 0.4223699 0.4239164 0.4097087 0.4208214 0.4250985 0.4016804 0.3688531 0.3781954 0.3582211 0.3090216 0.2059000 0.0000000 0.3298822 0.2692195 0.3124760 0.4616948 0.4167430 0.4629256 0.4537215 0.4565390 0.4783259 0.4552163 0.4419389 0.4613555 0.7903437 0.7263483 0.7285718 0.8838549 
Xenosauridae      0.4599065 0.4320169 0.4623604 0.4468097 0.4601258 0.4656177 0.4405176 0.4508476 0.4461345 0.4506394 0.4464528 0.4447230 0.4321850 0.4193653 0.4564517 0.4295655 0.4104724 0.4121606 0.3930516 0.4013593 0.4044814 0.4175313 0.4242112 0.4046992 0.4036593 0.4016314 0.4026720 0.4089370 0.4000499 0.3521598 0.3777475 0.3461891 0.2911595 0.2606365 0.3298822 0.0000000 0.2455526 0.2943390 0.4328973 0.4105454 0.4481453 0.4436525 0.4394258 0.4450396 0.4434618 0.4245065 0.4458501 0.7580919 0.7307935 0.7315983 0.8996930 
Teiidae           0.3587057 0.3432342 0.3711790 0.3681644 0.3641097 0.3703836 0.3657254 0.3742254 0.3699641 0.3693753 0.3563273 0.3573150 0.3435504 0.3424810 0.3724308 0.3303500 0.3101462 0.3127899 0.3032525 0.2962353 0.3157417 0.3279468 0.3224369 0.3132904 0.3123568 0.3043633 0.3043633 0.3103196 0.3077018 0.2560981 0.2863922 0.2611221 0.2179350 0.2037034 0.2692195 0.2455526 0.0000000 0.2182011 0.3264430 0.2986194 0.3458389 0.3416369 0.3347158 0.3394644 0.3446443 0.3259010 0.3552899 0.6334798 0.6396177 0.6352698 0.8014119 
Eublepharidae     0.4083027 0.3777335 0.4067561 0.4088637 0.4015539 0.4123170 0.4014076 0.4082354 0.4043191 0.3976312 0.3905120 0.3874260 0.3694458 0.3698964 0.4102012 0.3795021 0.3583035 0.3666813 0.3453044 0.3361309 0.3541268 0.3556612 0.3633962 0.3529159 0.3499720 0.3469464 0.3489073 0.3498891 0.3465934 0.2974962 0.3237909 0.3013771 0.2688030 0.2540687 0.3124760 0.2943390 0.2182011 0.0000000 0.3926239 0.3498891 0.3933687 0.3866856 0.3776766 0.3969789 0.3946405 0.3807670 0.4013765 0.6947248 0.6784349 0.6765875 0.8173895 
Dicamptodontidae  0.3580506 0.3521534 0.3685352 0.3710547 0.3792091 0.3748578 0.3716379 0.3787248 0.3698622 0.3667537 0.3571184 0.3433758 0.3431558 0.3485106 0.3728420 0.3293897 0.3195452 0.3175020 0.3574163 0.3769693 0.3714231 0.3823024 0.3902870 0.3828151 0.3777335 0.3787364 0.3807733 0.3746743 0.3701398 0.3301422 0.3430560 0.3297512 0.3895155 0.3807670 0.4616948 0.4328973 0.3264430 0.3926239 0.0000000 0.1500521 0.2075435 0.2108093 0.1907384 0.2036625 0.1994634 0.1943709 0.2334096 0.6379394 0.6013475 0.5921201 0.7916319 
Alytidae          0.3371981 0.3243986 0.3385994 0.3356853 0.3379454 0.3392477 0.3407570 0.3529159 0.3424810 0.3310565 0.3239932 0.3103553 0.3210880 0.3158099 0.3397892 0.3028756 0.2886030 0.2883839 0.3248848 0.3323976 0.3329392 0.3335684 0.3398964 0.3433316 0.3427986 0.3383899 0.3427986 0.3369978 0.3235889 0.2929495 0.3075319 0.2885105 0.3702394 0.3573798 0.4167430 0.4105454 0.2986194 0.3498891 0.1500521 0.0000000 0.1476858 0.1408145 0.1244271 0.1476858 0.1370091 0.1353674 0.1971686 0.6006663 0.5666648 0.5652904 0.7359834 
Heleophrynidae    0.3856315 0.3684058 0.3923343 0.3902684 0.3913222 0.4009574 0.3861332 0.3985154 0.3935796 0.3874260 0.3734644 0.3669212 0.3686847 0.3646817 0.3833255 0.3548121 0.3450521 0.3439870 0.3853566 0.3889452 0.4018051 0.3984750 0.4045382 0.4025692 0.4062302 0.4041513 0.4062302 0.3995099 0.3871562 0.3547261 0.3611637 0.3325689 0.4131336 0.4046992 0.4629256 0.4481453 0.3458389 0.3933687 0.2075435 0.1476858 0.0000000 0.1488304 0.1360494 0.1494372 0.1449570 0.1392452 0.2546516 0.6456183 0.6179901 0.6151141 0.7988115 
Leptodactylidae   0.3830685 0.3753995 0.3846171 0.3830682 0.3810041 0.3968551 0.3897612 0.3970522 0.3931297 0.3828102 0.3703506 0.3653061 0.3545969 0.3580506 0.3853908 0.3526103 0.3369840 0.3368699 0.3625814 0.3680484 0.3741559 0.3815306 0.3807543 0.3800069 0.3871770 0.3774542 0.3825576 0.3789771 0.3607582 0.3336576 0.3545244 0.3269241 0.4069714 0.3871770 0.4537215 0.4436525 0.3416369 0.3866856 0.2108093 0.1408145 0.1488304 0.0000000 0.0557605 0.1494417 0.1411407 0.1376922 0.2508484 0.6445723 0.6078088 0.6075613 0.7821485 
Strabomantidae    0.3756494 0.3630568 0.3751292 0.3776766 0.3756298 0.3908348 0.3792401 0.3905312 0.3815349 0.3743583 0.3601089 0.3541366 0.3494963 0.3499478 0.3678056 0.3382730 0.3239932 0.3196371 0.3618709 0.3658317 0.3744265 0.3766865 0.3789662 0.3736857 0.3833251 0.3716379 0.3767034 0.3690963 0.3600502 0.3306864 0.3479740 0.3292017 0.4082354 0.3874149 0.4565390 0.4394258 0.3347158 0.3776766 0.1907384 0.1244271 0.1360494 0.0557605 0.0000000 0.1306768 0.1218340 0.1177959 0.2348015 0.6308086 0.6117345 0.6049943 0.7749513 
Micrixalidae      0.3779566 0.3693753 0.3846096 0.3789662 0.3779430 0.3931560 0.3784851 0.3851161 0.3767201 0.3731161 0.3579452 0.3461891 0.3523090 0.3507908 0.3761685 0.3405467 0.3262434 0.3251500 0.3797721 0.3920235 0.4028411 0.3964082 0.3993256 0.4005000 0.4072711 0.4078246 0.4046992 0.3969065 0.3840876 0.3484090 0.3601674 0.3520040 0.4126476 0.3969426 0.4783259 0.4450396 0.3394644 0.3969789 0.2036625 0.1476858 0.1494372 0.1494417 0.1306768 0.0000000 0.1110565 0.1037178 0.2493980 0.6344897 0.6148679 0.6132982 0.7634399 
Hemisotidae       0.3721576 0.3527639 0.3746743 0.3650661 0.3746522 0.3840946 0.3752120 0.3858758 0.3769853 0.3688531 0.3508718 0.3420607 0.3414074 0.3375251 0.3668378 0.3322733 0.3238750 0.3237317 0.3689263 0.3749436 0.3922626 0.3843429 0.3881934 0.3884262 0.3940806 0.3894659 0.3946104 0.3874149 0.3716676 0.3476576 0.3674020 0.3458746 0.4002305 0.3991983 0.4552163 0.4434618 0.3446443 0.3946405 0.1994634 0.1370091 0.1449570 0.1411407 0.1218340 0.1110565 0.0000000 0.0971197 0.2394294 0.6366040 0.6019028 0.5988236 0.7551212 
Asterophryidae    0.3736366 0.3581143 0.3782084 0.3725945 0.3730900 0.3856443 0.3671204 0.3802599 0.3764539 0.3693041 0.3552003 0.3492711 0.3422791 0.3451155 0.3805063 0.3393563 0.3327301 0.3316462 0.3619788 0.3714231 0.3800234 0.3767201 0.3825576 0.3818004 0.3828161 0.3797632 0.3787479 0.3777335 0.3711790 0.3384987 0.3539806 0.3304292 0.3997797 0.3925252 0.4419389 0.4245065 0.3259010 0.3807670 0.1943709 0.1353674 0.1392452 0.1376922 0.1177959 0.1037178 0.0971197 0.0000000 0.2405677 0.6299453 0.5996065 0.6003884 0.7536279 
Caeciliidae2      0.4029873 0.3893011 0.4077272 0.4009205 0.4014255 0.4172192 0.4013765 0.4151842 0.4053263 0.4027623 0.3950317 0.3789551 0.3771723 0.3817823 0.4128422 0.3725670 0.3563552 0.3532982 0.3941670 0.3910790 0.3988680 0.3950003 0.4138279 0.4090752 0.4075296 0.4096373 0.4133765 0.4128066 0.3923343 0.3623972 0.3822978 0.3749009 0.4171387 0.4080896 0.4613555 0.4458501 0.3552899 0.4013765 0.2334096 0.1971686 0.2546516 0.2508484 0.2348015 0.2493980 0.2394294 0.2405677 0.0000000 0.6304930 0.6268114 0.6251816 0.7787596 
Polypteriformes   0.6891549 0.6753348 0.6831937 0.7004494 0.7072417 0.7011113 0.6937957 0.7092638 0.6985886 0.6971644 0.6854611 0.6754935 0.6821689 0.6706869 0.7098430 0.6889133 0.6381728 0.6435778 0.6472767 0.6739600 0.6989308 0.6894207 0.7012216 0.6738271 0.6872754 0.6954535 0.6983943 0.6913510 0.6642045 0.6224890 0.6859565 0.6679811 0.6868676 0.7069845 0.7903437 0.7580919 0.6334798 0.6947248 0.6379394 0.6006663 0.6456183 0.6445723 0.6308086 0.6344897 0.6366040 0.6299453 0.6304930 0.0000000 0.6364894 0.6453528 0.8848714 
Channichthyidae   0.6890460 0.6877738 0.7059293 0.6971644 0.6970466 0.7076346 0.7076449 0.7018739 0.6968661 0.7062951 0.6851084 0.6753491 0.6748920 0.6622942 0.6980500 0.6612844 0.6336131 0.6362724 0.6620083 0.6808837 0.7004670 0.7019812 0.7111502 0.6779609 0.6887032 0.6982036 0.7008956 0.6887032 0.6694265 0.6438588 0.6554279 0.6534728 0.6993808 0.6756631 0.7263483 0.7307935 0.6396177 0.6784349 0.6013475 0.5666648 0.6179901 0.6078088 0.6117345 0.6148679 0.6019028 0.5996065 0.6268114 0.6364894 0.0000000 0.0294019 0.9250472 
Pseudaphritidae   0.6982800 0.6941646 0.7137466 0.7078287 0.7049621 0.7185108 0.7126597 0.7040513 0.7018739 0.7084984 0.6900761 0.6830835 0.6826019 0.6713504 0.7059293 0.6606911 0.6383798 0.6383798 0.6587036 0.6802661 0.6984295 0.7013287 0.7090639 0.6732503 0.6839319 0.6919830 0.6974468 0.6825526 0.6676298 0.6444252 0.6564007 0.6478509 0.6946498 0.6614664 0.7285718 0.7315983 0.6352698 0.6765875 0.5921201 0.5652904 0.6151141 0.6075613 0.6049943 0.6132982 0.5988236 0.6003884 0.6251816 0.6453528 0.0294019 0.0000000 0.9442479 
Carcharhinidae    0.8645778 0.8378544 0.8398614 0.8322380 0.8755852 0.8541392 0.8400695 0.8364594 0.8488097 0.8458128 0.8398614 0.8366581 0.8258515 0.8242696 0.8606417 0.8199984 0.7964385 0.8027479 0.8100859 0.8203139 0.8295588 0.8376673 0.8483487 0.8173895 0.8382592 0.8140865 0.8159545 0.8352540 0.8079204 0.7551343 0.8265407 0.7672448 0.8678371 0.8272523 0.8838549 0.8996930 0.8014119 0.8173895 0.7916319 0.7359834 0.7988115 0.7821485 0.7749513 0.7634399 0.7551212 0.7536279 0.7787596 0.8848714 0.9250472 0.9442479 0.0000000 
