51
Pitheciidae       0.0000000 0.0549668 0.0657476 0.0571062 0.0599837 0.0544687 0.0863848 0.0896657 0.0831082 0.0800870 0.0804138 0.0831222 0.0678737 0.0647180 0.0850245 0.1055998 0.1038222 0.1085215 0.3357367 0.3371668 0.3447873 0.3334957 0.3359121 0.3464335 0.3451067 0.3401185 0.3398961 0.3401729 0.3501467 0.4357808 0.4763700 0.4213025 0.3225380 0.2738343 0.2691152 0.2742304 0.2535486 0.2887929 0.4925726 0.3621220 0.4086023 0.4449302 0.4360975 0.3700946 0.3763037 0.3706476 0.3842085 0.8415303 0.7684359 0.7897173 1.0208906 
Scandentia        0.0549668 0.0000000 0.0529304 0.0469473 0.0502911 0.0428979 0.0782549 0.0809324 0.0719300 0.0694548 0.0708257 0.0729718 0.0575114 0.0539539 0.0707073 0.0923401 0.0927410 0.0999955 0.3263148 0.3263125 0.3368202 0.3249767 0.3265750 0.3354856 0.3364498 0.3337041 0.3305182 0.3299750 0.3397422 0.4259429 0.4634960 0.4181223 0.3089152 0.2599069 0.2600708 0.2575989 0.2375155 0.2730596 0.4808187 0.3493917 0.3971442 0.4331856 0.4273183 0.3574554 0.3616113 0.3537654 0.3715749 0.8350853 0.7488479 0.7574254 1.0043899 
Erethizontidae    0.0657476 0.0529304 0.0000000 0.0301758 0.0512197 0.0477653 0.0857343 0.0937698 0.0819362 0.0773394 0.0776853 0.0809068 0.0652286 0.0626312 0.0802086 0.1000275 0.0998931 0.1072559 0.3339998 0.3332127 0.3407142 0.3309760 0.3318852 0.3423586 0.3418361 0.3390704 0.3343648 0.3383131 0.3457052 0.4280306 0.4667198 0.4267320 0.3150882 0.2666846 0.2654763 0.2629739 0.2465953 0.2800017 0.4925057 0.3575558 0.3983095 0.4380360 0.4279448 0.3647799 0.3673141 0.3624902 0.3730662 0.8419114 0.7622688 0.7833231 1.0202741 
Capromyidae       0.0571062 0.0469473 0.0301758 0.0000000 0.0437970 0.0418410 0.0793395 0.0862349 0.0735228 0.0710433 0.0719063 0.0740584 0.0595598 0.0580082 0.0754299 0.0966610 0.0959886 0.1016780 0.3282863 0.3289831 0.3350444 0.3261517 0.3277548 0.3381767 0.3376542 0.3341956 0.3302261 0.3341402 0.3413753 0.4256410 0.4707583 0.4243859 0.3176945 0.2629448 0.2610870 0.2606172 0.2403598 0.2747808 0.4918097 0.3556721 0.3977993 0.4281249 0.4273736 0.3589251 0.3622574 0.3574874 0.3730706 0.8364153 0.7603362 0.7788744 1.0137564 
Muridae           0.0599837 0.0502911 0.0512197 0.0437970 0.0000000 0.0432089 0.0817957 0.0887057 0.0764914 0.0740095 0.0748681 0.0775529 0.0624874 0.0599224 0.0789218 0.1018346 0.1006247 0.1074398 0.3251558 0.3235997 0.3317858 0.3221844 0.3216035 0.3334227 0.3321155 0.3301688 0.3270029 0.3294034 0.3426607 0.4314700 0.4689594 0.4278621 0.3204138 0.2649105 0.2609810 0.2625837 0.2463274 0.2802517 0.4907929 0.3558962 0.3933517 0.4377482 0.4293844 0.3609811 0.3634849 0.3603545 0.3750972 0.8355354 0.7663974 0.7777291 1.0018149 
Castoridae        0.0544687 0.0428979 0.0477653 0.0418410 0.0432089 0.0000000 0.0766234 0.0824203 0.0708414 0.0693951 0.0697540 0.0724008 0.0579608 0.0564160 0.0722372 0.0900971 0.0894416 0.0950685 0.3240421 0.3225692 0.3322272 0.3233239 0.3242170 0.3330759 0.3325549 0.3283535 0.3266647 0.3275866 0.3340598 0.4233244 0.4642439 0.4233470 0.3128294 0.2579071 0.2553568 0.2569602 0.2375722 0.2744158 0.4805689 0.3469996 0.3930326 0.4305678 0.4238288 0.3547801 0.3580691 0.3526512 0.3618665 0.8244719 0.7548217 0.7634750 0.9986830 
Suidae            0.0863848 0.0782549 0.0857343 0.0793395 0.0817957 0.0766234 0.0000000 0.0789647 0.0725449 0.0874421 0.0893450 0.0915762 0.0719379 0.0719395 0.1016812 0.1205909 0.1204013 0.1269591 0.3537432 0.3537147 0.3599901 0.3507459 0.3523976 0.3608320 0.3603222 0.3582163 0.3548983 0.3590176 0.3682891 0.4548203 0.4941400 0.4423465 0.3453753 0.2950257 0.2952213 0.2875576 0.2691944 0.3133107 0.5191258 0.3932507 0.4267959 0.4653285 0.4567183 0.3953576 0.3954501 0.3887963 0.4067175 0.8523104 0.8088490 0.8151185 1.0268860 
Hippopotamidae    0.0896657 0.0809324 0.0937698 0.0862349 0.0887057 0.0824203 0.0789647 0.0000000 0.0658510 0.0890380 0.0941998 0.0948439 0.0767164 0.0776910 0.1082469 0.1279440 0.1253946 0.1310012 0.3614963 0.3599292 0.3677171 0.3591827 0.3609752 0.3710460 0.3705250 0.3683955 0.3650368 0.3653995 0.3692063 0.4625720 0.4899379 0.4453699 0.3454779 0.2936066 0.2938009 0.2883823 0.2726723 0.3119454 0.5280586 0.3859379 0.4244865 0.4662374 0.4577080 0.3853771 0.3904152 0.3805956 0.4069947 0.8581214 0.7991854 0.8085295 1.0330558 
Hyperoodontidae   0.0831082 0.0719300 0.0819362 0.0735228 0.0764914 0.0708414 0.0725449 0.0658510 0.0000000 0.0793640 0.0823016 0.0861511 0.0703465 0.0687487 0.0977567 0.1171677 0.1153210 0.1234955 0.3499756 0.3469780 0.3584535 0.3485041 0.3486442 0.3578591 0.3576372 0.3567770 0.3526608 0.3560398 0.3597561 0.4517999 0.4840577 0.4348203 0.3390719 0.2817243 0.2812397 0.2779112 0.2591553 0.2961082 0.4979097 0.3767894 0.4105677 0.4463322 0.4379687 0.3742643 0.3759101 0.3717053 0.4011635 0.8426522 0.7785664 0.8026196 1.0026449 
Vespertilionidae  0.0800870 0.0694548 0.0773394 0.0710433 0.0740095 0.0693951 0.0874421 0.0890380 0.0793640 0.0000000 0.0449204 0.0586086 0.0637400 0.0641925 0.0925407 0.1150101 0.1131736 0.1213204 0.3540118 0.3532595 0.3574971 0.3494900 0.3519539 0.3619399 0.3597631 0.3593086 0.3559946 0.3554951 0.3662027 0.4431919 0.4863964 0.4379083 0.3388349 0.2807582 0.2796095 0.2748287 0.2589106 0.2916047 0.5098692 0.3783039 0.4171438 0.4502717 0.4377769 0.3859307 0.3893711 0.3843922 0.3929213 0.8575786 0.7706873 0.7867413 1.0169605 
Furipteridae      0.0804138 0.0708257 0.0776853 0.0719063 0.0748681 0.0697540 0.0893450 0.0941998 0.0823016 0.0449204 0.0000000 0.0604897 0.0651115 0.0625311 0.0939349 0.1163894 0.1140131 0.1210413 0.3450579 0.3442837 0.3534802 0.3420789 0.3430068 0.3528977 0.3530838 0.3487691 0.3470152 0.3480230 0.3600179 0.4423437 0.4848909 0.4373541 0.3420474 0.2809545 0.2798013 0.2785427 0.2591365 0.2931992 0.5010994 0.3693272 0.4155461 0.4497579 0.4389063 0.3766677 0.3807848 0.3750352 0.3872216 0.8476048 0.7676116 0.7828225 1.0176437 
Rhinolophidae     0.0831222 0.0729718 0.0809068 0.0740584 0.0775529 0.0724008 0.0915762 0.0948439 0.0861511 0.0586086 0.0604897 0.0000000 0.0651919 0.0656431 0.0935166 0.1170826 0.1130669 0.1234031 0.3461560 0.3453930 0.3561476 0.3462233 0.3456338 0.3562689 0.3536990 0.3529391 0.3511835 0.3505817 0.3602474 0.4447158 0.4672462 0.4353307 0.3312530 0.2817643 0.2802366 0.2788367 0.2616790 0.2970541 0.5001664 0.3715886 0.4097892 0.4427764 0.4363615 0.3771579 0.3806389 0.3724827 0.3992198 0.8414831 0.7913052 0.7967697 1.0318329 
Viverridae        0.0678737 0.0575114 0.0652286 0.0595598 0.0624874 0.0579608 0.0719379 0.0767164 0.0703465 0.0637400 0.0651115 0.0651919 0.0000000 0.0345615 0.0790878 0.0993966 0.0992449 0.1055254 0.3312631 0.3319686 0.3388300 0.3298251 0.3307316 0.3404841 0.3406603 0.3379005 0.3346924 0.3341577 0.3460362 0.4364701 0.4683697 0.4202725 0.3215452 0.2684416 0.2665771 0.2647135 0.2490672 0.2825177 0.4904667 0.3584329 0.3947283 0.4285232 0.4224054 0.3605292 0.3614813 0.3559776 0.3732306 0.8427511 0.7614981 0.7702346 0.9976679 
Procyonidae       0.0647180 0.0539539 0.0626312 0.0580082 0.0599224 0.0564160 0.0719395 0.0776910 0.0687487 0.0641925 0.0625311 0.0656431 0.0345615 0.0000000 0.0774779 0.1009155 0.1007614 0.1070535 0.3402302 0.3398770 0.3500929 0.3387923 0.3397104 0.3480154 0.3481968 0.3454247 0.3421918 0.3457836 0.3513005 0.4438078 0.4788797 0.4329509 0.3300279 0.2751244 0.2732515 0.2720198 0.2548491 0.2892347 0.4899576 0.3697739 0.4090172 0.4469748 0.4388171 0.3694954 0.3704802 0.3648885 0.3804987 0.8297533 0.7730166 0.7779955 1.0141974 
Myrmecophagidae   0.0850245 0.0707073 0.0802086 0.0754299 0.0789218 0.0722372 0.1016812 0.1082469 0.0977567 0.0925407 0.0939349 0.0935166 0.0790878 0.0774779 0.0000000 0.1135096 0.1111483 0.1203444 0.3382844 0.3360124 0.3480427 0.3352638 0.3361771 0.3451501 0.3461414 0.3433730 0.3401472 0.3403258 0.3450836 0.4376780 0.4805862 0.4416619 0.3355581 0.2773373 0.2800034 0.2739337 0.2620291 0.2904455 0.5085150 0.3710932 0.4199207 0.4586135 0.4468617 0.3828602 0.3891792 0.3816933 0.3874292 0.8572886 0.7915032 0.8019573 1.0122771 
Caluromyidae      0.1055998 0.0923401 0.1000275 0.0966610 0.1018346 0.0900971 0.1205909 0.1279440 0.1171677 0.1150101 0.1163894 0.1170826 0.0993966 0.1009155 0.1135096 0.0000000 0.0259560 0.0318396 0.3051569 0.3079800 0.3145713 0.3037647 0.3039449 0.3147557 0.3113339 0.3115561 0.3084778 0.3064458 0.3176514 0.4024228 0.4392708 0.4014567 0.2950280 0.2448322 0.2437065 0.2396242 0.2220995 0.2599711 0.4528869 0.3284920 0.3732375 0.4012344 0.3947110 0.3277976 0.3350224 0.3290502 0.3455337 0.8074834 0.7547381 0.7751984 0.9698907 
Thylacomyidae     0.1038222 0.0927410 0.0998931 0.0959886 0.1006247 0.0894416 0.1204013 0.1253946 0.1153210 0.1131736 0.1140131 0.1130669 0.0992449 0.1007614 0.1111483 0.0259560 0.0000000 0.0255019 0.3051858 0.3065606 0.3145792 0.3037967 0.3039765 0.3133152 0.3099059 0.3101263 0.3070609 0.3050408 0.3195342 0.4022026 0.4381413 0.4036640 0.2982148 0.2491408 0.2499910 0.2438983 0.2281875 0.2623346 0.4578046 0.3290934 0.3690515 0.4049876 0.3984294 0.3277045 0.3364214 0.3289537 0.3469008 0.8024568 0.7487200 0.7718397 0.9654639 
Phalangeridae     0.1085215 0.0999955 0.1072559 0.1016780 0.1074398 0.0950685 0.1269591 0.1310012 0.1234955 0.1213204 0.1210413 0.1234031 0.1055254 0.1070535 0.1203444 0.0318396 0.0255019 0.0000000 0.3158666 0.3172873 0.3247297 0.3144561 0.3146451 0.3248080 0.3221212 0.3208940 0.3192250 0.3157391 0.3293255 0.4125200 0.4506655 0.4089756 0.3055309 0.2568849 0.2591128 0.2521915 0.2368789 0.2722954 0.4659766 0.3410351 0.3741351 0.4072837 0.4006761 0.3351046 0.3417090 0.3363650 0.3552389 0.8070374 0.7651167 0.7898469 0.9658532 
Tityridae         0.3357367 0.3263148 0.3339998 0.3282863 0.3251558 0.3240421 0.3537432 0.3614963 0.3499756 0.3540118 0.3450579 0.3461560 0.3312631 0.3402302 0.3382844 0.3051569 0.3051858 0.3158666 0.0000000 0.0301664 0.0378547 0.0315622 0.0315819 0.0344222 0.0334733 0.0344580 0.0329914 0.0369570 0.0665818 0.2698618 0.3276376 0.2846764 0.2574087 0.1980602 0.2058283 0.1961676 0.1812180 0.2201431 0.4455479 0.3307416 0.3657698 0.3998663 0.3902291 0.3332014 0.3532282 0.3351075 0.3621688 0.8025530 0.7655054 0.7954661 0.9764893 
Ptilonorhynchidae 0.3371668 0.3263125 0.3332127 0.3289831 0.3235997 0.3225692 0.3537147 0.3599292 0.3469780 0.3532595 0.3442837 0.3453930 0.3319686 0.3398770 0.3360124 0.3079800 0.3065606 0.3172873 0.0301664 0.0000000 0.0349760 0.0287035 0.0287214 0.0305954 0.0306102 0.0315903 0.0301298 0.0331012 0.0733458 0.2791153 0.3353662 0.2919368 0.2610454 0.2006992 0.2085033 0.1969207 0.1851536 0.2209947 0.4528966 0.3317931 0.3706071 0.4056168 0.3967338 0.3425377 0.3631686 0.3402400 0.3660439 0.8166473 0.7708012 0.7921898 0.9844872 
Callaeatidae      0.3447873 0.3368202 0.3407142 0.3350444 0.3317858 0.3322272 0.3599901 0.3677171 0.3584535 0.3574971 0.3534802 0.3561476 0.3388300 0.3500929 0.3480427 0.3145713 0.3145792 0.3247297 0.0378547 0.0349760 0.0000000 0.0276791 0.0276963 0.0305233 0.0305381 0.0315158 0.0300589 0.0330280 0.0804455 0.2845600 0.3432839 0.2949921 0.2690123 0.2080558 0.2165487 0.2042230 0.1927260 0.2310545 0.4553253 0.3381487 0.3717381 0.4036507 0.3956230 0.3485537 0.3661500 0.3462368 0.3706677 0.8192235 0.7694111 0.7900173 0.9793660 
Monarchidae       0.3334957 0.3249767 0.3309760 0.3261517 0.3221844 0.3233239 0.3507459 0.3591827 0.3485041 0.3494900 0.3420789 0.3462233 0.3298251 0.3387923 0.3352638 0.3037647 0.3037967 0.3144561 0.0315622 0.0287035 0.0276791 0.0000000 0.0129823 0.0233608 0.0224225 0.0233849 0.0228975 0.0267749 0.0732165 0.2800697 0.3342843 0.2850610 0.2585873 0.2011571 0.2070548 0.1949199 0.1836037 0.2226620 0.4469092 0.3271072 0.3641478 0.3979709 0.3901023 0.3373711 0.3547338 0.3366045 0.3568966 0.8007428 0.7668784 0.7929915 0.9678585 
Malaconotidae     0.3359121 0.3265750 0.3318852 0.3277548 0.3216035 0.3242170 0.3523976 0.3609752 0.3486442 0.3519539 0.3430068 0.3456338 0.3307316 0.3397104 0.3361771 0.3039449 0.3039765 0.3146451 0.0315819 0.0287214 0.0276963 0.0129823 0.0000000 0.0243262 0.0233866 0.0243513 0.0229117 0.0267916 0.0732649 0.2789284 0.3349975 0.2853866 0.2615028 0.2025598 0.2097322 0.1963021 0.1861574 0.2254018 0.4492435 0.3290633 0.3631492 0.3977375 0.3881403 0.3363649 0.3567866 0.3356003 0.3627547 0.8032433 0.7604999 0.7914857 0.9775014 
Certhiidae        0.3464335 0.3354856 0.3423586 0.3381767 0.3334227 0.3330759 0.3608320 0.3710460 0.3578591 0.3619399 0.3528977 0.3562689 0.3404841 0.3480154 0.3451501 0.3147557 0.3133152 0.3248080 0.0344222 0.0305954 0.0305233 0.0233608 0.0243262 0.0000000 0.0209817 0.0219406 0.0205091 0.0257928 0.0762217 0.2845159 0.3374508 0.2897388 0.2692654 0.2089775 0.2149357 0.2038979 0.1924247 0.2306696 0.4581980 0.3349119 0.3723666 0.4065960 0.4017672 0.3441746 0.3674220 0.3475005 0.3726716 0.8070157 0.7670853 0.7853906 0.9743665 
Cinclidae         0.3451067 0.3364498 0.3418361 0.3376542 0.3321155 0.3325549 0.3603222 0.3705250 0.3576372 0.3597631 0.3530838 0.3536990 0.3406603 0.3481968 0.3461414 0.3113339 0.3099059 0.3221212 0.0334733 0.0306102 0.0305381 0.0224225 0.0233866 0.0209817 0.0000000 0.0214750 0.0200447 0.0238971 0.0742040 0.2847267 0.3339496 0.2847229 0.2639574 0.2059630 0.2131593 0.2009100 0.1894881 0.2269676 0.4575141 0.3365807 0.3724576 0.3995100 0.3931215 0.3447343 0.3621402 0.3431453 0.3704838 0.8070910 0.7663602 0.7882604 0.9566077 
Ploceidae         0.3401185 0.3337041 0.3390704 0.3341956 0.3301688 0.3283535 0.3582163 0.3683955 0.3567770 0.3593086 0.3487691 0.3529391 0.3379005 0.3454247 0.3433730 0.3115561 0.3101263 0.3208940 0.0344580 0.0315903 0.0315158 0.0233849 0.0243513 0.0219406 0.0214750 0.0000000 0.0153203 0.0258194 0.0752269 0.2846789 0.3363960 0.2967906 0.2675585 0.2098445 0.2138971 0.2047511 0.1926646 0.2314085 0.4605866 0.3328511 0.3685721 0.4067507 0.3986733 0.3394662 0.3621830 0.3423882 0.3720624 0.8115873 0.7676805 0.7933314 0.9672352 
Thraupidae        0.3398961 0.3305182 0.3343648 0.3302261 0.3270029 0.3266647 0.3548983 0.3650368 0.3526608 0.3559946 0.3470152 0.3511835 0.3346924 0.3421918 0.3401472 0.3084778 0.3070609 0.3192250 0.0329914 0.0301298 0.0300589 0.0228975 0.0229117 0.0205091 0.0200447 0.0153203 0.0000000 0.0243740 0.0747183 0.2791770 0.3310432 0.2903321 0.2619777 0.2022461 0.2094042 0.1996953 0.1877143 0.2269920 0.4567622 0.3340326 0.3683110 0.4023289 0.3943121 0.3384502 0.3611209 0.3413691 0.3693553 0.8093287 0.7666590 0.7851869 0.9611442 
Alaudidae         0.3401729 0.3299750 0.3383131 0.3341402 0.3294034 0.3275866 0.3590176 0.3653995 0.3560398 0.3554951 0.3480230 0.3505817 0.3341577 0.3457836 0.3403258 0.3064458 0.3050408 0.3157391 0.0369570 0.0331012 0.0330280 0.0267749 0.0267916 0.0257928 0.0238971 0.0258194 0.0243740 0.0000000 0.0769930 0.2879241 0.3400302 0.2913610 0.2653162 0.2070811 0.2143059 0.2014063 0.1899478 0.2300690 0.4571569 0.3366699 0.3714929 0.4064658 0.3991131 0.3434353 0.3640499 0.3418475 0.3682976 0.7966145 0.7595786 0.7830656 0.9655569 
Coraciiformes     0.3501467 0.3397422 0.3457052 0.3413753 0.3426607 0.3340598 0.3682891 0.3692063 0.3597561 0.3662027 0.3600179 0.3602474 0.3460362 0.3513005 0.3450836 0.3176514 0.3195342 0.3293255 0.0665818 0.0733458 0.0804455 0.0732165 0.0732649 0.0762217 0.0742040 0.0752269 0.0747183 0.0769930 0.0000000 0.3056736 0.3555673 0.3082462 0.2767814 0.2216265 0.2301620 0.2156038 0.2082489 0.2490752 0.4849648 0.3584353 0.3889782 0.4253781 0.4184274 0.3646449 0.3803077 0.3645010 0.3904692 0.8350224 0.7981546 0.8117411 0.9990214 
Crocodylidae      0.4357808 0.4259429 0.4280306 0.4256410 0.4314700 0.4233244 0.4548203 0.4625720 0.4517999 0.4431919 0.4423437 0.4447158 0.4364701 0.4438078 0.4376780 0.4024228 0.4022026 0.4125200 0.2698618 0.2791153 0.2845600 0.2800697 0.2789284 0.2845159 0.2847267 0.2846789 0.2791770 0.2879241 0.3056736 0.0000000 0.4097284 0.3828138 0.3616633 0.2997120 0.3055921 0.2880229 0.2797352 0.3249618 0.5568466 0.4281551 0.4559241 0.5089451 0.4772094 0.4265056 0.4409233 0.4257720 0.4491711 0.8997917 0.8678596 0.8750171 1.0801964 
Carettochelyidae  0.4763700 0.4634960 0.4667198 0.4707583 0.4689594 0.4642439 0.4941400 0.4899379 0.4840577 0.4863964 0.4848909 0.4672462 0.4683697 0.4788797 0.4805862 0.4392708 0.4381413 0.4506655 0.3276376 0.3353662 0.3432839 0.3342843 0.3349975 0.3374508 0.3339496 0.3363960 0.3310432 0.3400302 0.3555673 0.4097284 0.0000000 0.3322582 0.3804697 0.3354024 0.3341206 0.3244256 0.3164063 0.3496218 0.6141462 0.4841781 0.5020225 0.5527521 0.5270944 0.4659789 0.4857798 0.4656031 0.5122758 0.9196785 0.9416043 0.9737965 1.0824419 
Kinosternidae     0.4213025 0.4181223 0.4267320 0.4243859 0.4278621 0.4233470 0.4423465 0.4453699 0.4348203 0.4379083 0.4373541 0.4353307 0.4202725 0.4329509 0.4416619 0.4014567 0.4036640 0.4089756 0.2846764 0.2919368 0.2949921 0.2850610 0.2853866 0.2897388 0.2847229 0.2967906 0.2903321 0.2913610 0.3082462 0.3828138 0.3322582 0.0000000 0.3455342 0.2955433 0.2964152 0.2860025 0.2767992 0.3193654 0.5618606 0.4245185 0.4572967 0.5008987 0.4833763 0.4340399 0.4419138 0.4340442 0.4651708 0.8714632 0.8698789 0.8865272 1.0355388 
Anomalepididae    0.3225380 0.3089152 0.3150882 0.3176945 0.3204138 0.3128294 0.3453753 0.3454779 0.3390719 0.3388349 0.3420474 0.3312530 0.3215452 0.3300279 0.3355581 0.2950280 0.2982148 0.3055309 0.2574087 0.2610454 0.2690123 0.2585873 0.2615028 0.2692654 0.2639574 0.2675585 0.2619777 0.2653162 0.2767814 0.3616633 0.3804697 0.3455342 0.0000000 0.1231756 0.1243845 0.1269353 0.1291644 0.1672669 0.4640029 0.3564438 0.3769776 0.4273017 0.4105131 0.3567529 0.3633129 0.3543602 0.3720101 0.7821882 0.7544557 0.7741470 0.9229660 
Loxocemidae       0.2738343 0.2599069 0.2666846 0.2629448 0.2649105 0.2579071 0.2950257 0.2936066 0.2817243 0.2807582 0.2809545 0.2817643 0.2684416 0.2751244 0.2773373 0.2448322 0.2491408 0.2568849 0.1980602 0.2006992 0.2080558 0.2011571 0.2025598 0.2089775 0.2059630 0.2098445 0.2022461 0.2070811 0.2216265 0.2997120 0.3354024 0.2955433 0.1231756 0.0000000 0.0372268 0.0700119 0.0746984 0.1118998 0.4064943 0.3002490 0.3278297 0.3698189 0.3582057 0.2983524 0.3160103 0.3070048 0.3159413 0.7573126 0.7138835 0.7259962 0.9023308 
Natricidae        0.2691152 0.2600708 0.2654763 0.2610870 0.2609810 0.2553568 0.2952213 0.2938009 0.2812397 0.2796095 0.2798013 0.2802366 0.2665771 0.2732515 0.2800034 0.2437065 0.2499910 0.2591128 0.2058283 0.2085033 0.2165487 0.2070548 0.2097322 0.2149357 0.2131593 0.2138971 0.2094042 0.2143059 0.2301620 0.3055921 0.3341206 0.2964152 0.1243845 0.0372268 0.0000000 0.0736609 0.0778644 0.1147453 0.4205444 0.3057653 0.3413326 0.3755096 0.3637868 0.3033524 0.3218715 0.3091519 0.3224638 0.7476357 0.7093406 0.7213438 0.9040535 
Xenosauridae      0.2742304 0.2575989 0.2629739 0.2606172 0.2625837 0.2569602 0.2875576 0.2883823 0.2779112 0.2748287 0.2785427 0.2788367 0.2647135 0.2720198 0.2739337 0.2396242 0.2438983 0.2521915 0.1961676 0.1969207 0.2042230 0.1949199 0.1963021 0.2038979 0.2009100 0.2047511 0.1996953 0.2014063 0.2156038 0.2880229 0.3244256 0.2860025 0.1269353 0.0700119 0.0736609 0.0000000 0.0611483 0.1017528 0.3971309 0.2846336 0.3114316 0.3524952 0.3409932 0.2875237 0.3019945 0.2902392 0.3003280 0.7416570 0.7066611 0.7153388 0.9112410 
Teiidae           0.2535486 0.2375155 0.2465953 0.2403598 0.2463274 0.2375722 0.2691944 0.2726723 0.2591553 0.2589106 0.2591365 0.2616790 0.2490672 0.2548491 0.2620291 0.2220995 0.2281875 0.2368789 0.1812180 0.1851536 0.1927260 0.1836037 0.1861574 0.1924247 0.1894881 0.1926646 0.1877143 0.1899478 0.2082489 0.2797352 0.3164063 0.2767992 0.1291644 0.0746984 0.0778644 0.0611483 0.0000000 0.0942377 0.3897414 0.2768342 0.3152488 0.3446519 0.3363513 0.2821572 0.2911638 0.2824481 0.2964458 0.7244459 0.6883281 0.7100425 0.9034373 
Eublepharidae     0.2887929 0.2730596 0.2800017 0.2747808 0.2802517 0.2744158 0.3133107 0.3119454 0.2961082 0.2916047 0.2931992 0.2970541 0.2825177 0.2892347 0.2904455 0.2599711 0.2623346 0.2722954 0.2201431 0.2209947 0.2310545 0.2226620 0.2254018 0.2306696 0.2269676 0.2314085 0.2269920 0.2300690 0.2490752 0.3249618 0.3496218 0.3193654 0.1672669 0.1118998 0.1147453 0.1017528 0.0942377 0.0000000 0.4277892 0.3101020 0.3514891 0.3838049 0.3710014 0.3133598 0.3246240 0.3168001 0.3404038 0.7678971 0.7134478 0.7377915 0.9361109 
Dicamptodontidae  0.4925726 0.4808187 0.4925057 0.4918097 0.4907929 0.4805689 0.5191258 0.5280586 0.4979097 0.5098692 0.5010994 0.5001664 0.4904667 0.4899576 0.5085150 0.4528869 0.4578046 0.4659766 0.4455479 0.4528966 0.4553253 0.4469092 0.4492435 0.4581980 0.4575141 0.4605866 0.4567622 0.4571569 0.4849648 0.5568466 0.6141462 0.5618606 0.4640029 0.4064943 0.4205444 0.3971309 0.3897414 0.4277892 0.0000000 0.3084324 0.3426984 0.3846716 0.3897785 0.3167501 0.3379859 0.3230331 0.3580897 0.9059214 0.8314065 0.8633834 1.0758605 
Alytidae          0.3621220 0.3493917 0.3575558 0.3556721 0.3558962 0.3469996 0.3932507 0.3859379 0.3767894 0.3783039 0.3693272 0.3715886 0.3584329 0.3697739 0.3710932 0.3284920 0.3290934 0.3410351 0.3307416 0.3317931 0.3381487 0.3271072 0.3290633 0.3349119 0.3365807 0.3328511 0.3340326 0.3366699 0.3584353 0.4281551 0.4841781 0.4245185 0.3564438 0.3002490 0.3057653 0.2846336 0.2768342 0.3101020 0.3084324 0.0000000 0.2154318 0.2487082 0.2527350 0.1801333 0.1946383 0.1834581 0.2411938 0.8071433 0.7347761 0.7767613 0.9502211 
Heleophrynidae    0.4086023 0.3971442 0.3983095 0.3977993 0.3933517 0.3930326 0.4267959 0.4244865 0.4105677 0.4171438 0.4155461 0.4097892 0.3947283 0.4090172 0.4199207 0.3732375 0.3690515 0.3741351 0.3657698 0.3706071 0.3717381 0.3641478 0.3631492 0.3723666 0.3724576 0.3685721 0.3683110 0.3714929 0.3889782 0.4559241 0.5020225 0.4572967 0.3769776 0.3278297 0.3413326 0.3114316 0.3152488 0.3514891 0.3426984 0.2154318 0.0000000 0.1955306 0.1965408 0.1355136 0.1437633 0.1274985 0.2749341 0.7867020 0.7900860 0.8038420 0.9576968 
Leptodactylidae   0.4449302 0.4331856 0.4380360 0.4281249 0.4377482 0.4305678 0.4653285 0.4662374 0.4463322 0.4502717 0.4497579 0.4427764 0.4285232 0.4469748 0.4586135 0.4012344 0.4049876 0.4072837 0.3998663 0.4056168 0.4036507 0.3979709 0.3977375 0.4065960 0.3995100 0.4067507 0.4023289 0.4064658 0.4253781 0.5089451 0.5527521 0.5008987 0.4273017 0.3698189 0.3755096 0.3524952 0.3446519 0.3838049 0.3846716 0.2487082 0.1955306 0.0000000 0.0894146 0.1737571 0.1807627 0.1700060 0.3222590 0.8715557 0.8282667 0.8618657 1.0349653 
Strabomantidae    0.4360975 0.4273183 0.4279448 0.4273736 0.4293844 0.4238288 0.4567183 0.4577080 0.4379687 0.4377769 0.4389063 0.4363615 0.4224054 0.4388171 0.4468617 0.3947110 0.3984294 0.4006761 0.3902291 0.3967338 0.3956230 0.3901023 0.3881403 0.4017672 0.3931215 0.3986733 0.3943121 0.3991131 0.4184274 0.4772094 0.5270944 0.4833763 0.4105131 0.3582057 0.3637868 0.3409932 0.3363513 0.3710014 0.3897785 0.2527350 0.1965408 0.0894146 0.0000000 0.1699723 0.1785718 0.1673676 0.3229256 0.8745039 0.8184060 0.8300691 1.0379535 
Micrixalidae      0.3700946 0.3574554 0.3647799 0.3589251 0.3609811 0.3547801 0.3953576 0.3853771 0.3742643 0.3859307 0.3766677 0.3771579 0.3605292 0.3694954 0.3828602 0.3277976 0.3277045 0.3351046 0.3332014 0.3425377 0.3485537 0.3373711 0.3363649 0.3441746 0.3447343 0.3394662 0.3384502 0.3434353 0.3646449 0.4265056 0.4659789 0.4340399 0.3567529 0.2983524 0.3033524 0.2875237 0.2821572 0.3133598 0.3167501 0.1801333 0.1355136 0.1737571 0.1699723 0.0000000 0.0735688 0.0565398 0.2444469 0.7916657 0.7477471 0.7568325 0.9370027 
Hemisotidae       0.3763037 0.3616113 0.3673141 0.3622574 0.3634849 0.3580691 0.3954501 0.3904152 0.3759101 0.3893711 0.3807848 0.3806389 0.3614813 0.3704802 0.3891792 0.3350224 0.3364214 0.3417090 0.3532282 0.3631686 0.3661500 0.3547338 0.3567866 0.3674220 0.3621402 0.3621830 0.3611209 0.3640499 0.3803077 0.4409233 0.4857798 0.4419138 0.3633129 0.3160103 0.3218715 0.3019945 0.2911638 0.3246240 0.3379859 0.1946383 0.1437633 0.1807627 0.1785718 0.0735688 0.0000000 0.0704170 0.2553223 0.8317292 0.7654872 0.7815522 0.9364105 
Asterophryidae    0.3706476 0.3537654 0.3624902 0.3574874 0.3603545 0.3526512 0.3887963 0.3805956 0.3717053 0.3843922 0.3750352 0.3724827 0.3559776 0.3648885 0.3816933 0.3290502 0.3289537 0.3363650 0.3351075 0.3402400 0.3462368 0.3366045 0.3356003 0.3475005 0.3431453 0.3423882 0.3413691 0.3418475 0.3645010 0.4257720 0.4656031 0.4340442 0.3543602 0.3070048 0.3091519 0.2902392 0.2824481 0.3168001 0.3230331 0.1834581 0.1274985 0.1700060 0.1673676 0.0565398 0.0704170 0.0000000 0.2467645 0.7936996 0.7557434 0.7673265 0.9568192 
Caeciliidae2      0.3842085 0.3715749 0.3730662 0.3730706 0.3750972 0.3618665 0.4067175 0.4069947 0.4011635 0.3929213 0.3872216 0.3992198 0.3732306 0.3804987 0.3874292 0.3455337 0.3469008 0.3552389 0.3621688 0.3660439 0.3706677 0.3568966 0.3627547 0.3726716 0.3704838 0.3720624 0.3693553 0.3682976 0.3904692 0.4491711 0.5122758 0.4651708 0.3720101 0.3159413 0.3224638 0.3003280 0.2964458 0.3404038 0.3580897 0.2411938 0.2749341 0.3222590 0.3229256 0.2444469 0.2553223 0.2467645 0.0000000 0.7730640 0.7782291 0.8175850 0.9395373 
Polypteriformes   0.8415303 0.8350853 0.8419114 0.8364153 0.8355354 0.8244719 0.8523104 0.8581214 0.8426522 0.8575786 0.8476048 0.8414831 0.8427511 0.8297533 0.8572886 0.8074834 0.8024568 0.8070374 0.8025530 0.8166473 0.8192235 0.8007428 0.8032433 0.8070157 0.8070910 0.8115873 0.8093287 0.7966145 0.8350224 0.8997917 0.9196785 0.8714632 0.7821882 0.7573126 0.7476357 0.7416570 0.7244459 0.7678971 0.9059214 0.8071433 0.7867020 0.8715557 0.8745039 0.7916657 0.8317292 0.7936996 0.7730640 0.0000000 1.0080901 1.0183078 1.2550676 
Channichthyidae   0.7684359 0.7488479 0.7622688 0.7603362 0.7663974 0.7548217 0.8088490 0.7991854 0.7785664 0.7706873 0.7676116 0.7913052 0.7614981 0.7730166 0.7915032 0.7547381 0.7487200 0.7651167 0.7655054 0.7708012 0.7694111 0.7668784 0.7604999 0.7670853 0.7663602 0.7676805 0.7666590 0.7595786 0.7981546 0.8678596 0.9416043 0.8698789 0.7544557 0.7138835 0.7093406 0.7066611 0.6883281 0.7134478 0.8314065 0.7347761 0.7900860 0.8282667 0.8184060 0.7477471 0.7654872 0.7557434 0.7782291 1.0080901 0.0000000 0.1552698 1.2038335 
Pseudaphritidae   0.7897173 0.7574254 0.7833231 0.7788744 0.7777291 0.7634750 0.8151185 0.8085295 0.8026196 0.7867413 0.7828225 0.7967697 0.7702346 0.7779955 0.8019573 0.7751984 0.7718397 0.7898469 0.7954661 0.7921898 0.7900173 0.7929915 0.7914857 0.7853906 0.7882604 0.7933314 0.7851869 0.7830656 0.8117411 0.8750171 0.9737965 0.8865272 0.7741470 0.7259962 0.7213438 0.7153388 0.7100425 0.7377915 0.8633834 0.7767613 0.8038420 0.8618657 0.8300691 0.7568325 0.7815522 0.7673265 0.8175850 1.0183078 0.1552698 0.0000000 1.2302842 
Carcharhinidae    1.0208906 1.0043899 1.0202741 1.0137564 1.0018149 0.9986830 1.0268860 1.0330558 1.0026449 1.0169605 1.0176437 1.0318329 0.9976679 1.0141974 1.0122771 0.9698907 0.9654639 0.9658532 0.9764893 0.9844872 0.9793660 0.9678585 0.9775014 0.9743665 0.9566077 0.9672352 0.9611442 0.9655569 0.9990214 1.0801964 1.0824419 1.0355388 0.9229660 0.9023308 0.9040535 0.9112410 0.9034373 0.9361109 1.0758605 0.9502211 0.9576968 1.0349653 1.0379535 0.9370027 0.9364105 0.9568192 0.9395373 1.2550676 1.2038335 1.2302842 0.0000000 
