51
Pitheciidae       0.0000000 1.5540796 1.8263453 2.2692609 1.6529024 1.5382760 2.2090005 2.1247854 1.9629004 2.5400674 2.3741134 2.0124403 3.1098117 3.1446991 1.5941934 3.3055429 3.2692976 3.1813610 4.7239885 4.4084214 4.1406937 4.7218208 4.9765053 4.6439490 4.8864485 4.3437641 4.5587088 4.5615212 4.4843593 5.4080353 4.0779188 3.8969692 5.3974599 5.8988599 6.2226041 4.4948055 5.1716110 7.3265465 6.5845691 4.1396801 6.9713708 5.4259745 5.4045730 5.4975143 8.9999989 5.3832655 6.5714776 5.0015461 4.3525017 4.1503297 4.8169290 
Scandentia        1.5540796 0.0000000 1.7923460 2.2722698 1.4414647 1.2196381 2.4289974 2.3122994 2.1062269 2.2510756 2.6340977 1.9399716 2.4452682 2.6583037 1.3844578 2.4769352 2.6398100 2.2765749 3.8523871 3.8476608 3.7416224 4.0839324 3.7909424 3.5889082 3.9592922 3.9071325 3.9620490 3.8491063 4.2782411 4.1504058 3.3981491 3.5328073 4.2761594 4.4141519 4.4193943 5.3146574 6.3930609 5.0129839 3.7943248 7.0359187 4.5566575 4.1601551 3.7994685 4.8023558 5.2816911 3.7864844 4.0221620 3.8012855 3.2348331 3.1124023 6.1000137 
Erethizontidae    1.8263453 1.7923460 0.0000000 0.9504542 1.6826466 1.8910893 2.6022091 2.5259655 2.1603974 2.6384239 2.6993953 2.2182831 2.9088382 2.6259890 1.8132389 3.4399275 3.3965542 2.8509406 5.1937570 4.9876865 5.1877125 5.6498284 5.2851122 5.5312364 5.6378191 4.9049539 5.4047716 5.4082991 4.8994436 5.7925119 5.0909673 4.9843067 4.8999710 5.0821996 4.5665026 5.1031693 4.8912958 5.4294467 4.7287871 8.9999989 6.7659041 4.4336553 6.0797635 5.3903414 6.7659164 5.2816832 6.3990263 4.9154184 4.1558128 3.9700666 5.8010491 
Capromyidae       2.2692609 2.2722698 0.9504542 0.0000000 1.9298471 2.1084563 2.9184492 2.7220946 2.3651957 3.0499324 2.5375922 2.2878949 2.7375312 2.7752120 2.0779025 3.8026561 3.8656044 3.0420324 4.5918535 4.9232463 4.4371038 4.7527490 4.6618390 4.6735469 5.3217252 4.3705976 4.4368156 4.4392029 4.2290667 5.2316690 3.7539152 4.0359357 5.6904799 5.4367351 4.6703114 4.8511426 4.2234010 6.1572308 5.4474154 8.9999989 4.6572567 3.8750841 4.8439941 4.0316250 5.9454243 5.9501618 4.6672693 4.6824103 4.3795557 4.3083325 5.9932281 
Muridae           1.6529024 1.4414647 1.6826466 1.9298471 0.0000000 1.3330901 2.4614048 2.0793380 2.0287985 2.3285825 2.3132241 1.9943228 2.1163508 2.2966192 1.3286363 2.7229213 2.3871484 2.4278874 4.5624544 3.5743579 3.8975136 3.8978963 4.1983664 3.9585407 4.2637624 3.9596621 4.0154891 4.1403447 4.4827134 4.3454152 3.4436419 3.4888850 4.3403751 4.7998096 5.1844042 3.8496962 4.7968187 4.9102429 5.1841372 6.0546281 4.1967090 3.5440052 3.8447271 4.0089607 4.6279132 3.8405870 4.4819799 4.0876674 3.7440571 3.6904808 6.6109215 
Castoridae        1.5382760 1.2196381 1.8910893 2.1084563 1.3330901 0.0000000 2.1088549 1.9814202 1.8796879 2.4888104 2.2752861 1.6461186 2.1928069 2.2881467 1.1047118 2.8222856 2.3725132 2.3181086 4.2640987 4.1265029 4.2599967 4.4007417 4.6190060 4.4773170 4.3949713 3.9516851 4.2607016 4.5496361 5.3796949 4.0737899 3.6295067 3.5742949 5.3798528 5.6098921 6.5521499 5.6378507 6.5266236 7.9058354 4.9732580 7.2159138 4.6163689 3.5377459 3.7346236 4.3918818 4.9566629 3.9415421 4.3274718 5.1844573 4.0831937 3.9059504 6.2172672 
Suidae            2.2090005 2.4289974 2.6022091 2.9184492 2.4614048 2.1088549 0.0000000 1.8408830 1.5425462 2.4606600 2.6418148 1.9591936 2.3857170 3.0256236 2.2075373 3.6317313 3.5802828 3.4851904 4.6387398 4.3344667 4.3355331 4.8015739 4.5496943 4.5607045 4.4757746 4.2724761 4.3358710 4.6362651 4.8890010 5.0849495 4.0141533 4.3326869 4.8886581 4.7117620 4.5589704 5.7836894 7.2248817 8.3576231 5.7664681 8.9999980 4.3969174 4.2841235 6.0596398 4.3277285 5.7409439 5.0648606 5.2780128 5.7881277 4.0249386 3.9644069 7.9311841 
Hippopotamidae    2.1247854 2.3122994 2.5259655 2.7220946 2.0793380 1.9814202 1.8408830 0.0000000 1.2346197 2.4550363 2.0295230 1.9296073 2.2924190 2.4847841 1.6442107 3.5231248 3.3911268 2.8995547 5.8807171 4.7821971 5.8715253 5.6099918 5.7241899 5.7452838 4.9566898 5.7452919 5.1564617 5.3728958 6.3462205 6.0348681 4.1313095 4.0607455 8.9999986 7.7720349 6.7374599 4.5547660 8.5719297 8.9999989 5.2650527 8.9999988 4.3870175 4.0162735 4.2614952 4.4599207 6.3175949 5.0474865 5.2587010 4.4088225 4.2690069 4.0740191 5.2782240 
Hyperoodontidae   1.9629004 2.1062269 2.1603974 2.3651957 2.0287985 1.8796879 1.5425462 1.2346197 0.0000000 2.2291485 2.1669995 1.8709266 2.5212835 2.9443389 1.7992476 3.8403276 3.0560501 2.9844713 5.1781296 4.3312118 4.9760432 5.1753729 5.4938431 5.0795864 4.9706993 5.5124678 5.1720189 5.1747247 4.7141387 5.7709134 3.7886727 4.0676628 6.3754052 6.3635923 6.3811894 6.4049887 7.8196444 6.6043071 6.7730809 8.2359290 4.3961089 4.0270567 4.2702355 4.6222417 6.0201836 3.4823252 5.0705106 4.4182512 3.6891345 3.5365728 4.7255075 
Vespertilionidae  2.5400674 2.2510756 2.6384239 3.0499324 2.3285825 2.4888104 2.4606600 2.4550363 2.2291485 0.0000000 1.8430176 1.5344232 2.4936702 3.1443675 2.3459336 4.2767564 4.0888138 3.5396838 6.8314758 6.4109250 6.8166308 6.4229374 6.5910586 5.6657394 6.4049079 6.2554629 6.8166695 6.4228743 8.3576270 6.6308933 5.4183842 6.0697230 6.6109024 6.2335484 5.6619453 7.0942573 5.9172859 6.1154625 7.6188317 6.0796213 6.5780203 5.9692062 6.6242600 5.7708246 8.9999987 4.4857845 6.2389660 4.6637767 4.0981287 4.1600903 7.6631647 
Furipteridae      2.3741134 2.6340977 2.6993953 2.5375922 2.3132241 2.2752861 2.6418148 2.0295230 2.1669995 1.8430176 0.0000000 1.5757932 2.5846100 2.9863334 2.1716549 4.0161032 3.7409416 3.6346205 8.9999985 7.2612301 7.2704065 6.7947648 6.5650652 7.5862354 6.0496952 8.3264966 7.8932924 7.2796459 8.2958460 4.8143822 4.3451630 4.5572402 7.0195550 8.9999982 8.9999987 6.6175166 6.5650415 8.9999981 4.6430190 5.5159962 4.9741037 4.5021704 3.9599362 5.2752960 7.5122600 6.5585743 3.9593036 4.6540472 3.7484161 3.5948380 4.6520094 
Rhinolophidae     2.0124403 1.9399716 2.2182831 2.2878949 1.9943228 1.6461186 1.9591936 1.9296073 1.8709266 1.5344232 1.5757932 0.0000000 2.0115779 2.3289542 1.5890793 3.0912217 3.1400515 3.0632615 4.9954518 4.8070497 4.9900328 5.4079502 5.5121764 5.3014484 5.3976335 5.3017065 4.8095940 5.1903738 8.9999988 7.3170646 4.5670000 7.0114168 8.9999987 5.7707747 8.9999986 6.4350715 6.3871568 8.4213802 6.8093768 8.9999987 5.2783396 5.3216370 4.4186033 4.4806838 5.2781777 7.8684349 4.8966198 4.1563694 4.1562520 3.9707968 6.4350443 
Viverridae        3.1098117 2.4452682 2.9088382 2.7375312 2.1163508 2.1928069 2.3857170 2.2924190 2.5212835 2.4936702 2.5846100 2.0115779 0.0000000 2.0097513 2.1268397 3.8947869 4.0786945 3.9581860 5.2917108 4.7161235 4.5591189 4.7202711 4.9757175 4.4879216 4.5545982 4.3438078 4.5589988 4.7212731 5.1813890 6.5976819 4.3418747 4.5537658 8.9999990 5.6297979 7.0195442 6.6108874 5.8943300 8.9999990 4.6406700 8.9999988 6.9713460 8.9999987 7.5754964 6.3636999 8.9999987 7.5122362 5.6336726 5.4184899 4.0875467 4.0257512 6.6108940 
Procyonidae       3.1446991 2.6583037 2.6259890 2.7752120 2.2966192 2.2881467 3.0256236 2.4847841 2.9443389 3.1443675 2.9863334 2.3289542 2.0097513 0.0000000 2.4673221 3.4412763 3.6907113 3.4905927 8.9999987 8.9999990 8.9999984 8.3264975 8.9999990 8.9999987 8.9999990 8.9999981 8.9999990 8.9999989 7.9184715 7.9568581 5.5272303 5.1809181 8.9999981 6.7875117 8.8301116 8.9999987 6.7802893 8.9999989 4.7285255 8.9999981 5.7580743 7.3648867 6.0797687 6.2063335 8.7153825 5.2816796 4.8965584 5.8056856 4.2881659 4.2198667 6.8389321 
Myrmecophagidae   1.5941934 1.3844578 1.8132389 2.0779025 1.3286363 1.1047118 2.2075373 1.6442107 1.7992476 2.3459336 2.1716549 1.5890793 2.1268397 2.4673221 0.0000000 2.2299281 2.0523648 2.0725303 3.9574168 3.7298672 3.5294185 3.7338293 3.7823079 3.8998219 3.8380185 3.5815164 3.6310528 3.8425353 4.4080553 3.3908059 3.0713767 3.1814671 4.2693743 4.8831349 5.2848256 4.5674188 6.0348641 6.6109154 5.7666242 6.9952891 4.1310460 4.4240293 4.0192063 3.9487941 4.7036467 4.3979878 4.1359869 4.4199701 3.3115685 3.1866070 6.0746911 
Caluromyidae      3.3055429 2.4769352 3.4399275 3.8026561 2.7229213 2.8222856 3.6317313 3.5231248 3.8403276 4.2767564 4.0161032 3.0912217 3.8947869 3.4412763 2.2299281 0.0000000 1.0544809 0.7175644 4.6434115 3.9545886 3.8394982 4.0775555 4.2650926 4.2743825 3.9509364 3.6849919 3.8416352 3.9576307 4.0165509 4.2773939 3.3927274 3.4319928 4.4125620 4.4070412 3.6818001 4.5721987 4.5540691 5.9408269 6.0646013 8.9999985 6.3636911 3.9123589 3.9052492 5.6217340 5.0672212 4.8829681 4.8911866 4.2839557 3.5947269 3.6449745 5.7923586 
Thylacomyidae     3.2692976 2.6398100 3.3965542 3.8656044 2.3871484 2.3725132 3.5802828 3.3911268 3.0560501 4.0888138 3.7409416 3.1400515 4.0786945 3.6907113 2.0523648 1.0544809 0.0000000 0.7736468 5.0971800 4.0226499 4.1465137 4.4198246 4.2073296 4.8203279 4.2749817 4.2175440 4.4182335 4.4203238 4.4921806 3.9687345 3.0234349 3.6830433 4.4924077 4.6428069 4.8174911 4.5034866 4.6407204 6.1102702 4.8172862 8.9999986 4.8010695 3.7515407 3.6429908 5.2850286 4.8016211 4.4839533 4.8115495 4.3575162 3.5522483 3.6008702 5.6742100 
Phalangeridae     3.1813610 2.2765749 2.8509406 3.0420324 2.4278874 2.3181086 3.4851904 2.8995547 2.9844713 3.5396838 3.6346205 3.0632615 3.9581860 3.4905927 2.0725303 0.7175644 0.7736468 0.0000000 4.4188334 3.6871573 3.7886920 4.0226120 4.2031834 4.3474697 4.0159156 3.8498495 3.9016012 4.1441165 4.3433414 4.3503251 3.3551733 3.5792735 4.6424454 5.3972858 4.8121536 4.3530697 4.8023344 6.4411526 5.1905548 8.9999987 5.3869592 3.9725787 3.7430911 5.7579115 4.7965295 4.4796423 4.6396812 5.0073684 3.7487623 3.5945420 5.4224471 
Tityridae         4.7239885 3.8523871 5.1937570 4.5918535 4.5624544 4.2640987 4.6387398 5.8807171 5.1781296 6.8314758 8.9999985 4.9954518 5.2917108 8.9999987 3.9574168 4.6434115 5.0971800 4.4188334 0.0000000 0.5263861 0.4559995 0.5095740 0.6015699 0.5313909 0.5165586 0.4830459 0.5377677 0.4717562 0.6835730 1.6671198 1.3404227 1.5183612 2.5334938 2.9853069 2.7813695 2.4194726 2.5245554 2.6820327 4.1482005 8.9999985 4.2665397 3.9173716 4.2816018 4.4815170 4.8890425 5.0792418 3.3978570 2.9989562 2.6684662 2.6322052 4.4269554 
Ptilonorhynchidae 4.4084214 3.8476608 4.9876865 4.9232463 3.5743579 4.1265029 4.3344667 4.7821971 4.3312118 6.4109250 7.2612301 4.8070497 4.7161235 8.9999990 3.7298672 3.9545886 4.0226499 3.6871573 0.5263861 0.0000000 0.3521586 0.3913480 0.4006132 0.3912338 0.3795138 0.3664719 0.3927698 0.3597707 0.7386898 1.8533651 1.2458059 1.4843594 2.5924638 2.8420172 2.9124355 2.4159923 2.9103836 2.6705412 4.0205170 8.9999987 4.7082767 4.2881392 4.1433883 4.9735509 6.3637156 5.5012815 3.3087922 2.7098890 2.6584726 2.6251443 4.4227124 
Callaeatidae      4.1406937 3.7416224 5.1877125 4.4371038 3.8975136 4.2599967 4.3355331 5.8715253 4.9760432 6.8166308 7.2704065 4.9900328 4.5591189 8.9999984 3.5294185 3.8394982 4.1465137 3.7886920 0.4559995 0.3521586 0.0000000 0.2491820 0.2612491 0.2801144 0.2118522 0.2095923 0.2116113 0.2085121 0.6625183 1.8178062 1.2783042 1.5304376 2.7045637 2.8428542 2.7166807 2.2563145 2.6347267 2.6777949 4.1454445 8.9999985 4.7105154 3.8025833 3.9056070 4.3338836 5.2754219 5.2785723 3.9019737 3.1503251 2.7904943 2.7604869 4.5750970 
Monarchidae       4.7218208 4.0839324 5.6498284 4.7527490 3.8978963 4.4007417 4.8015739 5.6099918 5.1753729 6.4229374 6.7947648 5.4079502 4.7202711 8.3264975 3.7338293 4.0775555 4.4198246 4.0226120 0.5095740 0.3913480 0.2491820 0.0000000 0.2078963 0.2844729 0.2505874 0.2582712 0.2147853 0.2300559 0.6573056 1.8469114 1.2487712 1.4494443 2.6557578 2.9167435 2.7911635 2.3533356 2.2698000 2.7549007 3.6908818 8.9999986 4.1344467 3.6950147 3.5890721 4.3347486 5.2786038 5.2818488 3.5838309 2.9250318 2.7139876 2.6849835 4.7386004 
Malaconotidae     4.9765053 3.7909424 5.2851122 4.6618390 4.1983664 4.6190060 4.5496943 5.7241899 5.4938431 6.5910586 6.5650652 5.5121764 4.9757175 8.9999990 3.7823079 4.2650926 4.2073296 4.2031834 0.6015699 0.4006132 0.2612491 0.2078963 0.0000000 0.3128279 0.2844373 0.2856681 0.2642911 0.2925310 0.7165232 1.8275185 1.2861593 1.5826113 2.8018244 3.0229188 2.8858910 2.5063918 2.4242712 2.8432874 3.9585830 8.9999986 4.7891254 3.9687296 4.0796211 4.2602570 4.9681721 4.7922033 3.6322268 3.0358767 2.8148490 2.7839291 4.4929686 
Certhiidae        4.6439490 3.5889082 5.5312364 4.6735469 3.9585407 4.4773170 4.5607045 5.7452838 5.0795864 5.6657394 7.5862354 5.3014484 4.4879216 8.9999987 3.8998219 4.2743825 4.8203279 4.3474697 0.5313909 0.3912338 0.2801144 0.2844729 0.3128279 0.0000000 0.2482151 0.2422391 0.2287869 0.2526010 0.6535694 1.9482064 1.3014943 1.4880482 2.6335157 2.8009150 2.7479874 2.3798490 2.6740739 2.8486291 3.7446220 8.9999989 4.8011932 3.8605021 3.9673703 4.5588729 5.9036166 5.1812788 3.5355925 3.0247664 2.8280586 2.7950195 4.6593764 
Cinclidae         4.8864485 3.9592922 5.6378191 5.3217252 4.2637624 4.3949713 4.4757746 4.9566898 4.9706993 6.4049079 6.0496952 5.3976335 4.5545982 8.9999990 3.8380185 3.9509364 4.2749817 4.0159156 0.5165586 0.3795138 0.2118522 0.2505874 0.2844373 0.2482151 0.0000000 0.2222354 0.1996560 0.1998648 0.6834181 1.8930746 1.3269702 1.4248573 2.9173460 2.9795254 2.7867893 2.4087853 2.6306179 2.8108479 3.7888626 8.9999990 4.7057844 3.6951026 4.2748485 4.4734546 5.4942170 4.8808648 3.4864931 2.9166541 2.7281076 2.7002376 4.7317777 
Ploceidae         4.3437641 3.9071325 4.9049539 4.3705976 3.9596621 3.9516851 4.2724761 5.7452919 5.5124678 6.2554629 8.3264966 5.3017065 4.3438078 8.9999981 3.5815164 3.6849919 4.2175440 3.8498495 0.4830459 0.3664719 0.2095923 0.2582712 0.2856681 0.2422391 0.2222354 0.0000000 0.1123157 0.2250947 0.6723235 1.8528066 1.2863651 1.4684118 2.7511463 2.9498049 2.8181921 2.3719610 2.4820590 2.7871685 3.6370372 8.9999986 4.6359220 3.7502279 4.3520440 3.6832235 5.1786689 4.9849938 3.5377791 2.8755382 2.7640500 2.7373840 4.6598938 
Thraupidae        4.5587088 3.9620490 5.4047716 4.4368156 4.0154891 4.2607016 4.3358710 5.1564617 5.1720189 6.8166695 7.8932924 4.8095940 4.5589988 8.9999990 3.6310528 3.8416352 4.4182335 3.9016012 0.5377677 0.3927698 0.2116113 0.2147853 0.2642911 0.2287869 0.1996560 0.1123157 0.0000000 0.2108702 0.6581048 1.8717825 1.3312150 1.5192817 2.6514744 2.8409022 2.9259849 2.2875301 2.4429949 2.8975733 3.9034222 8.9999989 4.5511729 3.8029514 3.9054048 3.8394121 5.5013684 5.2785287 3.5842633 2.7745326 2.6096526 2.5845584 4.7361899 
Alaudidae         4.5615212 3.8491063 5.4082991 4.4392029 4.1403447 4.5496361 4.6362651 5.3728958 5.1747247 6.4228743 7.2796459 5.1903738 4.7212731 8.9999989 3.8425353 3.9576307 4.4203238 4.1441165 0.4717562 0.3597707 0.2085121 0.2300559 0.2925310 0.2526010 0.1998648 0.2250947 0.2108702 0.0000000 0.6586677 1.8459629 1.2253779 1.4239239 2.8533285 2.8415344 2.6524783 2.3525066 2.4703138 2.7457410 3.9050314 8.9999981 4.7132924 3.8023925 4.1477783 4.4794299 6.0448424 5.2818959 3.6866192 2.7756843 2.7226880 2.6939542 4.5768358 
Coraciiformes     4.4843593 4.2782411 4.8994436 4.2290667 4.4827134 5.3796949 4.8890010 6.3462205 4.7141387 8.3576270 8.2958460 8.9999988 5.1813890 7.9184715 4.4080553 4.0165509 4.4921806 4.3433414 0.6835730 0.7386898 0.6625183 0.6573056 0.7165232 0.6535694 0.6834181 0.6723235 0.6581048 0.6586677 0.0000000 1.9524890 1.3383284 1.3279066 2.4219453 2.9453826 2.8254140 2.4358156 2.6630594 2.3661794 3.5369690 8.9999987 3.8362141 4.3596465 4.4925765 4.4054186 6.5586075 4.6335708 2.9564376 2.8016739 2.6808457 2.6523884 4.4995880 
Crocodylidae      5.4080353 4.1504058 5.7925119 5.2316690 4.3454152 4.0737899 5.0849495 6.0348681 5.7709134 6.6308933 4.8143822 7.3170646 6.5976819 7.9568581 3.3908059 4.2773939 3.9687345 4.3503251 1.6671198 1.8533651 1.8178062 1.8469114 1.8275185 1.9482064 1.8930746 1.8528066 1.8717825 1.8459629 1.9524890 0.0000000 1.5176813 1.5141333 2.8889885 2.8780541 3.1021829 2.2646598 2.8869141 2.7204195 5.0014831 8.9999988 3.2641109 3.8609674 3.9676622 4.4121770 3.8417822 4.3415803 3.5357089 2.9597714 2.6720406 2.6406453 3.8587123 
Carettochelyidae  4.0779188 3.3981491 5.0909673 3.7539152 3.4436419 3.6295067 4.0141533 4.1313095 3.7886727 5.4183842 4.3451630 4.5670000 4.3418747 5.5272303 3.0713767 3.3927274 3.0234349 3.3551733 1.3404227 1.2458059 1.2783042 1.2487712 1.2861593 1.3014943 1.3269702 1.2863651 1.3312150 1.2253779 1.3383284 1.5176813 0.0000000 0.5833375 2.3180494 2.2667677 2.4066243 2.0134909 2.2500302 2.1600015 3.0998204 8.9999981 3.0057751 3.1936422 3.5419914 3.2972299 3.9528372 3.5318964 2.8736315 2.3344929 2.1440222 2.1682388 3.6397739 
Kinosternidae     3.8969692 3.5328073 4.9843067 4.0359357 3.4888850 3.5742949 4.3326869 4.0607455 4.0676628 6.0697230 4.5572402 7.0114168 4.5537658 5.1809181 3.1814671 3.4319928 3.6830433 3.5792735 1.5183612 1.4843594 1.5304376 1.4494443 1.5826113 1.4880482 1.4248573 1.4684118 1.5192817 1.4239239 1.3279066 1.5141333 0.5833375 0.0000000 2.3536802 2.2074844 2.4185113 1.9164536 2.3018308 2.2550091 3.0637040 8.9999984 3.0523032 3.3125439 3.3964102 3.4379053 4.2606854 3.8940287 2.9857712 2.5337617 2.3426804 2.3692456 3.7977415 
Anomalepididae    5.3974599 4.2761594 4.8999710 5.6904799 4.3403751 5.3798528 4.8886581 8.9999986 6.3754052 6.6109024 7.0195550 8.9999987 8.9999990 8.9999981 4.2693743 4.4125620 4.4924077 4.6424454 2.5334938 2.5924638 2.7045637 2.6557578 2.8018244 2.6335157 2.9173460 2.7511463 2.6514744 2.8533285 2.4219453 2.8889885 2.3180494 2.3536802 0.0000000 1.7039533 2.2301780 2.0819670 2.3677057 2.7736177 3.5373576 8.7911370 4.4762313 3.7479593 3.9651990 4.0126406 4.4771183 4.0748324 3.7360939 3.1140939 3.1934173 3.0759901 4.6555604 
Loxocemidae       5.8988599 4.4141519 5.0821996 5.4367351 4.7998096 5.6098921 4.7117620 7.7720349 6.3635923 6.2335484 8.9999982 5.7707747 5.6297979 6.7875117 4.8831349 4.4070412 4.6428069 5.3972858 2.9853069 2.8420172 2.8428542 2.9167435 3.0229188 2.8009150 2.9795254 2.9498049 2.8409022 2.8415344 2.9453826 2.8780541 2.2667677 2.2074844 1.7039533 0.0000000 1.0381699 1.6542876 1.9088945 2.6610809 3.6325673 8.9999988 5.6176709 3.9701065 4.3437910 3.7836637 4.4738767 4.7943171 4.0780240 3.2696208 2.9544338 2.9142362 3.6398564 
Natricidae        6.2226041 4.4193943 4.5665026 4.6703114 5.1844042 6.5521499 4.5589704 6.7374599 6.3811894 5.6619453 8.9999987 8.9999986 7.0195442 8.8301116 5.2848256 3.6818001 4.8174911 4.8121536 2.7813695 2.9124355 2.7166807 2.7911635 2.8858910 2.7479874 2.7867893 2.8181921 2.9259849 2.6524783 2.8254140 3.1021829 2.4066243 2.4185113 2.2301780 1.0381699 0.0000000 1.6686081 2.1496990 3.1486819 3.7398354 8.9999989 4.9797389 4.5066042 5.6577716 4.7161300 4.6336281 5.1783374 3.4423020 3.7464164 3.3572427 3.3117002 3.7456679 
Xenosauridae      4.4948055 5.3146574 5.1031693 4.8511426 3.8496962 5.6378507 5.7836894 4.5547660 6.4049887 7.0942573 6.6175166 6.4350715 6.6108874 8.9999987 4.5674188 4.5721987 4.5034866 4.3530697 2.4194726 2.4159923 2.2563145 2.3533356 2.5063918 2.3798490 2.4087853 2.3719610 2.2875301 2.3525066 2.4358156 2.2646598 2.0134909 1.9164536 2.0819670 1.6542876 1.6686081 0.0000000 1.9956053 2.3193909 3.3598894 8.9999987 3.5347788 2.8870301 3.6455592 4.2764861 4.4880336 4.9930089 4.0836233 3.3634569 2.7554264 2.7209565 3.5515563 
Teiidae           5.1716110 6.3930609 4.8912958 4.2234010 4.7968187 6.5266236 7.2248817 8.5719297 7.8196444 5.9172859 6.5650415 6.3871568 5.8943300 6.7802893 6.0348641 4.5540691 4.6407204 4.8023344 2.5245554 2.9103836 2.6347267 2.2698000 2.4242712 2.6740739 2.6306179 2.4820590 2.4429949 2.4703138 2.6630594 2.8869141 2.2500302 2.3018308 2.3677057 1.9088945 2.1496990 1.9956053 0.0000000 2.4226606 4.4835016 8.9999986 4.6244227 3.1937063 3.4446169 3.3123616 3.8341463 4.1960948 4.0736980 3.1863626 3.2645110 3.3086162 3.8464700 
Eublepharidae     7.3265465 5.0129839 5.4294467 6.1572308 4.9102429 7.9058354 8.3576231 8.9999989 6.6043071 6.1154625 8.9999981 8.4213802 8.9999990 8.9999989 6.6109154 5.9408269 6.1102702 6.4411526 2.6820327 2.6705412 2.6777949 2.7549007 2.8432874 2.8486291 2.8108479 2.7871685 2.8975733 2.7457410 2.3661794 2.7204195 2.1600015 2.2550091 2.7736177 2.6610809 3.1486819 2.3193909 2.4226606 0.0000000 5.3181612 8.9999983 5.0909410 4.4452597 4.7453801 4.9959761 5.0916342 5.0941525 3.4955202 2.7787765 3.3249904 3.3694196 3.6005547 
Dicamptodontidae  6.5845691 3.7943248 4.7287871 5.4474154 5.1841372 4.9732580 5.7664681 5.2650527 6.7730809 7.6188317 4.6430190 6.8093768 4.6406700 4.7285255 5.7666242 6.0646013 4.8172862 5.1905548 4.1482005 4.0205170 4.1454445 3.6908818 3.9585830 3.7446220 3.7888626 3.6370372 3.9034222 3.9050314 3.5369690 5.0014831 3.0998204 3.0637040 3.5373576 3.6325673 3.7398354 3.3598894 4.4835016 5.3181612 0.0000000 7.9184779 3.4434099 3.9733036 3.7447146 3.2225039 3.2649244 4.0766569 3.4436432 2.8274380 3.0357132 2.9959268 3.7427696 
Alytidae          4.1396801 7.0359187 8.9999989 8.9999989 6.0546281 7.2159138 8.9999980 8.9999988 8.2359290 6.0796213 5.5159962 8.9999987 8.9999988 8.9999981 6.9952891 8.9999985 8.9999986 8.9999987 8.9999985 8.9999987 8.9999985 8.9999986 8.9999986 8.9999989 8.9999990 8.9999986 8.9999989 8.9999981 8.9999987 8.9999988 8.9999981 8.9999984 8.7911370 8.9999988 8.9999989 8.9999987 8.9999986 8.9999983 7.9184779 0.0000000 8.9999989 8.9999990 8.9999988 8.9999990 8.9999985 8.9999984 8.7719396 8.9999987 8.9999988 8.9999986 8.9999987 
Heleophrynidae    6.9713708 4.5566575 6.7659041 4.6572567 4.1967090 4.6163689 4.3969174 4.3870175 4.3961089 6.5780203 4.9741037 5.2783396 6.9713460 5.7580743 4.1310460 6.3636911 4.8010695 5.3869592 4.2665397 4.7082767 4.7105154 4.1344467 4.7891254 4.8011932 4.7057844 4.6359220 4.5511729 4.7132924 3.8362141 3.2641109 3.0057751 3.0523032 4.4762313 5.6176709 4.9797389 3.5347788 4.6244227 5.0909410 3.4434099 8.9999989 0.0000000 1.6226555 1.6203177 1.7167004 2.0682911 2.3113524 4.3318903 3.2592408 3.0301979 2.9911040 4.2094397 
Leptodactylidae   5.4259745 4.1601551 4.4336553 3.8750841 3.5440052 3.5377459 4.2841235 4.0162735 4.0270567 5.9692062 4.5021704 5.3216370 8.9999987 7.3648867 4.4240293 3.9123589 3.7515407 3.9725787 3.9173716 4.2881392 3.8025833 3.6950147 3.9687296 3.8605021 3.6951026 3.7502279 3.8029514 3.8023925 4.3596465 3.8609674 3.1936422 3.3125439 3.7479593 3.9701065 4.5066042 2.8870301 3.1937063 4.4452597 3.9733036 8.9999990 1.6226555 0.0000000 0.6762482 1.6481294 1.9408677 2.5045319 3.6398903 2.9599210 2.9646349 2.9301908 3.6539233 
Strabomantidae    5.4045730 3.7994685 6.0797635 4.8439941 3.8447271 3.7346236 6.0596398 4.2614952 4.2702355 6.6242600 3.9599362 4.4186033 7.5754964 6.0797687 4.0192063 3.9052492 3.6429908 3.7430911 4.2816018 4.1433883 3.9056070 3.5890721 4.0796211 3.9673703 4.2748485 4.3520440 3.9054048 4.1477783 4.4925765 3.9676622 3.5419914 3.3964102 3.9651990 4.3437910 5.6577716 3.6455592 3.4446169 4.7453801 3.7447146 8.9999988 1.6203177 0.6762482 0.0000000 1.6840995 1.8957125 2.7524003 3.6361218 2.8811801 3.0301786 2.9133835 3.9721158 
Micrixalidae      5.4975143 4.8023558 5.3903414 4.0316250 4.0089607 4.3918818 4.3277285 4.4599207 4.6222417 5.7708246 5.2752960 4.4806838 6.3636999 6.2063335 3.9487941 5.6217340 5.2850286 5.7579115 4.4815170 4.9735509 4.3338836 4.3347486 4.2602570 4.5588729 4.4734546 3.6832235 3.8394121 4.4794299 4.4054186 4.4121770 3.2972299 3.4379053 4.0126406 3.7836637 4.7161300 4.2764861 3.3123616 4.9959761 3.2225039 8.9999990 1.7167004 1.6481294 1.6840995 0.0000000 1.2006514 1.7661722 3.5752352 3.1385650 3.2207713 3.1797969 3.4884825 
Hemisotidae       8.9999989 5.2816911 6.7659164 5.9454243 4.6279132 4.9566629 5.7409439 6.3175949 6.0201836 8.9999987 7.5122600 5.2781777 8.9999987 8.7153825 4.7036467 5.0672212 4.8016211 4.7965295 4.8890425 6.3637156 5.2754219 5.2786038 4.9681721 5.9036166 5.4942170 5.1786689 5.5013684 6.0448424 6.5586075 3.8417822 3.9528372 4.2606854 4.4771183 4.4738767 4.6336281 4.4880336 3.8341463 5.0916342 3.2649244 8.9999985 2.0682911 1.9408677 1.8957125 1.2006514 0.0000000 1.7700271 4.3310253 4.3458631 3.7370965 3.5828251 4.9898153 
Asterophryidae    5.3832655 3.7864844 5.2816832 5.9501618 3.8405870 3.9415421 5.0648606 5.0474865 3.4823252 4.4857845 6.5585743 7.8684349 7.5122362 5.2816796 4.3979878 4.8829681 4.4839533 4.4796423 5.0792418 5.5012815 5.2785723 5.2818488 4.7922033 5.1812788 4.8808648 4.9849938 5.2785287 5.2818959 4.6335708 4.3415803 3.5318964 3.8940287 4.0748324 4.7943171 5.1783374 4.9930089 4.1960948 5.0941525 4.0766569 8.9999984 2.3113524 2.5045319 2.7524003 1.7661722 1.7700271 0.0000000 3.7300251 4.4923545 3.2757573 3.1533799 5.4080237 
Caeciliidae2      6.5714776 4.0221620 6.3990263 4.6672693 4.4819799 4.3274718 5.2780128 5.2587010 5.0705106 6.2389660 3.9593036 4.8966198 5.6336726 4.8965584 4.1359869 4.8911866 4.8115495 4.6396812 3.3978570 3.3087922 3.9019737 3.5838309 3.6322268 3.5355925 3.4864931 3.5377791 3.5842633 3.6866192 2.9564376 3.5357089 2.8736315 2.9857712 3.7360939 4.0780240 3.4423020 4.0836233 4.0736980 3.4955202 3.4436432 8.7719396 4.3318903 3.6398903 3.6361218 3.5752352 4.3310253 3.7300251 0.0000000 2.7484220 3.0297914 2.9174997 4.4975108 
Polypteriformes   5.0015461 3.8012855 4.9154184 4.6824103 4.0876674 5.1844573 5.7881277 4.4088225 4.4182512 4.6637767 4.6540472 4.1563694 5.4184899 5.8056856 4.4199701 4.2839557 4.3575162 5.0073684 2.9989562 2.7098890 3.1503251 2.9250318 3.0358767 3.0247664 2.9166541 2.8755382 2.7745326 2.7756843 2.8016739 2.9597714 2.3344929 2.5337617 3.1140939 3.2696208 3.7464164 3.3634569 3.1863626 2.7787765 2.8274380 8.9999987 3.2592408 2.9599210 2.8811801 3.1385650 4.3458631 4.4923545 2.7484220 0.0000000 1.1065070 1.1464110 2.3020876 
Channichthyidae   4.3525017 3.2348331 4.1558128 4.3795557 3.7440571 4.0831937 4.0249386 4.2690069 3.6891345 4.0981287 3.7484161 4.1562520 4.0875467 4.2881659 3.3115685 3.5947269 3.5522483 3.7487623 2.6684662 2.6584726 2.7904943 2.7139876 2.8148490 2.8280586 2.7281076 2.7640500 2.6096526 2.7226880 2.6808457 2.6720406 2.1440222 2.3426804 3.1934173 2.9544338 3.3572427 2.7554264 3.2645110 3.3249904 3.0357132 8.9999988 3.0301979 2.9646349 3.0301786 3.2207713 3.7370965 3.2757573 3.0297914 1.1065070 0.0000000 0.0250327 1.9489372 
Pseudaphritidae   4.1503297 3.1124023 3.9700666 4.3083325 3.6904808 3.9059504 3.9644069 4.0740191 3.5365728 4.1600903 3.5948380 3.9707968 4.0257512 4.2198667 3.1866070 3.6449745 3.6008702 3.5945420 2.6322052 2.6251443 2.7604869 2.6849835 2.7839291 2.7950195 2.7002376 2.7373840 2.5845584 2.6939542 2.6523884 2.6406453 2.1682388 2.3692456 3.0759901 2.9142362 3.3117002 2.7209565 3.3086162 3.3694196 2.9959268 8.9999986 2.9911040 2.9301908 2.9133835 3.1797969 3.5828251 3.1533799 2.9174997 1.1464110 0.0250327 0.0000000 1.9639171 
Carcharhinidae    4.8169290 6.1000137 5.8010491 5.9932281 6.6109215 6.2172672 7.9311841 5.2782240 4.7255075 7.6631647 4.6520094 6.4350443 6.6108940 6.8389321 6.0746911 5.7923586 5.6742100 5.4224471 4.4269554 4.4227124 4.5750970 4.7386004 4.4929686 4.6593764 4.7317777 4.6598938 4.7361899 4.5768358 4.4995880 3.8587123 3.6397739 3.7977415 4.6555604 3.6398564 3.7456679 3.5515563 3.8464700 3.6005547 3.7427696 8.9999987 4.2094397 3.6539233 3.9721158 3.4884825 4.9898153 5.4080237 4.4975108 2.3020876 1.9489372 1.9639171 0.0000000 
