51
Pitheciidae       0.0000000 0.2405170 0.2010346 0.2030526 0.2496899 0.2337063 0.1789072 0.1853536 0.2295105 0.2266865 0.2245407 0.2319726 0.1870481 0.1637965 0.2242344 0.5092647 0.5677297 0.5294318 1.3923630 1.4454567 1.3644005 1.4129808 1.3836872 1.3330421 1.3787208 1.3426466 1.3730016 1.3558735 1.2841010 1.4635850 1.5286851 1.3886269 1.0642216 0.9459669 0.8776439 1.2649111 1.1462704 1.1818522 0.9402790 1.1266218 0.9601280 1.0195405 1.0476977 0.9028499 1.0288633 0.9671382 1.3434083 0.7978199 0.9154130 0.8663211 1.3577473 
Scandentia        0.2405170 0.0000000 0.2700373 0.2614214 0.3227819 0.3003429 0.2461906 0.2789792 0.3222553 0.3204349 0.3166850 0.3298452 0.2655240 0.2517058 0.3030298 0.6103515 0.6846239 0.6310575 1.4151500 1.4955719 1.4592891 1.4826145 1.4347802 1.3684827 1.4076897 1.3972333 1.4235030 1.3766213 1.3493722 1.5291396 1.5669775 1.4853424 1.1304232 1.0274799 0.9290116 1.3628876 1.2426146 1.2498315 1.0098940 1.1760103 1.0618684 1.1090495 1.1241861 0.9766555 1.0900236 1.0368859 1.3556369 0.8346472 0.9436531 0.9162338 1.3940594 
Erethizontidae    0.2010346 0.2700373 0.0000000 0.0827079 0.2651644 0.2256479 0.2115347 0.2345969 0.2758245 0.2652957 0.2612903 0.2715387 0.2223443 0.1996355 0.2653166 0.5184036 0.5733649 0.5190873 1.4004374 1.5088850 1.4411773 1.5009514 1.4772762 1.4068303 1.4428701 1.4091273 1.4528765 1.4117408 1.2954016 1.4788465 1.5579177 1.4157441 1.1120785 1.0006716 0.9240972 1.3495370 1.1949375 1.1809168 0.9795248 1.2129271 0.9790321 1.0936689 1.1019163 0.9356616 1.0714218 1.0001110 1.3673805 0.8596194 0.9569450 0.9203927 1.4239024 
Capromyidae       0.2030526 0.2614214 0.0827079 0.0000000 0.2559507 0.2243877 0.2099275 0.2312869 0.2693840 0.2538942 0.2572845 0.2662149 0.2191595 0.2003871 0.2541671 0.5044292 0.5676884 0.5085054 1.4236464 1.5083519 1.4091467 1.4587560 1.4440847 1.3718845 1.3948393 1.3874377 1.4273885 1.3908871 1.3018779 1.5026730 1.5587515 1.4276183 1.1326870 1.0085492 0.9303454 1.3073645 1.1944178 1.1884603 0.9998826 1.2075845 0.9754295 1.0943059 1.0982040 0.9149932 1.0573376 1.0013218 1.3617754 0.8431269 0.9586386 0.9113827 1.3870200 
Muridae           0.2496899 0.3227819 0.2651644 0.2559507 0.0000000 0.2647679 0.2713283 0.2840984 0.3206525 0.3159188 0.3237337 0.3289550 0.2759534 0.2600884 0.3138717 0.6181888 0.6986246 0.6337929 1.4601165 1.6075907 1.4739603 1.5176667 1.5068923 1.4655001 1.4959436 1.4504841 1.4852411 1.4783485 1.3494644 1.5919284 1.5252361 1.4610340 1.2081705 1.0628327 0.9619455 1.3727539 1.2746670 1.2670950 1.0141936 1.2618556 1.0412512 1.1353699 1.1438338 0.9989668 1.1276120 1.0570092 1.4800284 0.9066865 0.9514212 0.9216912 1.4574110 
Castoridae        0.2337063 0.3003429 0.2256479 0.2243877 0.2647679 0.0000000 0.2533585 0.2757625 0.3198147 0.2972202 0.2816209 0.3008265 0.2502866 0.2341651 0.2855214 0.5872368 0.6504278 0.5938652 1.4385181 1.5859131 1.5034579 1.4819733 1.4916239 1.4202295 1.4604870 1.4290416 1.4560981 1.4525854 1.3343538 1.5361472 1.5351721 1.4371351 1.1670523 0.9890178 0.9417550 1.3552132 1.2446428 1.2258643 1.0239468 1.2871084 1.0867048 1.1359565 1.1249706 0.9832280 1.1089487 1.0705689 1.4144481 0.9248675 1.0007213 0.9569569 1.4817708 
Suidae            0.1789072 0.2461906 0.2115347 0.2099275 0.2713283 0.2533585 0.0000000 0.1219889 0.1601906 0.1976605 0.1885581 0.2001240 0.1515665 0.1329702 0.2104437 0.5067907 0.5474445 0.5161714 1.3140249 1.3982318 1.3547997 1.3651060 1.3439800 1.2725873 1.3192659 1.2890693 1.3273582 1.3051949 1.2464260 1.4875335 1.5314534 1.4276687 1.1309376 0.9327075 0.9056009 1.3219460 1.1767758 1.2148523 0.9180365 1.1599508 0.9962544 1.0594085 1.0855069 0.9003389 1.0294168 0.9784054 1.3892052 0.8185451 0.9241941 0.8958495 1.3900516 
Hippopotamidae    0.1853536 0.2789792 0.2345969 0.2312869 0.2840984 0.2757625 0.1219889 0.0000000 0.1688290 0.2022915 0.2020032 0.2105089 0.1702474 0.1485958 0.2324714 0.5055397 0.5495968 0.5206542 1.3438727 1.4399161 1.3717789 1.3754171 1.3686575 1.2989726 1.3545003 1.3193100 1.3554718 1.3243671 1.2503470 1.5360986 1.5206578 1.3913805 1.1035283 0.9532044 0.8936984 1.3071644 1.1491047 1.1849541 0.9289992 1.1930433 1.0172012 1.0921349 1.0903603 0.9004192 1.0121662 0.9818207 1.4163350 0.8148119 0.9421348 0.9010497 1.4175210 
Hyperoodontidae   0.2295105 0.3222553 0.2758245 0.2693840 0.3206525 0.3198147 0.1601906 0.1688290 0.0000000 0.2455233 0.2351848 0.2438113 0.2128072 0.1899008 0.2750914 0.5590183 0.6489080 0.5804498 1.3856184 1.4757699 1.3941038 1.4415730 1.3951083 1.3361675 1.3902119 1.3520478 1.3751484 1.3714925 1.2824411 1.4806552 1.5056171 1.4101786 1.1685506 0.9801126 0.9280862 1.3362443 1.2017443 1.2508521 1.0022370 1.2430718 1.0493067 1.1378722 1.1486923 0.9736228 1.1027598 1.0644825 1.4539860 0.8625594 0.9925919 0.9630651 1.4648678 
Vespertilionidae  0.2266865 0.3204349 0.2652957 0.2538942 0.3159188 0.2972202 0.1976605 0.2022915 0.2455233 0.0000000 0.1597195 0.1956969 0.1951413 0.1819810 0.2578879 0.5387564 0.5920652 0.5663610 1.4060675 1.5329596 1.4337686 1.4702500 1.4279820 1.3843943 1.4376713 1.3868860 1.4377602 1.4060545 1.3269270 1.5307649 1.5419382 1.3688315 1.1741875 0.9946904 0.9591991 1.3835473 1.1893925 1.2135292 0.9855906 1.2444018 1.0184918 1.1255598 1.1290282 0.9631461 1.0584809 1.0428577 1.4321802 0.8771736 0.9801557 0.9282996 1.4980221 
Furipteridae      0.2245407 0.3166850 0.2612903 0.2572845 0.3237337 0.2816209 0.1885581 0.2020032 0.2351848 0.1597195 0.0000000 0.1965645 0.2050563 0.1822309 0.2684691 0.5561444 0.6137016 0.5748190 1.4218473 1.5062120 1.4237621 1.4412857 1.4259411 1.3515709 1.4129492 1.3631009 1.4058716 1.4046494 1.3164382 1.5176666 1.5808807 1.4041014 1.1704230 1.0149663 0.9864261 1.3129374 1.1857185 1.2384428 0.9922008 1.2415321 1.0447876 1.1236154 1.1555351 0.9665266 1.1092098 1.0488447 1.4176523 0.8930792 1.0030231 0.9529537 1.4799167 
Rhinolophidae     0.2319726 0.3298452 0.2715387 0.2662149 0.3289550 0.3008265 0.2001240 0.2105089 0.2438113 0.1956969 0.1965645 0.0000000 0.2036976 0.1897872 0.2765480 0.5640020 0.6237619 0.5941783 1.3813217 1.5077661 1.3872455 1.4583580 1.4486937 1.3832611 1.4151854 1.4070582 1.4149158 1.3924828 1.3195153 1.5437607 1.6157119 1.4454409 1.1579768 1.0042950 0.9613764 1.3778374 1.1786934 1.2638240 1.0001271 1.2429201 1.0463071 1.1386305 1.1413436 0.9701450 1.0719032 1.0362998 1.4642008 0.8816685 0.9901690 0.9534836 1.4802448 
Viverridae        0.1870481 0.2655240 0.2223443 0.2191595 0.2759534 0.2502866 0.1515665 0.1702474 0.2128072 0.1951413 0.2050563 0.2036976 0.0000000 0.0891884 0.2278605 0.5040848 0.5643252 0.5299263 1.3497143 1.4379418 1.3617628 1.3663292 1.3758787 1.2927226 1.3554454 1.3346081 1.3565288 1.3266150 1.2495993 1.4632577 1.4943222 1.4041706 1.0749744 0.9179274 0.8851588 1.2581647 1.1579519 1.1731728 0.9475245 1.1170993 1.0073851 1.0814594 1.0709295 0.8986218 1.0201766 0.9721125 1.3519643 0.8253578 0.9263129 0.8885271 1.4105238 
Procyonidae       0.1637965 0.2517058 0.1996355 0.2003871 0.2600884 0.2341651 0.1329702 0.1485958 0.1899008 0.1819810 0.1822309 0.1897872 0.0891884 0.0000000 0.2149647 0.4961799 0.5537019 0.5246465 1.3351129 1.4201790 1.3636459 1.3657270 1.3641157 1.2933133 1.3432392 1.3281904 1.3541925 1.3133972 1.2342073 1.4996035 1.4949264 1.4049365 1.0743746 0.9222985 0.8482649 1.2662086 1.1388071 1.1763162 0.9253745 1.1409110 0.9926386 1.0531839 1.0797654 0.8859202 1.0134862 0.9641804 1.3601242 0.8263343 0.9232750 0.8963938 1.4207787 
Myrmecophagidae   0.2242344 0.3030298 0.2653166 0.2541671 0.3138717 0.2855214 0.2104437 0.2324714 0.2750914 0.2578879 0.2684691 0.2765480 0.2278605 0.2149647 0.0000000 0.5301523 0.5717231 0.5308748 1.3872394 1.4775712 1.3914950 1.4044888 1.4060457 1.3259077 1.3851062 1.3307229 1.3730995 1.3649735 1.2827598 1.4658985 1.5085343 1.3916918 1.0854671 0.9287674 0.8664116 1.3526767 1.1428457 1.1859510 0.9711213 1.1838991 1.0106471 1.0766216 1.0619301 0.9153351 1.0461510 0.9990412 1.3374415 0.8400115 0.9421011 0.9063458 1.4022376 
Caluromyidae      0.5092647 0.6103515 0.5184036 0.5044292 0.6181888 0.5872368 0.5067907 0.5055397 0.5590183 0.5387564 0.5561444 0.5640020 0.5040848 0.4961799 0.5301523 0.0000000 0.2326577 0.1893539 1.4946556 1.5724390 1.5359833 1.5113056 1.5057257 1.4366578 1.4701335 1.4303687 1.4583547 1.4326656 1.3184101 1.5443731 1.5866337 1.4053120 1.1110268 0.9974752 0.9633835 1.3770935 1.2555380 1.1943442 0.9645765 1.1891680 0.9897512 1.1728348 1.1674926 0.9736327 1.0928748 1.0384867 1.4198404 0.8899031 1.0733993 1.0494800 1.4043222 
Thylacomyidae     0.5677297 0.6846239 0.5733649 0.5676884 0.6986246 0.6504278 0.5474445 0.5495968 0.6489080 0.5920652 0.6137016 0.6237619 0.5643252 0.5537019 0.5717231 0.2326577 0.0000000 0.1865527 1.4214673 1.5283584 1.5321164 1.5019298 1.4809529 1.3677883 1.4095077 1.3939653 1.4154022 1.3986308 1.3413994 1.5367978 1.6736037 1.5354052 1.1281931 1.0582246 0.9771643 1.4244093 1.2813815 1.2333455 1.0398292 1.2984027 1.0350313 1.1817290 1.1996221 1.0345400 1.1550007 1.1293460 1.3675380 0.9828572 1.1225922 1.1045509 1.3896484 
Phalangeridae     0.5294318 0.6310575 0.5190873 0.5085054 0.6337929 0.5938652 0.5161714 0.5206542 0.5804498 0.5663610 0.5748190 0.5941783 0.5299263 0.5246465 0.5308748 0.1893539 0.1865527 0.0000000 1.4666761 1.5187403 1.5188185 1.4805874 1.4760377 1.3854452 1.4339868 1.3925728 1.4129275 1.4236459 1.3238179 1.5857639 1.6295948 1.5175059 1.1067311 1.0580092 0.9905398 1.3645022 1.2760386 1.2410887 0.9990200 1.2372717 1.0323195 1.1931305 1.1813151 0.9810839 1.1324353 1.0502167 1.3817807 0.9135171 1.0750285 1.0511019 1.3926420 
Tityridae         1.3923630 1.4151500 1.4004374 1.4236464 1.4601165 1.4385181 1.3140249 1.3438727 1.3856184 1.4060675 1.4218473 1.3813217 1.3497143 1.3351129 1.3872394 1.4946556 1.4214673 1.4666761 0.0000000 0.3890351 0.4216653 0.4158188 0.4268520 0.3446506 0.3527667 0.3970048 0.3833443 0.3567047 0.4326069 1.2398806 1.3936796 1.1489706 1.1382567 0.9754652 0.9760470 1.3759626 1.2828220 1.1910996 1.1855189 1.3783739 1.2157275 1.3210957 1.3524947 1.1547957 1.1529434 1.1554765 1.6565930 1.1424227 1.2072493 1.2001765 1.6501314 
Ptilonorhynchidae 1.4454567 1.4955719 1.5088850 1.5083519 1.6075907 1.5859131 1.3982318 1.4399161 1.4757699 1.5329596 1.5062120 1.5077661 1.4379418 1.4201790 1.4775712 1.5724390 1.5283584 1.5187403 0.3890351 0.0000000 0.3614909 0.3809444 0.3788384 0.2961019 0.3065027 0.3350834 0.3176612 0.3116303 0.5163688 1.2991043 1.4764170 1.3243684 1.2159907 1.0145974 1.0972619 1.4888486 1.2939034 1.2491476 1.2267069 1.4537829 1.3159602 1.4119289 1.4345323 1.2440958 1.2165550 1.2252419 1.6790914 1.2488454 1.2955576 1.3033551 1.7637571 
Callaeatidae      1.3644005 1.4592891 1.4411773 1.4091467 1.4739603 1.5034579 1.3547997 1.3717789 1.3941038 1.4337686 1.4237621 1.3872455 1.3617628 1.3636459 1.3914950 1.5359833 1.5321164 1.5188185 0.4216653 0.3614909 0.0000000 0.2978549 0.2974585 0.2231601 0.2311987 0.2508226 0.2496094 0.2569615 0.5204176 1.2854345 1.4030853 1.2563814 1.1798338 1.0297075 1.0832630 1.4594734 1.2155943 1.2580609 1.2170006 1.4141995 1.2632434 1.4529679 1.3921850 1.2040065 1.2242075 1.2300377 1.6879215 1.1514164 1.2302762 1.2423942 1.7005135 
Monarchidae       1.4129808 1.4826145 1.5009514 1.4587560 1.5176667 1.4819733 1.3651060 1.3754171 1.4415730 1.4702500 1.4412857 1.4583580 1.3663292 1.3657270 1.4044888 1.5113056 1.5019298 1.4805874 0.4158188 0.3809444 0.2978549 0.0000000 0.2338481 0.2359696 0.2443933 0.2647410 0.2672533 0.2668177 0.5072381 1.2702573 1.3916858 1.2447060 1.2044644 1.0028946 1.0191657 1.5084854 1.2497863 1.2935104 1.2812814 1.4484098 1.3772331 1.4520613 1.4195878 1.2250341 1.2733931 1.2455255 1.7578281 1.2231505 1.2669579 1.2847840 1.7370050 
Malaconotidae     1.3836872 1.4347802 1.4772762 1.4440847 1.5068923 1.4916239 1.3439800 1.3686575 1.3951083 1.4279820 1.4259411 1.4486937 1.3758787 1.3641157 1.4060457 1.5057257 1.4809529 1.4760377 0.4268520 0.3788384 0.2974585 0.2338481 0.0000000 0.2343072 0.2503514 0.2739351 0.2659041 0.2619275 0.5254595 1.2338843 1.3931149 1.2250285 1.2175612 1.0022430 1.0442113 1.4196911 1.2323443 1.2492623 1.2442747 1.4029935 1.2692317 1.3904269 1.3862901 1.1720936 1.2347015 1.2186800 1.6086962 1.1882123 1.1941898 1.2096681 1.7339840 
Certhiidae        1.3330421 1.3684827 1.4068303 1.3718845 1.4655001 1.4202295 1.2725873 1.2989726 1.3361675 1.3843943 1.3515709 1.3832611 1.2927226 1.2933133 1.3259077 1.4366578 1.3677883 1.3854452 0.3446506 0.2961019 0.2231601 0.2359696 0.2343072 0.0000000 0.1337092 0.1466086 0.1488193 0.1522437 0.4359946 1.2292136 1.2985641 1.1065219 1.1000221 0.9154660 0.9788034 1.4560607 1.1966136 1.1528266 1.1750990 1.3177813 1.2144144 1.3345189 1.3280627 1.1377604 1.1602743 1.1503485 1.5629839 1.1419337 1.1864370 1.1805487 1.6617379 
Cinclidae         1.3787208 1.4076897 1.4428701 1.3948393 1.4959436 1.4604870 1.3192659 1.3545003 1.3902119 1.4376713 1.4129492 1.4151854 1.3554454 1.3432392 1.3851062 1.4701335 1.4095077 1.4339868 0.3527667 0.3065027 0.2311987 0.2443933 0.2503514 0.1337092 0.0000000 0.1613409 0.1666728 0.1679175 0.4521585 1.2425490 1.3141981 1.1922602 1.1343403 0.9820290 1.0165471 1.4371079 1.2233119 1.1724967 1.2130702 1.3785022 1.2699234 1.3706073 1.3751727 1.1998266 1.2155574 1.2040972 1.6273507 1.1545467 1.2529636 1.2221405 1.6824083 
Ploceidae         1.3426466 1.3972333 1.4091273 1.3874377 1.4504841 1.4290416 1.2890693 1.3193100 1.3520478 1.3868860 1.3631009 1.4070582 1.3346081 1.3281904 1.3307229 1.4303687 1.3939653 1.3925728 0.3970048 0.3350834 0.2508226 0.2647410 0.2739351 0.1466086 0.1613409 0.0000000 0.1217102 0.1801290 0.4634330 1.2541687 1.3747938 1.2361177 1.1986060 1.0284584 1.0696328 1.5034806 1.2694644 1.1971217 1.2117411 1.4185552 1.2742711 1.4275558 1.4082808 1.2180234 1.2403888 1.2428394 1.6550918 1.1355827 1.2120669 1.2194730 1.6753481 
Thraupidae        1.3730016 1.4235030 1.4528765 1.4273885 1.4852411 1.4560981 1.3273582 1.3554718 1.3751484 1.4377602 1.4058716 1.4149158 1.3565288 1.3541925 1.3730995 1.4583547 1.4154022 1.4129275 0.3833443 0.3176612 0.2496094 0.2672533 0.2659041 0.1488193 0.1666728 0.1217102 0.0000000 0.1794801 0.4407964 1.2405512 1.3562062 1.2108187 1.1685133 0.9723614 1.0396147 1.4459563 1.2332911 1.1902089 1.2023127 1.3752043 1.2561814 1.3911149 1.3870193 1.1906875 1.2309187 1.2203161 1.6365083 1.1521626 1.2334886 1.2437467 1.7211113 
Alaudidae         1.3558735 1.3766213 1.4117408 1.3908871 1.4783485 1.4525854 1.3051949 1.3243671 1.3714925 1.4060545 1.4046494 1.3924828 1.3266150 1.3133972 1.3649735 1.4326656 1.3986308 1.4236459 0.3567047 0.3116303 0.2569615 0.2668177 0.2619275 0.1522437 0.1679175 0.1801290 0.1794801 0.0000000 0.4558429 1.2506197 1.3930073 1.1857374 1.1227117 0.9478313 0.9929855 1.4640012 1.2032852 1.1936422 1.1914394 1.3654427 1.2052308 1.3220479 1.3749282 1.1477431 1.1913196 1.1660843 1.6008733 1.1177728 1.1928403 1.2082809 1.6772823 
Coraciiformes     1.2841010 1.3493722 1.2954016 1.3018779 1.3494644 1.3343538 1.2464260 1.2503470 1.2824411 1.3269270 1.3164382 1.3195153 1.2495993 1.2342073 1.2827598 1.3184101 1.3413994 1.3238179 0.4326069 0.5163688 0.5204176 0.5072381 0.5254595 0.4359946 0.4521585 0.4634330 0.4407964 0.4558429 0.0000000 1.1600516 1.3808493 1.1735104 1.1403013 0.9129623 0.9091338 1.3768340 1.1936227 1.1275808 1.1636995 1.3568832 1.1707245 1.2841232 1.3255425 1.1111513 1.1418188 1.1213278 1.5696400 1.0853603 1.1462201 1.1587950 1.6693500 
Crocodylidae      1.4635850 1.5291396 1.4788465 1.5026730 1.5919284 1.5361472 1.4875335 1.5360986 1.4806552 1.5307649 1.5176666 1.5437607 1.4632577 1.4996035 1.4658985 1.5443731 1.5367978 1.5857639 1.2398806 1.2991043 1.2854345 1.2702573 1.2338843 1.2292136 1.2425490 1.2541687 1.2405512 1.2506197 1.1600516 0.0000000 1.4975133 1.3351174 1.2929597 1.1039802 1.0908964 1.5512943 1.3907245 1.3393598 1.3940582 1.4725319 1.3783983 1.5127297 1.4931683 1.3161349 1.3276113 1.3774809 1.7067927 1.2299815 1.3484505 1.3256909 1.8090802 
Carettochelyidae  1.5286851 1.5669775 1.5579177 1.5587515 1.5252361 1.5351721 1.5314534 1.5206578 1.5056171 1.5419382 1.5808807 1.6157119 1.4943222 1.4949264 1.5085343 1.5866337 1.6736037 1.6295948 1.3936796 1.4764170 1.4030853 1.3916858 1.3931149 1.2985641 1.3141981 1.3747938 1.3562062 1.3930073 1.3808493 1.4975133 0.0000000 0.9462078 1.3660810 1.2604016 1.2298340 1.5476280 1.4893208 1.3904648 1.3974132 1.4802444 1.3910917 1.5199373 1.5240552 1.3355341 1.3933706 1.3911398 1.8134115 1.2772957 1.3450310 1.3166020 1.7785417 
Kinosternidae     1.3886269 1.4853424 1.4157441 1.4276183 1.4610340 1.4371351 1.4276687 1.3913805 1.4101786 1.3688315 1.4041014 1.4454409 1.4041706 1.4049365 1.3916918 1.4053120 1.5354052 1.5175059 1.1489706 1.3243684 1.2563814 1.2447060 1.2250285 1.1065219 1.1922602 1.2361177 1.2108187 1.1857374 1.1735104 1.3351174 0.9462078 0.0000000 1.2790791 1.0620400 1.1120176 1.5314510 1.3377203 1.2632177 1.2410420 1.3541868 1.2670383 1.4313395 1.4521181 1.1698453 1.2445584 1.2039338 1.6887468 1.1531672 1.2115172 1.1934719 1.7144283 
Anomalepididae    1.0642216 1.1304232 1.1120785 1.1326870 1.2081705 1.1670523 1.1309376 1.1035283 1.1685506 1.1741875 1.1704230 1.1579768 1.0749744 1.0743746 1.0854671 1.1110268 1.1281931 1.1067311 1.1382567 1.2159907 1.1798338 1.2044644 1.2175612 1.1000221 1.1343403 1.1986060 1.1685133 1.1227117 1.1403013 1.2929597 1.3660810 1.2790791 0.0000000 0.4664887 0.4709489 0.9190257 0.7135898 0.7496241 1.0369152 1.2138382 1.0502350 1.0996949 1.1411772 0.9512753 1.0149220 0.9779888 1.3914661 0.9457165 0.9472720 0.9364909 1.4266389 
Loxocemidae       0.9459669 1.0274799 1.0006716 1.0085492 1.0628327 0.9890178 0.9327075 0.9532044 0.9801126 0.9946904 1.0149663 1.0042950 0.9179274 0.9222985 0.9287674 0.9974752 1.0582246 1.0580092 0.9754652 1.0145974 1.0297075 1.0028946 1.0022430 0.9154660 0.9820290 1.0284584 0.9723614 0.9478313 0.9129623 1.1039802 1.2604016 1.0620400 0.4664887 0.0000000 0.1842736 0.7673169 0.6060065 0.6363653 0.8803378 1.1007839 0.9246204 1.0630303 1.0450384 0.8456761 0.9363483 0.9018062 1.2554679 0.7883131 0.8517729 0.8624182 1.2739334 
Natricidae        0.8776439 0.9290116 0.9240972 0.9303454 0.9619455 0.9417550 0.9056009 0.8936984 0.9280862 0.9591991 0.9864261 0.9613764 0.8851588 0.8482649 0.8664116 0.9633835 0.9771643 0.9905398 0.9760470 1.0972619 1.0832630 1.0191657 1.0442113 0.9788034 1.0165471 1.0696328 1.0396147 0.9929855 0.9091338 1.0908964 1.2298340 1.1120176 0.4709489 0.1842736 0.0000000 0.7809048 0.6022691 0.6235440 0.8498320 1.1107429 0.9186802 1.0435386 1.0584222 0.8397346 0.9558763 0.8690018 1.2308025 0.7455002 0.8321410 0.8353950 1.2173293 
Xenosauridae      1.2649111 1.3628876 1.3495370 1.3073645 1.3727539 1.3552132 1.3219460 1.3071644 1.3362443 1.3835473 1.3129374 1.3778374 1.2581647 1.2662086 1.3526767 1.3770935 1.4244093 1.3645022 1.3759626 1.4888486 1.4594734 1.5084854 1.4196911 1.4560607 1.4371079 1.5034806 1.4459563 1.4640012 1.3768340 1.5512943 1.5476280 1.5314510 0.9190257 0.7673169 0.7809048 0.0000000 0.9969834 1.0307902 1.2979165 1.5398089 1.3644605 1.4213805 1.4657008 1.2573907 1.2937013 1.2727983 1.6292864 1.1674344 1.2246343 1.2096082 1.6869252 
Teiidae           1.1462704 1.2426146 1.1949375 1.1944178 1.2746670 1.2446428 1.1767758 1.1491047 1.2017443 1.1893925 1.1857185 1.1786934 1.1579519 1.1388071 1.1428457 1.2555380 1.2813815 1.2760386 1.2828220 1.2939034 1.2155943 1.2497863 1.2323443 1.1966136 1.2233119 1.2694644 1.2332911 1.2032852 1.1936227 1.3907245 1.4893208 1.3377203 0.7135898 0.6060065 0.6022691 0.9969834 0.0000000 0.8362825 1.1464783 1.3510092 1.1558394 1.1867436 1.2197652 1.0633200 1.1501632 1.1460252 1.4064018 0.9653037 1.0340424 1.0084485 1.4892806 
Eublepharidae     1.1818522 1.2498315 1.1809168 1.1884603 1.2670950 1.2258643 1.2148523 1.1849541 1.2508521 1.2135292 1.2384428 1.2638240 1.1731728 1.1763162 1.1859510 1.1943442 1.2333455 1.2410887 1.1910996 1.2491476 1.2580609 1.2935104 1.2492623 1.1528266 1.1724967 1.1971217 1.1902089 1.1936422 1.1275808 1.3393598 1.3904648 1.2632177 0.7496241 0.6363653 0.6235440 1.0307902 0.8362825 0.0000000 1.0377555 1.2237462 1.0873016 1.2222185 1.2107377 0.9900249 1.0556257 1.0207339 1.3978656 0.9459874 1.0814967 1.0513785 1.4870813 
Dicamptodontidae  0.9402790 1.0098940 0.9795248 0.9998826 1.0141936 1.0239468 0.9180365 0.9289992 1.0022370 0.9855906 0.9922008 1.0001271 0.9475245 0.9253745 0.9711213 0.9645765 1.0398292 0.9990200 1.1855189 1.2267069 1.2170006 1.2812814 1.2442747 1.1750990 1.2130702 1.2117411 1.2023127 1.1914394 1.1636995 1.3940582 1.3974132 1.2410420 1.0369152 0.8803378 0.8498320 1.2979165 1.1464783 1.0377555 0.0000000 0.7512527 0.5550020 0.7272645 0.7134723 0.4769263 0.5507163 0.5087622 0.9236970 0.6379506 0.7647561 0.7294288 1.1579701 
Alytidae          1.1266218 1.1760103 1.2129271 1.2075845 1.2618556 1.2871084 1.1599508 1.1930433 1.2430718 1.2444018 1.2415321 1.2429201 1.1170993 1.1409110 1.1838991 1.1891680 1.2984027 1.2372717 1.3783739 1.4537829 1.4141995 1.4484098 1.4029935 1.3177813 1.3785022 1.4185552 1.3752043 1.3654427 1.3568832 1.4725319 1.4802444 1.3541868 1.2138382 1.1007839 1.1107429 1.5398089 1.3510092 1.2237462 0.7512527 0.0000000 0.7053857 0.8258901 0.7777455 0.6109911 0.6845802 0.6400225 1.1444379 0.8394709 0.9513638 0.9593758 1.3368364 
Heleophrynidae    0.9601280 1.0618684 0.9790321 0.9754295 1.0412512 1.0867048 0.9962544 1.0172012 1.0493067 1.0184918 1.0447876 1.0463071 1.0073851 0.9926386 1.0106471 0.9897512 1.0350313 1.0323195 1.2157275 1.3159602 1.2632434 1.3772331 1.2692317 1.2144144 1.2699234 1.2742711 1.2561814 1.2052308 1.1707245 1.3783983 1.3910917 1.2670383 1.0502350 0.9246204 0.9186802 1.3644605 1.1558394 1.0873016 0.5550020 0.7053857 0.0000000 0.5231933 0.4923617 0.2799731 0.3728849 0.3214824 0.9823533 0.6780355 0.7463742 0.7468171 1.1901027 
Leptodactylidae   1.0195405 1.1090495 1.0936689 1.0943059 1.1353699 1.1359565 1.0594085 1.0921349 1.1378722 1.1255598 1.1236154 1.1386305 1.0814594 1.0531839 1.0766216 1.1728348 1.1817290 1.1931305 1.3210957 1.4119289 1.4529679 1.4520613 1.3904269 1.3345189 1.3706073 1.4275558 1.3911149 1.3220479 1.2841232 1.5127297 1.5199373 1.4313395 1.0996949 1.0630303 1.0435386 1.4213805 1.1867436 1.2222185 0.7272645 0.8258901 0.5231933 0.0000000 0.3008724 0.4413995 0.5375742 0.4550833 1.0477663 0.7436704 0.8999096 0.8773281 1.2835282 
Strabomantidae    1.0476977 1.1241861 1.1019163 1.0982040 1.1438338 1.1249706 1.0855069 1.0903603 1.1486923 1.1290282 1.1555351 1.1413436 1.0709295 1.0797654 1.0619301 1.1674926 1.1996221 1.1813151 1.3524947 1.4345323 1.3921850 1.4195878 1.3862901 1.3280627 1.3751727 1.4082808 1.3870193 1.3749282 1.3255425 1.4931683 1.5240552 1.4521181 1.1411772 1.0450384 1.0584222 1.4657008 1.2197652 1.2107377 0.7134723 0.7777455 0.4923617 0.3008724 0.0000000 0.4256548 0.5160022 0.4623565 1.0343002 0.7871948 0.9049883 0.8981058 1.3138799 
Micrixalidae      0.9028499 0.9766555 0.9356616 0.9149932 0.9989668 0.9832280 0.9003389 0.9004192 0.9736228 0.9631461 0.9665266 0.9701450 0.8986218 0.8859202 0.9153351 0.9736327 1.0345400 0.9810839 1.1547957 1.2440958 1.2040065 1.2250341 1.1720936 1.1377604 1.1998266 1.2180234 1.1906875 1.1477431 1.1111513 1.3161349 1.3355341 1.1698453 0.9512753 0.8456761 0.8397346 1.2573907 1.0633200 0.9900249 0.4769263 0.6109911 0.2799731 0.4413995 0.4256548 0.0000000 0.2097222 0.1615307 0.8963042 0.5985705 0.6700240 0.6682988 1.0801088 
Hemisotidae       1.0288633 1.0900236 1.0714218 1.0573376 1.1276120 1.1089487 1.0294168 1.0121662 1.1027598 1.0584809 1.1092098 1.0719032 1.0201766 1.0134862 1.0461510 1.0928748 1.1550007 1.1324353 1.1529434 1.2165550 1.2242075 1.2733931 1.2347015 1.1602743 1.2155574 1.2403888 1.2309187 1.1913196 1.1418188 1.3276113 1.3933706 1.2445584 1.0149220 0.9363483 0.9558763 1.2937013 1.1501632 1.0556257 0.5507163 0.6845802 0.3728849 0.5375742 0.5160022 0.2097222 0.0000000 0.2443929 0.9808261 0.7012764 0.7699122 0.7539356 1.0871640 
Asterophryidae    0.9671382 1.0368859 1.0001110 1.0013218 1.0570092 1.0705689 0.9784054 0.9818207 1.0644825 1.0428577 1.0488447 1.0362998 0.9721125 0.9641804 0.9990412 1.0384867 1.1293460 1.0502167 1.1554765 1.2252419 1.2300377 1.2455255 1.2186800 1.1503485 1.2040972 1.2428394 1.2203161 1.1660843 1.1213278 1.3774809 1.3911398 1.2039338 0.9779888 0.9018062 0.8690018 1.2727983 1.1460252 1.0207339 0.5087622 0.6400225 0.3214824 0.4550833 0.4623565 0.1615307 0.2443929 0.0000000 0.9393200 0.6308614 0.7276570 0.7125328 1.1149360 
Caeciliidae2      1.3434083 1.3556369 1.3673805 1.3617754 1.4800284 1.4144481 1.3892052 1.4163350 1.4539860 1.4321802 1.4176523 1.4642008 1.3519643 1.3601242 1.3374415 1.4198404 1.3675380 1.3817807 1.6565930 1.6790914 1.6879215 1.7578281 1.6086962 1.5629839 1.6273507 1.6550918 1.6365083 1.6008733 1.5696400 1.7067927 1.8134115 1.6887468 1.3914661 1.2554679 1.2308025 1.6292864 1.4064018 1.3978656 0.9236970 1.1444379 0.9823533 1.0477663 1.0343002 0.8963042 0.9808261 0.9393200 0.0000000 1.0003066 1.0885876 1.0968665 1.4871838 
Polypteriformes   0.7978199 0.8346472 0.8596194 0.8431269 0.9066865 0.9248675 0.8185451 0.8148119 0.8625594 0.8771736 0.8930792 0.8816685 0.8253578 0.8263343 0.8400115 0.8899031 0.9828572 0.9135171 1.1424227 1.2488454 1.1514164 1.2231505 1.1882123 1.1419337 1.1545467 1.1355827 1.1521626 1.1177728 1.0853603 1.2299815 1.2772957 1.1531672 0.9457165 0.7883131 0.7455002 1.1674344 0.9653037 0.9459874 0.6379506 0.8394709 0.6780355 0.7436704 0.7871948 0.5985705 0.7012764 0.6308614 1.0003066 0.0000000 0.4073910 0.3807185 0.9190811 
Channichthyidae   0.9154130 0.9436531 0.9569450 0.9586386 0.9514212 1.0007213 0.9241941 0.9421348 0.9925919 0.9801557 1.0030231 0.9901690 0.9263129 0.9232750 0.9421011 1.0733993 1.1225922 1.0750285 1.2072493 1.2955576 1.2302762 1.2669579 1.1941898 1.1864370 1.2529636 1.2120669 1.2334886 1.1928403 1.1462201 1.3484505 1.3450310 1.2115172 0.9472720 0.8517729 0.8321410 1.2246343 1.0340424 1.0814967 0.7647561 0.9513638 0.7463742 0.8999096 0.9049883 0.6700240 0.7699122 0.7276570 1.0885876 0.4073910 0.0000000 0.0736827 1.0220997 
Pseudaphritidae   0.8663211 0.9162338 0.9203927 0.9113827 0.9216912 0.9569569 0.8958495 0.9010497 0.9630651 0.9282996 0.9529537 0.9534836 0.8885271 0.8963938 0.9063458 1.0494800 1.1045509 1.0511019 1.2001765 1.3033551 1.2423942 1.2847840 1.2096681 1.1805487 1.2221405 1.2194730 1.2437467 1.2082809 1.1587950 1.3256909 1.3166020 1.1934719 0.9364909 0.8624182 0.8353950 1.2096082 1.0084485 1.0513785 0.7294288 0.9593758 0.7468171 0.8773281 0.8981058 0.6682988 0.7539356 0.7125328 1.0968665 0.3807185 0.0736827 0.0000000 1.0125018 
Carcharhinidae    1.3577473 1.3940594 1.4239024 1.3870200 1.4574110 1.4817708 1.3900516 1.4175210 1.4648678 1.4980221 1.4799167 1.4802448 1.4105238 1.4207787 1.4022376 1.4043222 1.3896484 1.3926420 1.6501314 1.7637571 1.7005135 1.7370050 1.7339840 1.6617379 1.6824083 1.6753481 1.7211113 1.6772823 1.6693500 1.8090802 1.7785417 1.7144283 1.4266389 1.2739334 1.2173293 1.6869252 1.4892806 1.4870813 1.1579701 1.3368364 1.1901027 1.2835282 1.3138799 1.0801088 1.0871640 1.1149360 1.4871838 0.9190811 1.0220997 1.0125018 0.0000000 
