51
Pitheciidae       0.0000000 0.4081224 0.3719400 0.3752367 0.5044494 0.4382743 0.4570571 0.3960539 0.4054064 0.4148976 0.4002307 0.3861539 0.3898399 0.4000696 0.5713843 0.5538554 0.5714255 0.5404472 1.2524384 1.3033539 1.2456797 1.2553939 1.2836153 1.2279810 1.2641516 1.2055454 1.2235981 1.2508750 1.3437848 1.1046320 1.3290104 1.3705739 1.6623067 1.5468696 1.6035410 1.3902536 1.9523799 1.4925844 1.5903636 1.7173655 1.4228578 1.3958498 1.4535566 1.4313030 1.3063184 1.4529770 1.3148917 2.2031200 1.6774860 1.6913793 2.5665231 
Scandentia        0.4081224 0.0000000 0.3143582 0.3268865 0.4676668 0.4156824 0.4054806 0.3533897 0.3628025 0.3425708 0.3497107 0.3330829 0.3290375 0.3352703 0.5275905 0.5023900 0.5054256 0.5163189 1.2836507 1.2789893 1.2470506 1.2684802 1.2897144 1.2565993 1.2826976 1.2538080 1.2611311 1.2220597 1.2835916 1.0620783 1.2265387 1.4059833 1.6938710 1.4525402 1.6158504 1.3774409 1.9395044 1.4597834 1.6636046 1.7488268 1.4307880 1.3734300 1.3824785 1.4126049 1.3485465 1.4364646 1.2578070 2.0951781 1.5463878 1.5919195 2.2808571 
Erethizontidae    0.3719400 0.3143582 0.0000000 0.0869627 0.3564449 0.3060029 0.3792400 0.3186374 0.3366766 0.3091227 0.3341967 0.3250526 0.3219523 0.3297299 0.4777550 0.4165275 0.4442336 0.4132035 1.3114635 1.3637628 1.3090988 1.3795925 1.3660654 1.3389706 1.3707048 1.3311731 1.3176511 1.3529925 1.3581504 1.0840000 1.3043729 1.3458805 1.7358803 1.4272730 1.5663307 1.4106636 1.9245113 1.4925369 1.5492263 1.6754394 1.4486357 1.3896792 1.4246621 1.3954320 1.3281868 1.4172944 1.1665505 1.9146964 1.5957686 1.6306125 2.2583561 
Capromyidae       0.3752367 0.3268865 0.0869627 0.0000000 0.3713937 0.3364254 0.3810575 0.3284453 0.3411420 0.3118851 0.3422990 0.3319338 0.3162308 0.3400484 0.4922860 0.4401895 0.4707984 0.4409578 1.2665364 1.3369792 1.2931829 1.3413920 1.3423794 1.3110340 1.3471766 1.2984349 1.2976025 1.3097853 1.2988442 1.0966013 1.3197597 1.3758638 1.7058192 1.3969158 1.6099144 1.3858254 1.9123670 1.4572480 1.5235229 1.6559637 1.4196595 1.3741139 1.3946757 1.3802771 1.2911955 1.3669168 1.2001591 1.9710443 1.5941176 1.6369942 2.3494633 
Muridae           0.5044494 0.4676668 0.3564449 0.3713937 0.0000000 0.4024887 0.4883578 0.4165696 0.4182837 0.4270551 0.4230234 0.4550692 0.4334907 0.4298984 0.5755262 0.5507070 0.5597554 0.5313380 1.5192672 1.5765796 1.4743461 1.5688448 1.5554253 1.5039021 1.5115509 1.4989154 1.5334670 1.4963654 1.5295889 1.1537308 1.4076331 1.4587557 1.8695853 1.6359452 1.7180666 1.5408955 2.0535833 1.5606485 1.6877144 1.7561890 1.5799585 1.5034875 1.5219446 1.4980419 1.3614900 1.5377265 1.3190695 2.1816704 1.7767863 1.7092789 2.3686100 
Castoridae        0.4382743 0.4156824 0.3060029 0.3364254 0.4024887 0.0000000 0.4530534 0.3717392 0.3831920 0.3782554 0.4123544 0.4048373 0.3866289 0.3905429 0.5451061 0.4736391 0.5194043 0.4781749 1.3629431 1.4655678 1.3629610 1.4282641 1.4459839 1.4033758 1.4078919 1.4387231 1.4347015 1.4071119 1.3758381 1.1171230 1.3513582 1.4360617 1.7773564 1.5312707 1.6454181 1.4911852 1.8825258 1.4999022 1.6132670 1.7566105 1.4457287 1.3430977 1.4728054 1.4269618 1.3095673 1.4372135 1.2246868 1.9896158 1.6747194 1.6471765 2.4378688 
Suidae            0.4570571 0.4054806 0.3792400 0.3810575 0.4883578 0.4530534 0.0000000 0.2407167 0.2595586 0.3383742 0.3404684 0.3396219 0.3441124 0.3398764 0.5430546 0.5128664 0.5171795 0.4915434 1.3260819 1.3486127 1.2971945 1.3022348 1.3250836 1.3188964 1.3182133 1.2903944 1.3047864 1.3096891 1.3322923 1.1001492 1.3846953 1.2816698 1.6574367 1.5994036 1.6792100 1.4270997 1.9077123 1.5017591 1.6680261 1.6627733 1.4680973 1.3954522 1.3973045 1.5132931 1.4095844 1.5592331 1.2601802 2.1757073 1.5836448 1.6545086 2.2989050 
Hippopotamidae    0.3960539 0.3533897 0.3186374 0.3284453 0.4165696 0.3717392 0.2407167 0.0000000 0.1584207 0.2936076 0.2899397 0.2843529 0.2743811 0.2805797 0.4783948 0.4621748 0.4640771 0.4510099 1.2034544 1.2573528 1.2098535 1.2290689 1.2323303 1.2216911 1.2735122 1.2358188 1.2176666 1.2044660 1.2752855 1.0332102 1.3144476 1.3439348 1.6415904 1.4752355 1.5594687 1.3172541 1.8279522 1.4251034 1.4983839 1.5621339 1.4221525 1.3066920 1.3440923 1.3551981 1.2600701 1.3782216 1.1776071 1.9729312 1.4945894 1.5680811 2.2490856 
Hyperoodontidae   0.4054064 0.3628025 0.3366766 0.3411420 0.4182837 0.3831920 0.2595586 0.1584207 0.0000000 0.2997359 0.3017460 0.2959223 0.2836487 0.3023968 0.5046056 0.4592620 0.4764897 0.4500615 1.2735405 1.2719509 1.2601215 1.2691377 1.2674624 1.2469678 1.3012430 1.2663991 1.2557264 1.2361064 1.3018226 1.0930615 1.3744659 1.3363512 1.7715070 1.5739722 1.7105442 1.3740490 1.9346938 1.4772056 1.5019854 1.6380792 1.4017286 1.3164707 1.4044554 1.3492201 1.2984788 1.4097131 1.1909662 2.0242514 1.6154362 1.6908056 2.2873887 
Vespertilionidae  0.4148976 0.3425708 0.3091227 0.3118851 0.4270551 0.3782554 0.3383742 0.2936076 0.2997359 0.0000000 0.1857408 0.2063947 0.2530199 0.2921982 0.4583663 0.4462987 0.4679246 0.4306544 1.3689190 1.3928750 1.3253164 1.3880446 1.3862294 1.3383164 1.3622047 1.3646237 1.3653263 1.3437307 1.3632537 1.1088830 1.3378197 1.3557556 1.7557415 1.5688700 1.6610001 1.4550280 1.8813569 1.4932574 1.5638516 1.6939743 1.4379987 1.4278621 1.4442189 1.3728035 1.3371880 1.4908934 1.1674640 1.9850633 1.6094170 1.6503874 2.2166518 
Furipteridae      0.4002307 0.3497107 0.3341967 0.3422990 0.4230234 0.4123544 0.3404684 0.2899397 0.3017460 0.1857408 0.0000000 0.2106357 0.2731159 0.2831466 0.4919483 0.4590610 0.4979891 0.4707544 1.3450003 1.3264250 1.2778154 1.3518747 1.3730426 1.3193263 1.3206467 1.3278661 1.3126745 1.3178716 1.3772174 1.0964023 1.3613020 1.4162858 1.7476993 1.5314097 1.6138450 1.3509344 1.7914476 1.4819947 1.5414790 1.6387143 1.3891531 1.3671844 1.4272445 1.4194907 1.3056829 1.4433293 1.2702434 1.9690057 1.6268735 1.6657843 2.3059073 
Rhinolophidae     0.3861539 0.3330829 0.3250526 0.3319338 0.4550692 0.4048373 0.3396219 0.2843529 0.2959223 0.2063947 0.2106357 0.0000000 0.2871041 0.2768637 0.5014259 0.4769828 0.4790682 0.4681770 1.3343851 1.3323735 1.2631641 1.3144710 1.3334705 1.2794519 1.3172613 1.2859891 1.3158413 1.2927576 1.3693706 1.0528398 1.3533889 1.3741052 1.8082302 1.6126829 1.7717273 1.3924944 1.9887366 1.5465947 1.5141013 1.6573155 1.4174001 1.3337139 1.3938527 1.4512458 1.3167852 1.4828665 1.2410709 2.0149055 1.7252776 1.7929615 2.2663453 
Viverridae        0.3898399 0.3290375 0.3219523 0.3162308 0.4334907 0.3866289 0.3441124 0.2743811 0.2836487 0.2530199 0.2731159 0.2871041 0.0000000 0.1678399 0.4771555 0.4406993 0.4508562 0.4160734 1.2814574 1.2831091 1.2517566 1.2730901 1.2877850 1.2076679 1.2802783 1.2667228 1.2613801 1.2421573 1.3169794 0.9981432 1.2903528 1.3451515 1.6874321 1.5160904 1.6247243 1.3369594 1.8585427 1.4815277 1.5284545 1.5903839 1.3705601 1.3804460 1.4168147 1.4159508 1.3022524 1.4160146 1.2183438 1.9923064 1.5577453 1.6167775 2.2135215 
Procyonidae       0.4000696 0.3352703 0.3297299 0.3400484 0.4298984 0.3905429 0.3398764 0.2805797 0.3023968 0.2921982 0.2831466 0.2768637 0.1678399 0.0000000 0.4806170 0.4565373 0.4660796 0.4439728 1.3543063 1.3329293 1.3099255 1.3208268 1.3404471 1.3276739 1.3638886 1.3425295 1.3466620 1.3125315 1.3741530 1.0908118 1.3213867 1.3533102 1.7134076 1.6310644 1.6465610 1.3455619 1.8072429 1.4556604 1.5389789 1.6336375 1.3651539 1.4060398 1.4850505 1.4352641 1.3005667 1.4470705 1.2051888 2.0985172 1.5822166 1.5881287 2.3062316 
Myrmecophagidae   0.5713843 0.5275905 0.4777550 0.4922860 0.5755262 0.5451061 0.5430546 0.4783948 0.5046056 0.4583663 0.4919483 0.5014259 0.4771555 0.4806170 0.0000000 0.5967884 0.6273072 0.5833870 1.3947343 1.4094138 1.3574038 1.3555086 1.4116265 1.3707557 1.3747406 1.3836257 1.4008403 1.3768929 1.3764900 1.1863274 1.4792554 1.4875858 1.7740046 1.7841157 1.8326107 1.6339148 2.2138171 1.6444087 1.7499343 1.8766874 1.5599939 1.5810267 1.5628848 1.6318545 1.5289780 1.6116884 1.2885946 2.2132724 1.7025997 1.7443583 2.5233418 
Caluromyidae      0.5538554 0.5023900 0.4165275 0.4401895 0.5507070 0.4736391 0.5128664 0.4621748 0.4592620 0.4462987 0.4590610 0.4769828 0.4406993 0.4565373 0.5967884 0.0000000 0.1492382 0.1272341 1.1894415 1.1822137 1.1553398 1.1678749 1.1684183 1.1590726 1.1697211 1.1725079 1.1695896 1.1750909 1.2254232 0.9642307 1.2258727 1.2484274 1.6030220 1.4455214 1.5222270 1.2817635 1.7216845 1.3392365 1.4255753 1.5506244 1.2619062 1.3072491 1.2913065 1.2393893 1.1676961 1.3120325 1.0775375 1.8872739 1.4771961 1.5478425 2.2573283 
Thylacomyidae     0.5714255 0.5054256 0.4442336 0.4707984 0.5597554 0.5194043 0.5171795 0.4640771 0.4764897 0.4679246 0.4979891 0.4790682 0.4508562 0.4660796 0.6273072 0.1492382 0.0000000 0.1113171 1.1775478 1.1557696 1.1635851 1.1816358 1.1562625 1.1610355 1.1798466 1.1848785 1.1654892 1.1834385 1.2217867 0.9705035 1.2480487 1.2576153 1.5268631 1.3889041 1.4628395 1.2611961 1.7782415 1.3033954 1.4331683 1.5325681 1.2327706 1.2474189 1.2317819 1.2334143 1.1666133 1.2848927 1.0244145 1.8109845 1.4586083 1.5013130 2.1105189 
Phalangeridae     0.5404472 0.5163189 0.4132035 0.4409578 0.5313380 0.4781749 0.4915434 0.4510099 0.4500615 0.4306544 0.4707544 0.4681770 0.4160734 0.4439728 0.5833870 0.1272341 0.1113171 0.0000000 1.1719278 1.1707390 1.1397863 1.1702009 1.1486426 1.1393842 1.1517219 1.1587167 1.1479726 1.1471364 1.1934854 0.9373680 1.2328220 1.2313443 1.6201160 1.4323819 1.5193215 1.2392124 1.7583960 1.3215461 1.4378765 1.5189738 1.2800529 1.2419252 1.2380544 1.2468405 1.1737238 1.2922714 1.0571812 1.8350163 1.4202306 1.4838229 2.2149802 
Tityridae         1.2524384 1.2836507 1.3114635 1.2665364 1.5192672 1.3629431 1.3260819 1.2034544 1.2735405 1.3689190 1.3450003 1.3343851 1.2814574 1.3543063 1.3947343 1.1894415 1.1775478 1.1719278 0.0000000 0.2430910 0.2084675 0.2173196 0.2087918 0.2086538 0.2254068 0.2207912 0.2143851 0.2217750 0.3247633 0.7320350 0.9960577 0.9341318 1.4780128 1.2704499 1.4771938 1.0994423 1.7130452 1.2389258 1.5647714 1.8033143 1.4555058 1.5367505 1.4633797 1.4196927 1.4922551 1.4117190 1.1906628 1.9778270 1.5663870 1.6880569 2.3795958 
Ptilonorhynchidae 1.3033539 1.2789893 1.3637628 1.3369792 1.5765796 1.4655678 1.3486127 1.2573528 1.2719509 1.3928750 1.3264250 1.3323735 1.2831091 1.3329293 1.4094138 1.1822137 1.1557696 1.1707390 0.2430910 0.0000000 0.1750709 0.1815336 0.1830718 0.1703907 0.1811244 0.1725020 0.1764959 0.1744279 0.3545108 0.7397120 0.9899388 1.0073604 1.4667107 1.3492335 1.4990900 1.1205511 1.7196926 1.2781757 1.6135261 1.7109888 1.4650637 1.4824894 1.4113144 1.4481381 1.4904830 1.4631022 1.1836592 2.1536818 1.6075794 1.6930900 2.3501110 
Callaeatidae      1.2456797 1.2470506 1.3090988 1.2931829 1.4743461 1.3629610 1.2971945 1.2098535 1.2601215 1.3253164 1.2778154 1.2631641 1.2517566 1.3099255 1.3574038 1.1553398 1.1635851 1.1397863 0.2084675 0.1750709 0.0000000 0.1193102 0.1205215 0.1194336 0.1220500 0.1197217 0.1159218 0.1257042 0.3193478 0.6963921 0.9866607 0.9580852 1.4869058 1.2848945 1.4571720 1.0645536 1.7051044 1.2346822 1.5376305 1.7367035 1.3777355 1.4329232 1.3989595 1.4337409 1.4772655 1.4436222 1.2420000 2.0306173 1.6043590 1.6810288 2.4144747 
Monarchidae       1.2553939 1.2684802 1.3795925 1.3413920 1.5688448 1.4282641 1.3022348 1.2290689 1.2691377 1.3880446 1.3518747 1.3144710 1.2730901 1.3208268 1.3555086 1.1678749 1.1816358 1.1702009 0.2173196 0.1815336 0.1193102 0.0000000 0.0853312 0.1179744 0.1198718 0.1183612 0.1144840 0.1242077 0.3110171 0.7160185 1.0088722 0.9663591 1.4812165 1.3056992 1.4743259 1.0542605 1.7566284 1.2910157 1.5479363 1.7097409 1.4156372 1.4464862 1.4119033 1.4129589 1.4378668 1.3752208 1.2400862 2.0572169 1.5493537 1.6664164 2.4138264 
Malaconotidae     1.2836153 1.2897144 1.3660654 1.3423794 1.5554253 1.4459839 1.3250836 1.2323303 1.2674624 1.3862294 1.3730426 1.3334705 1.2877850 1.3404471 1.4116265 1.1684183 1.1562625 1.1486426 0.2087918 0.1830718 0.1205215 0.0853312 0.0000000 0.1128492 0.1179109 0.1206742 0.1200399 0.1253101 0.3211086 0.7144597 1.0130638 0.9525253 1.4875809 1.3342593 1.4742295 1.0523355 1.7172384 1.2656893 1.5907825 1.7689482 1.4404727 1.4695255 1.4282276 1.3992420 1.4743893 1.4231359 1.2689347 1.9485459 1.5905969 1.6745088 2.4457026 
Certhiidae        1.2279810 1.2565993 1.3389706 1.3110340 1.5039021 1.4033758 1.3188964 1.2216911 1.2469678 1.3383164 1.3193263 1.2794519 1.2076679 1.3276739 1.3707557 1.1590726 1.1610355 1.1393842 0.2086538 0.1703907 0.1194336 0.1179744 0.1128492 0.0000000 0.0974227 0.0949705 0.0994018 0.1026838 0.2946376 0.6980743 0.9924335 0.9366751 1.4776263 1.2406110 1.4759941 1.0373623 1.7007301 1.2000932 1.5867052 1.7891738 1.4214921 1.4328901 1.3836507 1.3929212 1.4569652 1.4256842 1.2094473 1.9458760 1.6240906 1.7007760 2.3895987 
Cinclidae         1.2641516 1.2826976 1.3707048 1.3471766 1.5115509 1.4078919 1.3182133 1.2735122 1.3012430 1.3622047 1.3206467 1.3172613 1.2802783 1.3638886 1.3747406 1.1697211 1.1798466 1.1517219 0.2254068 0.1811244 0.1220500 0.1198718 0.1179109 0.0974227 0.0000000 0.1029769 0.1054718 0.1118821 0.3306943 0.6990394 0.9938612 1.0028925 1.5003808 1.3179528 1.4897497 1.0618339 1.7478309 1.2498966 1.5605589 1.7636200 1.3942424 1.4448332 1.3512308 1.3903335 1.4454857 1.3877632 1.1969687 2.0081519 1.6321785 1.7152045 2.3857728 
Ploceidae         1.2055454 1.2538080 1.3311731 1.2984349 1.4989154 1.4387231 1.2903944 1.2358188 1.2663991 1.3646237 1.3278661 1.2859891 1.2667228 1.3425295 1.3836257 1.1725079 1.1848785 1.1587167 0.2207912 0.1725020 0.1197217 0.1183612 0.1206742 0.0949705 0.1029769 0.0000000 0.0748813 0.1019941 0.3065661 0.7176443 1.0027614 0.9462578 1.4227001 1.2894255 1.4394643 1.0473849 1.7286736 1.2147696 1.5287704 1.7707740 1.4167221 1.4361716 1.3972084 1.4131978 1.4122223 1.4085574 1.2032672 2.0142732 1.5455474 1.6228170 2.3725952 
Thraupidae        1.2235981 1.2611311 1.3176511 1.2976025 1.5334670 1.4347015 1.3047864 1.2176666 1.2557264 1.3653263 1.3126745 1.3158413 1.2613801 1.3466620 1.4008403 1.1695896 1.1654892 1.1479726 0.2143851 0.1764959 0.1159218 0.1144840 0.1200399 0.0994018 0.1054718 0.0748813 0.0000000 0.1118876 0.3257682 0.7135428 0.9999944 0.9802396 1.4540929 1.2818511 1.4435788 1.0664311 1.6945456 1.2509448 1.5584925 1.7954724 1.4100412 1.4625605 1.4410175 1.4170160 1.4402034 1.4168605 1.2619635 2.0160526 1.5999396 1.6835955 2.4268478 
Alaudidae         1.2508750 1.2220597 1.3529925 1.3097853 1.4963654 1.4071119 1.3096891 1.2044660 1.2361064 1.3437307 1.3178716 1.2927576 1.2421573 1.3125315 1.3768929 1.1750909 1.1834385 1.1471364 0.2217750 0.1744279 0.1257042 0.1242077 0.1253101 0.1026838 0.1118821 0.1019941 0.1118876 0.0000000 0.3250352 0.7212059 1.0094968 0.9523995 1.4666901 1.2620926 1.4489012 1.0654644 1.7016516 1.2132167 1.5397152 1.7550051 1.3737916 1.4592984 1.4396951 1.3734463 1.4307639 1.3994670 1.2011080 1.9730736 1.5375471 1.6327078 2.5091670 
Coraciiformes     1.3437848 1.2835916 1.3581504 1.2988442 1.5295889 1.3758381 1.3322923 1.2752855 1.3018226 1.3632537 1.3772174 1.3693706 1.3169794 1.3741530 1.3764900 1.2254232 1.2217867 1.1934854 0.3247633 0.3545108 0.3193478 0.3110171 0.3211086 0.2946376 0.3306943 0.3065661 0.3257682 0.3250352 0.0000000 0.7740175 0.9977275 1.0170686 1.4995752 1.2983841 1.5140806 1.1013346 1.7537475 1.2010266 1.5393399 1.6402294 1.4895700 1.4271185 1.3817636 1.4233505 1.4307705 1.4653787 1.2297191 1.9445732 1.5851128 1.6511581 2.2105539 
Crocodylidae      1.1046320 1.0620783 1.0840000 1.0966013 1.1537308 1.1171230 1.1001492 1.0332102 1.0930615 1.1088830 1.0964023 1.0528398 0.9981432 1.0908118 1.1863274 0.9642307 0.9705035 0.9373680 0.7320350 0.7397120 0.6963921 0.7160185 0.7144597 0.6980743 0.6990394 0.7176443 0.7135428 0.7212059 0.7740175 0.0000000 0.8111677 0.7673969 1.3821101 1.1430850 1.2406602 1.0467871 1.5451300 1.1049554 1.3082561 1.3346815 1.1798475 1.1696110 1.1479220 1.0444322 1.1291268 1.0997368 1.0802666 1.7067719 1.3760465 1.4512732 2.1828842 
Carettochelyidae  1.3290104 1.2265387 1.3043729 1.3197597 1.4076331 1.3513582 1.3846953 1.3144476 1.3744659 1.3378197 1.3613020 1.3533889 1.2903528 1.3213867 1.4792554 1.2258727 1.2480487 1.2328220 0.9960577 0.9899388 0.9866607 1.0088722 1.0130638 0.9924335 0.9938612 1.0027614 0.9999944 1.0094968 0.9977275 0.8111677 0.0000000 0.8188553 1.5328760 1.4482871 1.3874026 1.3125289 1.7467572 1.3223011 1.5724330 1.6415462 1.3328200 1.3718955 1.3579109 1.3972971 1.3507009 1.3842579 1.3126787 2.0185795 1.5314790 1.5797081 2.3444585 
Kinosternidae     1.3705739 1.4059833 1.3458805 1.3758638 1.4587557 1.4360617 1.2816698 1.3439348 1.3363512 1.3557556 1.4162858 1.3741052 1.3451515 1.3533102 1.4875858 1.2484274 1.2576153 1.2313443 0.9341318 1.0073604 0.9580852 0.9663591 0.9525253 0.9366751 1.0028925 0.9462578 0.9802396 0.9523995 1.0170686 0.7673969 0.8188553 0.0000000 1.5061112 1.4742492 1.4916418 1.2053210 1.7541545 1.2086046 1.6648394 1.6210915 1.3418034 1.4485992 1.5023613 1.4232806 1.3821747 1.4431379 1.3292978 1.9102655 1.5285242 1.6335393 2.5645604 
Anomalepididae    1.6623067 1.6938710 1.7358803 1.7058192 1.8695853 1.7773564 1.6574367 1.6415904 1.7715070 1.7557415 1.7476993 1.8082302 1.6874321 1.7134076 1.7740046 1.6030220 1.5268631 1.6201160 1.4780128 1.4667107 1.4869058 1.4812165 1.4875809 1.4776263 1.5003808 1.4227001 1.4540929 1.4666901 1.4995752 1.3821101 1.5328760 1.5061112 0.0000000 1.0745379 1.0805031 0.9801597 1.4149885 1.1707707 2.1722650 2.0889965 1.8528890 1.7628596 1.8267847 1.8117700 1.6477049 1.8227582 1.7465698 2.4361027 2.0130325 1.9653437 2.7400520 
Loxocemidae       1.5468696 1.4525402 1.4272730 1.3969158 1.6359452 1.5312707 1.5994036 1.4752355 1.5739722 1.5688700 1.5314097 1.6126829 1.5160904 1.6310644 1.7841157 1.4455214 1.3889041 1.4323819 1.2704499 1.3492335 1.2848945 1.3056992 1.3342593 1.2406110 1.3179528 1.2894255 1.2818511 1.2620926 1.2983841 1.1430850 1.4482871 1.4742492 1.0745379 0.0000000 0.7030647 0.8508401 1.3754207 1.1336032 1.8746684 1.9759352 1.6979364 1.7525651 1.7498992 1.6772967 1.6491019 1.6346651 1.4917053 2.5515743 2.0551506 2.0051504 2.5070362 
Natricidae        1.6035410 1.6158504 1.5663307 1.6099144 1.7180666 1.6454181 1.6792100 1.5594687 1.7105442 1.6610001 1.6138450 1.7717273 1.6247243 1.6465610 1.8326107 1.5222270 1.4628395 1.5193215 1.4771938 1.4990900 1.4571720 1.4743259 1.4742295 1.4759941 1.4897497 1.4394643 1.4435788 1.4489012 1.5140806 1.2406602 1.3874026 1.4916418 1.0805031 0.7030647 0.0000000 0.9608160 1.3627456 1.2917572 2.0392783 2.0968066 1.6868127 1.6820464 1.7625669 1.7455316 1.6709798 1.6430658 1.5454857 2.7032599 2.0363474 1.9767023 2.6285234 
Xenosauridae      1.3902536 1.3774409 1.4106636 1.3858254 1.5408955 1.4911852 1.4270997 1.3172541 1.3740490 1.4550280 1.3509344 1.3924944 1.3369594 1.3455619 1.6339148 1.2817635 1.2611961 1.2392124 1.0994423 1.1205511 1.0645536 1.0542605 1.0523355 1.0373623 1.0618339 1.0473849 1.0664311 1.0654644 1.1013346 1.0467871 1.3125289 1.2053210 0.9801597 0.8508401 0.9608160 0.0000000 1.2349882 0.9212407 1.6778543 1.7658902 1.5091494 1.5841864 1.5710111 1.4764067 1.4561609 1.4670442 1.3619427 2.0920224 1.7863700 1.7939643 2.7282983 
Teiidae           1.9523799 1.9395044 1.9245113 1.9123670 2.0535833 1.8825258 1.9077123 1.8279522 1.9346938 1.8813569 1.7914476 1.9887366 1.8585427 1.8072429 2.2138171 1.7216845 1.7782415 1.7583960 1.7130452 1.7196926 1.7051044 1.7566284 1.7172384 1.7007301 1.7478309 1.7286736 1.6945456 1.7016516 1.7537475 1.5451300 1.7467572 1.7541545 1.4149885 1.3754207 1.3627456 1.2349882 0.0000000 1.5247268 2.1311038 2.1768311 1.9706257 1.8825099 1.9656658 1.8910842 1.9022929 1.9448289 1.8316171 2.4873285 2.2033201 2.1441950 2.9842426 
Eublepharidae     1.4925844 1.4597834 1.4925369 1.4572480 1.5606485 1.4999022 1.5017591 1.4251034 1.4772056 1.4932574 1.4819947 1.5465947 1.4815277 1.4556604 1.6444087 1.3392365 1.3033954 1.3215461 1.2389258 1.2781757 1.2346822 1.2910157 1.2656893 1.2000932 1.2498966 1.2147696 1.2509448 1.2132167 1.2010266 1.1049554 1.3223011 1.2086046 1.1707707 1.1336032 1.2917572 0.9212407 1.5247268 0.0000000 1.6493527 1.7695772 1.5773383 1.6042240 1.5872330 1.4610732 1.4108233 1.4800541 1.2948117 2.0837750 1.7124061 1.7458342 2.2053942 
Dicamptodontidae  1.5903636 1.6636046 1.5492263 1.5235229 1.6877144 1.6132670 1.6680261 1.4983839 1.5019854 1.5638516 1.5414790 1.5141013 1.5284545 1.5389789 1.7499343 1.4255753 1.4331683 1.4378765 1.5647714 1.6135261 1.5376305 1.5479363 1.5907825 1.5867052 1.5605589 1.5287704 1.5584925 1.5397152 1.5393399 1.3082561 1.5724330 1.6648394 2.1722650 1.8746684 2.0392783 1.6778543 2.1311038 1.6493527 0.0000000 1.3436453 1.0446192 1.0949318 1.0872212 0.9989244 1.0184401 0.9704130 0.9921898 2.1025583 1.7002787 1.7543362 2.4620482 
Alytidae          1.7173655 1.7488268 1.6754394 1.6559637 1.7561890 1.7566105 1.6627733 1.5621339 1.6380792 1.6939743 1.6387143 1.6573155 1.5903839 1.6336375 1.8766874 1.5506244 1.5325681 1.5189738 1.8033143 1.7109888 1.7367035 1.7097409 1.7689482 1.7891738 1.7636200 1.7707740 1.7954724 1.7550051 1.6402294 1.3346815 1.6415462 1.6210915 2.0889965 1.9759352 2.0968066 1.7658902 2.1768311 1.7695772 1.3436453 0.0000000 0.9890574 1.1280862 1.1138946 1.1416975 1.0618094 1.0426721 1.1044300 2.0031577 1.6985949 1.7496159 2.5336957 
Heleophrynidae    1.4228578 1.4307880 1.4486357 1.4196595 1.5799585 1.4457287 1.4680973 1.4221525 1.4017286 1.4379987 1.3891531 1.4174001 1.3705601 1.3651539 1.5599939 1.2619062 1.2327706 1.2800529 1.4555058 1.4650637 1.3777355 1.4156372 1.4404727 1.4214921 1.3942424 1.4167221 1.4100412 1.3737916 1.4895700 1.1798475 1.3328200 1.3418034 1.8528890 1.6979364 1.6868127 1.5091494 1.9706257 1.5773383 1.0446192 0.9890574 0.0000000 0.5889945 0.5717916 0.5461816 0.5055223 0.5130171 0.8213801 1.9049268 1.4721564 1.5348814 2.3490442 
Leptodactylidae   1.3958498 1.3734300 1.3896792 1.3741139 1.5034875 1.3430977 1.3954522 1.3066920 1.3164707 1.4278621 1.3671844 1.3337139 1.3804460 1.4060398 1.5810267 1.3072491 1.2474189 1.2419252 1.5367505 1.4824894 1.4329232 1.4464862 1.4695255 1.4328901 1.4448332 1.4361716 1.4625605 1.4592984 1.4271185 1.1696110 1.3718955 1.4485992 1.7628596 1.7525651 1.6820464 1.5841864 1.8825099 1.6042240 1.0949318 1.1280862 0.5889945 0.0000000 0.2563645 0.5956080 0.5652314 0.6166959 0.8742071 1.8444589 1.5601197 1.5969616 2.3144764 
Strabomantidae    1.4535566 1.3824785 1.4246621 1.3946757 1.5219446 1.4728054 1.3973045 1.3440923 1.4044554 1.4442189 1.4272445 1.3938527 1.4168147 1.4850505 1.5628848 1.2913065 1.2317819 1.2380544 1.4633797 1.4113144 1.3989595 1.4119033 1.4282276 1.3836507 1.3512308 1.3972084 1.4410175 1.4396951 1.3817636 1.1479220 1.3579109 1.5023613 1.8267847 1.7498992 1.7625669 1.5710111 1.9656658 1.5872330 1.0872212 1.1138946 0.5717916 0.2563645 0.0000000 0.6193447 0.5798554 0.6419869 0.8285308 1.9384123 1.5563672 1.5392478 2.1215437 
Micrixalidae      1.4313030 1.4126049 1.3954320 1.3802771 1.4980419 1.4269618 1.5132931 1.3551981 1.3492201 1.3728035 1.4194907 1.4512458 1.4159508 1.4352641 1.6318545 1.2393893 1.2334143 1.2468405 1.4196927 1.4481381 1.4337409 1.4129589 1.3992420 1.3929212 1.3903335 1.4131978 1.4170160 1.3734463 1.4233505 1.0444322 1.3972971 1.4232806 1.8117700 1.6772967 1.7455316 1.4764067 1.8910842 1.4610732 0.9989244 1.1416975 0.5461816 0.5956080 0.6193447 0.0000000 0.3894893 0.3865544 0.8700241 1.8242550 1.5218844 1.5499952 2.3363334 
Hemisotidae       1.3063184 1.3485465 1.3281868 1.2911955 1.3614900 1.3095673 1.4095844 1.2600701 1.2984788 1.3371880 1.3056829 1.3167852 1.3022524 1.3005667 1.5289780 1.1676961 1.1666133 1.1737238 1.4922551 1.4904830 1.4772655 1.4378668 1.4743893 1.4569652 1.4454857 1.4122223 1.4402034 1.4307639 1.4307705 1.1291268 1.3507009 1.3821747 1.6477049 1.6491019 1.6709798 1.4561609 1.9022929 1.4108233 1.0184401 1.0618094 0.5055223 0.5652314 0.5798554 0.3894893 0.0000000 0.3738221 0.8218303 1.7250303 1.4852250 1.5448290 2.3704626 
Asterophryidae    1.4529770 1.4364646 1.4172944 1.3669168 1.5377265 1.4372135 1.5592331 1.3782216 1.4097131 1.4908934 1.4433293 1.4828665 1.4160146 1.4470705 1.6116884 1.3120325 1.2848927 1.2922714 1.4117190 1.4631022 1.4436222 1.3752208 1.4231359 1.4256842 1.3877632 1.4085574 1.4168605 1.3994670 1.4653787 1.0997368 1.3842579 1.4431379 1.8227582 1.6346651 1.6430658 1.4670442 1.9448289 1.4800541 0.9704130 1.0426721 0.5130171 0.6166959 0.6419869 0.3865544 0.3738221 0.0000000 0.8507104 1.7979063 1.5037638 1.5923858 2.4812355 
Caeciliidae2      1.3148917 1.2578070 1.1665505 1.2001591 1.3190695 1.2246868 1.2601802 1.1776071 1.1909662 1.1674640 1.2702434 1.2410709 1.2183438 1.2051888 1.2885946 1.0775375 1.0244145 1.0571812 1.1906628 1.1836592 1.2420000 1.2400862 1.2689347 1.2094473 1.1969687 1.2032672 1.2619635 1.2011080 1.2297191 1.0802666 1.3126787 1.3292978 1.7465698 1.4917053 1.5454857 1.3619427 1.8316171 1.2948117 0.9921898 1.1044300 0.8213801 0.8742071 0.8285308 0.8700241 0.8218303 0.8507104 0.0000000 1.6787443 1.3394056 1.3697137 2.1441261 
Polypteriformes   2.2031200 2.0951781 1.9146964 1.9710443 2.1816704 1.9896158 2.1757073 1.9729312 2.0242514 1.9850633 1.9690057 2.0149055 1.9923064 2.0985172 2.2132724 1.8872739 1.8109845 1.8350163 1.9778270 2.1536818 2.0306173 2.0572169 1.9485459 1.9458760 2.0081519 2.0142732 2.0160526 1.9730736 1.9445732 1.7067719 2.0185795 1.9102655 2.4361027 2.5515743 2.7032599 2.0920224 2.4873285 2.0837750 2.1025583 2.0031577 1.9049268 1.8444589 1.9384123 1.8242550 1.7250303 1.7979063 1.6787443 0.0000000 1.4910435 1.4853859 2.6301932 
Channichthyidae   1.6774860 1.5463878 1.5957686 1.5941176 1.7767863 1.6747194 1.5836448 1.4945894 1.6154362 1.6094170 1.6268735 1.7252776 1.5577453 1.5822166 1.7025997 1.4771961 1.4586083 1.4202306 1.5663870 1.6075794 1.6043590 1.5493537 1.5905969 1.6240906 1.6321785 1.5455474 1.5999396 1.5375471 1.5851128 1.3760465 1.5314790 1.5285242 2.0130325 2.0551506 2.0363474 1.7863700 2.2033201 1.7124061 1.7002787 1.6985949 1.4721564 1.5601197 1.5563672 1.5218844 1.4852250 1.5037638 1.3394056 1.4910435 0.0000000 0.1230292 2.3220190 
Pseudaphritidae   1.6913793 1.5919195 1.6306125 1.6369942 1.7092789 1.6471765 1.6545086 1.5680811 1.6908056 1.6503874 1.6657843 1.7929615 1.6167775 1.5881287 1.7443583 1.5478425 1.5013130 1.4838229 1.6880569 1.6930900 1.6810288 1.6664164 1.6745088 1.7007760 1.7152045 1.6228170 1.6835955 1.6327078 1.6511581 1.4512732 1.5797081 1.6335393 1.9653437 2.0051504 1.9767023 1.7939643 2.1441950 1.7458342 1.7543362 1.7496159 1.5348814 1.5969616 1.5392478 1.5499952 1.5448290 1.5923858 1.3697137 1.4853859 0.1230292 0.0000000 2.3397212 
Carcharhinidae    2.5665231 2.2808571 2.2583561 2.3494633 2.3686100 2.4378688 2.2989050 2.2490856 2.2873887 2.2166518 2.3059073 2.2663453 2.2135215 2.3062316 2.5233418 2.2573283 2.1105189 2.2149802 2.3795958 2.3501110 2.4144747 2.4138264 2.4457026 2.3895987 2.3857728 2.3725952 2.4268478 2.5091670 2.2105539 2.1828842 2.3444585 2.5645604 2.7400520 2.5070362 2.6285234 2.7282983 2.9842426 2.2053942 2.4620482 2.5336957 2.3490442 2.3144764 2.1215437 2.3363334 2.3704626 2.4812355 2.1441261 2.6301932 2.3220190 2.3397212 0.0000000 
