51
Pitheciidae       0.0000000 0.1835999 0.2670020 0.2557344 0.1513526 0.2234683 0.2277359 0.2353615 0.2053105 0.2778632 0.2847661 0.2425761 0.1871210 0.2102777 0.4656301 0.3817998 0.4230485 0.3458471 0.5488552 0.5118555 0.4914812 0.4970817 0.5160049 0.5073983 0.4964660 0.5048343 0.4920945 0.5121340 0.5539289 0.4857595 0.7079124 0.4875669 0.5530523 0.6570313 0.5460326 0.4878789 0.5249827 0.7160458 0.8155230 0.8478994 0.8566615 0.9698882 0.9563020 0.7718507 0.6675935 0.7554417 1.0596223 1.2026961 1.1331540 1.1645027 0.8839453 
Scandentia        0.1835999 0.0000000 0.2579834 0.2875482 0.2446704 0.2770312 0.2887753 0.3055768 0.2567230 0.3305731 0.3048025 0.2855498 0.2275551 0.2596334 0.5693870 0.4754055 0.5813177 0.4828273 0.6219724 0.6271950 0.6073162 0.6436441 0.6230679 0.6191833 0.6112547 0.6434728 0.6279774 0.6417047 0.6916579 0.6376404 0.7587225 0.6179660 0.7242391 0.7288390 0.6349836 0.7084270 0.6017055 0.8115551 0.8978414 0.9306771 0.9510892 1.0749547 1.1178882 0.8616632 0.7791897 0.7998692 1.1350507 1.2392663 1.2162313 1.2468901 0.9455334 
Erethizontidae    0.2670020 0.2579834 0.0000000 0.1213008 0.1810532 0.2470673 0.3225112 0.3385711 0.2788951 0.3293076 0.2726442 0.2993059 0.2186867 0.2885384 0.4845032 0.4740776 0.5242697 0.4373715 0.5487269 0.5339000 0.5364616 0.5712550 0.5652142 0.5289971 0.5196523 0.5494588 0.5158856 0.5331162 0.5965536 0.5243325 0.7022510 0.5836822 0.6278524 0.5882547 0.5982129 0.6319133 0.5584065 0.6901901 0.7997880 0.8743522 0.8349871 0.9432817 0.9946942 0.7448277 0.6070257 0.6136706 1.0509194 1.1973728 1.1096033 1.1307519 0.8756938 
Capromyidae       0.2557344 0.2875482 0.1213008 0.0000000 0.2286473 0.2535806 0.3272902 0.2974784 0.2806160 0.2699384 0.2762979 0.2383294 0.2499418 0.2777018 0.5156063 0.5785573 0.5582037 0.4809284 0.5664852 0.5507552 0.5530465 0.5918545 0.5866645 0.5447357 0.5349392 0.5948137 0.5309720 0.5491102 0.5982046 0.5332154 0.7538139 0.6979583 0.6981173 0.7087513 0.6390029 0.6846147 0.5684620 0.7473596 0.9112270 0.8860992 0.9434151 1.0461788 1.0935039 0.8494595 0.6744970 0.7850928 1.1359205 1.2994817 1.2104730 1.2362644 0.9903391 
Muridae           0.1513526 0.2446704 0.1810532 0.2286473 0.0000000 0.2215192 0.2292459 0.2557958 0.2402118 0.2706447 0.2549057 0.2665612 0.2006212 0.2783993 0.4636539 0.5067626 0.4741922 0.3985980 0.5506361 0.5301757 0.5099231 0.5681121 0.5645614 0.5249827 0.5146811 0.5235956 0.5105325 0.5295044 0.5992005 0.5071525 0.7736339 0.6164293 0.6241281 0.6451958 0.5232795 0.5637011 0.4995989 0.7568657 0.8459949 0.8697160 0.8790884 1.0358942 1.0654451 0.8023174 0.6526429 0.7441602 1.0792534 1.2390498 1.1591073 1.1860114 0.9348168 
Castoridae        0.2234683 0.2770312 0.2470673 0.2535806 0.2215192 0.0000000 0.2937069 0.2824229 0.2529790 0.3067703 0.3257928 0.2802554 0.2523020 0.3168343 0.5286668 0.4100497 0.4767550 0.4417262 0.6294895 0.6111837 0.6413209 0.6478485 0.6504157 0.6282240 0.5948219 0.6526701 0.6172426 0.6288060 0.6593028 0.6071285 0.7852680 0.6108984 0.7031514 0.7412673 0.6093153 0.6849590 0.6685200 0.6889718 0.8215970 0.9104068 0.8860625 1.0518797 1.1019586 0.8242159 0.7010442 0.7126342 1.1263230 1.2473335 1.2053734 1.2388124 0.9995294 
Suidae            0.2277359 0.2887753 0.3225112 0.3272902 0.2292459 0.2937069 0.0000000 0.1609220 0.1480012 0.2598838 0.2468014 0.2021374 0.1806898 0.2289782 0.5933229 0.5180863 0.4794363 0.4876317 0.6281681 0.6327841 0.6117781 0.6530424 0.5839124 0.6241825 0.6159038 0.6291051 0.6124183 0.6069321 0.6800884 0.5955645 0.6947183 0.5602382 0.6535106 0.7413166 0.6477529 0.6458581 0.6008390 0.7827054 0.8828569 0.9377915 0.8950102 1.0659039 1.1120189 0.8787046 0.7338514 0.7906340 1.1900108 1.3405287 1.1580191 1.2349190 1.0521334 
Hippopotamidae    0.2353615 0.3055768 0.3385711 0.2974784 0.2557958 0.2824229 0.1609220 0.0000000 0.1224347 0.2130820 0.2718584 0.1849542 0.1841784 0.2077580 0.4765677 0.5029299 0.5217953 0.4250547 0.6730190 0.6771551 0.6578557 0.6947977 0.6757037 0.6683740 0.6614312 0.6755233 0.6584523 0.6530822 0.7054070 0.6253394 0.7606019 0.7289261 0.7420129 0.7674782 0.6733982 0.6501297 0.7005102 0.7916238 0.9479073 0.9089381 0.9764959 1.0933845 1.1526785 0.9125007 0.7600988 0.8351846 1.1400032 1.3448626 1.1686540 1.2446624 1.0430787 
Hyperoodontidae   0.2053105 0.2567230 0.2788951 0.2806160 0.2402118 0.2529790 0.1480012 0.1224347 0.0000000 0.2354513 0.2335848 0.2012326 0.1351273 0.1715867 0.5651824 0.4097513 0.4471300 0.3611368 0.6327152 0.6403673 0.6185658 0.6590054 0.6323088 0.6312617 0.6228044 0.6584470 0.6192310 0.6134768 0.6846011 0.5916629 0.7717779 0.6611689 0.6562675 0.7639096 0.6920078 0.6496854 0.6810159 0.8405022 0.9749284 0.9328371 0.9943670 1.1409936 1.1806367 0.9144754 0.7364952 0.8117842 1.1699244 1.3228273 1.1770924 1.2140194 1.0760147 
Vespertilionidae  0.2778632 0.3305731 0.3293076 0.2699384 0.2706447 0.3067703 0.2598838 0.2130820 0.2354513 0.0000000 0.1238173 0.1044201 0.2334188 0.2618211 0.5843913 0.5681179 0.5798228 0.5383542 0.7103831 0.7176931 0.6981112 0.7135562 0.7235256 0.7081261 0.7015823 0.7353894 0.6987247 0.7114116 0.7672704 0.6832842 0.7958034 0.7464519 0.8032306 0.8596139 0.7830033 0.7297175 0.7234541 0.8661629 1.0149434 1.0115564 1.0261935 1.1916227 1.2311027 0.9896660 0.8426586 0.8979602 1.2104117 1.4282714 1.2920520 1.3704830 1.0817042 
Furipteridae      0.2847661 0.3048025 0.2726442 0.2762979 0.2549057 0.3257928 0.2468014 0.2718584 0.2335848 0.1238173 0.0000000 0.1209141 0.2018140 0.2466029 0.5818818 0.5765699 0.5540542 0.5681003 0.7505021 0.7189780 0.7225091 0.7550070 0.7664037 0.7302942 0.7252267 0.7531914 0.7230045 0.7135203 0.7501143 0.6959510 0.7779657 0.6807777 0.7167286 0.7318971 0.6553368 0.6799199 0.6667066 0.8302258 0.9616670 0.9424966 0.9930265 1.1687322 1.1883155 0.9647996 0.7983245 0.8581704 1.1719621 1.3749642 1.2424506 1.3220214 1.0697449 
Rhinolophidae     0.2425761 0.2855498 0.2993059 0.2383294 0.2665612 0.2802554 0.2021374 0.1849542 0.2012326 0.1044201 0.1209141 0.0000000 0.1803863 0.2199183 0.6051560 0.5553228 0.5773858 0.4766872 0.7178104 0.6584819 0.6636506 0.7211671 0.7289033 0.6747520 0.6674373 0.6852684 0.6642880 0.6585337 0.7156881 0.7204290 0.7966884 0.6354850 0.8181792 0.8024501 0.7486820 0.7403309 0.6938981 0.8398649 0.9271056 0.9694237 1.0119427 1.1707238 1.2052540 0.9626306 0.8177489 0.8675315 1.1388760 1.3997575 1.2713504 1.3457684 1.0904471 
Viverridae        0.1871210 0.2275551 0.2186867 0.2499418 0.2006212 0.2523020 0.1806898 0.1841784 0.1351273 0.2334188 0.2018140 0.1803863 0.0000000 0.1715077 0.5203004 0.4264122 0.4641770 0.4026671 0.5182315 0.4967785 0.5008262 0.5038957 0.5555933 0.5163573 0.5057119 0.5385824 0.5250727 0.5209997 0.5468003 0.5340555 0.6841317 0.5566826 0.5461522 0.6438180 0.5474848 0.5865425 0.5485810 0.7406983 0.8550354 0.8289529 0.8718107 1.0218826 1.0532524 0.7748680 0.6775020 0.6944143 1.1000785 1.2429653 1.0619711 1.1390307 0.9641130 
Procyonidae       0.2102777 0.2596334 0.2885384 0.2777018 0.2783993 0.3168343 0.2289782 0.2077580 0.1715867 0.2618211 0.2466029 0.2199183 0.1715077 0.0000000 0.4658920 0.5140755 0.5028249 0.4561907 0.6262612 0.5924777 0.5746664 0.5828385 0.6056609 0.5860564 0.5783729 0.6070486 0.5752050 0.5709158 0.6337669 0.5538901 0.6836087 0.5569293 0.5961708 0.6502739 0.5912361 0.5909602 0.5134729 0.6854500 0.8444599 0.7968477 0.8605439 0.9330792 1.0164531 0.7644110 0.5403284 0.6689030 1.0749013 1.2150246 1.1498518 1.1631702 0.8708846 
Myrmecophagidae   0.4656301 0.5693870 0.4845032 0.5156063 0.4636539 0.5286668 0.5933229 0.4765677 0.5651824 0.5843913 0.5818818 0.6051560 0.5203004 0.4658920 0.0000000 0.6142714 0.6339548 0.6445687 0.7367529 0.7165072 0.7237424 0.7398499 0.7744623 0.6824390 0.7250785 0.7848433 0.7220487 0.7353905 0.7709016 0.7591440 0.9385583 0.8214349 0.8143485 0.9158235 0.7719468 0.7957613 0.7675964 0.8579687 1.0149271 1.0588451 0.9500478 1.1996818 1.2329348 0.9691912 0.8929118 0.9303685 1.2659265 1.3712741 1.2867112 1.3189335 1.1739646 
Caluromyidae      0.3817998 0.4754055 0.4740776 0.5785573 0.5067626 0.4100497 0.5180863 0.5029299 0.4097513 0.5681179 0.5765699 0.5553228 0.4264122 0.5140755 0.6142714 0.0000000 0.2231097 0.2199037 0.5500548 0.5527792 0.5593513 0.5961202 0.5931217 0.5730837 0.5365247 0.5971521 0.5599818 0.5766838 0.6192440 0.5788449 0.8018802 0.6282424 0.6466389 0.7487520 0.6175229 0.7326676 0.6474215 0.8011178 0.8150384 0.9356951 0.8782700 0.9937076 1.0759430 0.8233677 0.7617475 0.7817897 1.0134489 1.1440100 1.2361069 1.2690358 0.9890314 
Thylacomyidae     0.4230485 0.5813177 0.5242697 0.5582037 0.4741922 0.4767550 0.4794363 0.5217953 0.4471300 0.5798228 0.5540542 0.5773858 0.4641770 0.5028249 0.6339548 0.2231097 0.0000000 0.2083191 0.6232012 0.6019055 0.6339826 0.6658338 0.6700994 0.6252992 0.6377840 0.6512280 0.6345941 0.6482998 0.6726524 0.6376437 0.7794926 0.6710021 0.7728109 0.8274044 0.7255427 0.7572446 0.7096968 0.7638978 0.8760546 0.9386934 0.8731962 1.0196087 1.0753771 0.8614704 0.7820838 0.8408759 1.0606894 1.3101761 1.2388043 1.2560298 1.0168761 
Phalangeridae     0.3458471 0.4828273 0.4373715 0.4809284 0.3985980 0.4417262 0.4876317 0.4250547 0.3611368 0.5383542 0.5681003 0.4766872 0.4026671 0.4561907 0.6445687 0.2199037 0.2083191 0.0000000 0.6053409 0.6312512 0.6126032 0.6467803 0.6438580 0.6236361 0.6162700 0.6279526 0.6131728 0.6265671 0.6473919 0.5814707 0.7501180 0.6499770 0.6379683 0.6438362 0.6559462 0.7265510 0.6281529 0.7248066 0.8621998 0.9271956 0.8631923 0.9945370 1.0135296 0.7779555 0.7372914 0.7422860 0.9431804 1.2645961 1.1893652 1.2155611 0.9663862 
Tityridae         0.5488552 0.6219724 0.5487269 0.5664852 0.5506361 0.6294895 0.6281681 0.6730190 0.6327152 0.7103831 0.7505021 0.7178104 0.5182315 0.6262612 0.7367529 0.5500548 0.6232012 0.6053409 0.0000000 0.0511113 0.0332762 0.0454788 0.0536477 0.0379918 0.0358686 0.0449209 0.0388769 0.0487301 0.0478326 0.2403570 0.4212616 0.2842758 0.3510971 0.3820856 0.2893830 0.3440648 0.3176978 0.3538088 0.5789987 0.5453798 0.6619925 0.7110625 0.7558830 0.5734707 0.5228164 0.5224583 0.7692348 0.8784997 0.8291395 0.8122832 0.6291960 
Ptilonorhynchidae 0.5118555 0.6271950 0.5339000 0.5507552 0.5301757 0.6111837 0.6327841 0.6771551 0.6403673 0.7176931 0.7189780 0.6584819 0.4967785 0.5924777 0.7165072 0.5527792 0.6019055 0.6312512 0.0511113 0.0000000 0.0358304 0.0481506 0.0476587 0.0350421 0.0329085 0.0417480 0.0358425 0.0456106 0.0477996 0.2572634 0.4440360 0.2462401 0.2939632 0.3482957 0.2790475 0.3036012 0.2927672 0.3576896 0.5634424 0.5488234 0.6406413 0.7159612 0.7400498 0.5964038 0.5254079 0.5284047 0.7703626 0.9131785 0.8416987 0.8253533 0.6130218 
Callaeatidae      0.4914812 0.6073162 0.5364616 0.5530465 0.5099231 0.6413209 0.6117781 0.6578557 0.6185658 0.6981112 0.7225091 0.6636506 0.5008262 0.5746664 0.7237424 0.5593513 0.6339826 0.6126032 0.0332762 0.0358304 0.0000000 0.0251693 0.0302793 0.0093802 0.0119697 0.0146024 0.0095704 0.0189736 0.0303571 0.2380534 0.4501708 0.2669244 0.3149003 0.3941871 0.2858796 0.3100057 0.2853525 0.3800719 0.5448710 0.5359127 0.6484685 0.7241505 0.7479052 0.5815608 0.5123518 0.4916449 0.7735879 0.9099671 0.8327041 0.8224584 0.6130218 
Monarchidae       0.4970817 0.6436441 0.5712550 0.5918545 0.5681121 0.6478485 0.6530424 0.6947977 0.6590054 0.7135562 0.7550070 0.7211671 0.5038957 0.5828385 0.7398499 0.5961202 0.6658338 0.6467803 0.0454788 0.0481506 0.0251693 0.0000000 0.0390316 0.0246359 0.0277119 0.0307758 0.0251777 0.0349119 0.0475822 0.2508536 0.4171291 0.2402650 0.3170412 0.3788921 0.3010567 0.3107085 0.2999214 0.3500578 0.5590525 0.5849152 0.6597738 0.7363133 0.7613984 0.5868203 0.5140877 0.5134090 0.7912821 0.9336192 0.8251563 0.7946389 0.6726770 
Malaconotidae     0.5160049 0.6230679 0.5652142 0.5866645 0.5645614 0.6504157 0.5839124 0.6757037 0.6323088 0.7235256 0.7664037 0.7289033 0.5555933 0.6056609 0.7744623 0.5931217 0.6700994 0.6438580 0.0536477 0.0476587 0.0302793 0.0390316 0.0000000 0.0296297 0.0328302 0.0359961 0.0302894 0.0399806 0.0563458 0.2453026 0.4656154 0.2479045 0.3249329 0.4103627 0.3254703 0.3299902 0.3351440 0.4083095 0.5958397 0.5842183 0.6402231 0.7616050 0.7672372 0.6268682 0.5497412 0.5473930 0.8371142 0.9370191 0.9220592 0.9012060 0.6918573 
Certhiidae        0.5073983 0.6191833 0.5289971 0.5447357 0.5249827 0.6282240 0.6241825 0.6683740 0.6312617 0.7081261 0.7302942 0.6747520 0.5163573 0.5860564 0.6824390 0.5730837 0.6252992 0.6236361 0.0379918 0.0350421 0.0093802 0.0246359 0.0296297 0.0000000 0.0117340 0.0143089 0.0093831 0.0185996 0.0350506 0.2278447 0.4434907 0.2545472 0.2999182 0.3710639 0.2856891 0.3089721 0.2987179 0.3452342 0.5367504 0.5393862 0.6348076 0.7123840 0.7519391 0.5872884 0.5185423 0.4984122 0.7807875 0.9137709 0.8214420 0.8158729 0.5990782 
Cinclidae         0.4964660 0.6112547 0.5196523 0.5349392 0.5146811 0.5948219 0.6159038 0.6614312 0.6228044 0.7015823 0.7252267 0.6674373 0.5057119 0.5783729 0.7250785 0.5365247 0.6377840 0.6162700 0.0358686 0.0329085 0.0119697 0.0277119 0.0328302 0.0117340 0.0000000 0.0120469 0.0071077 0.0213596 0.0329170 0.2297675 0.4343908 0.2317662 0.2902207 0.3784163 0.2892828 0.3131166 0.3026452 0.3515697 0.5492174 0.5330316 0.6466699 0.7228123 0.7466514 0.5794542 0.5099413 0.4889643 0.7580188 0.9119971 0.8349445 0.8110211 0.6198605 
Ploceidae         0.5048343 0.6434728 0.5494588 0.5948137 0.5235956 0.6526701 0.6291051 0.6755233 0.6584470 0.7353894 0.7531914 0.6852684 0.5385824 0.6070486 0.7848433 0.5971521 0.6512280 0.6279526 0.0449209 0.0417480 0.0146024 0.0307758 0.0359961 0.0143089 0.0120469 0.0000000 0.0096319 0.0241256 0.0417569 0.2289715 0.4588573 0.2472764 0.3197587 0.3812891 0.3194564 0.3281543 0.3331487 0.3702013 0.5590525 0.5725974 0.6217686 0.7381543 0.7631397 0.5895141 0.5336722 0.5165058 0.7957742 0.9346577 0.8533436 0.8317534 0.6335543 
Thraupidae        0.4920945 0.6279774 0.5158856 0.5309720 0.5105325 0.6172426 0.6124183 0.6584523 0.6192310 0.6987247 0.7230045 0.6642880 0.5250727 0.5752050 0.7220487 0.5599818 0.6345941 0.6131728 0.0388769 0.0358425 0.0095704 0.0251777 0.0302894 0.0093831 0.0071077 0.0096319 0.0000000 0.0140876 0.0358512 0.2262043 0.4486434 0.2534738 0.2866924 0.3931250 0.2996539 0.3096987 0.3131282 0.3480528 0.5454695 0.5288057 0.6436812 0.7203804 0.7443019 0.5762092 0.5064917 0.4852057 0.7756688 0.9104208 0.8331685 0.8088019 0.6136559 
Alaudidae         0.5121340 0.6417047 0.5331162 0.5491102 0.5295044 0.6288060 0.6069321 0.6530822 0.6134768 0.7114116 0.7135203 0.6585337 0.5209997 0.5709158 0.7353905 0.5766838 0.6482998 0.6265671 0.0487301 0.0456106 0.0189736 0.0349119 0.0399806 0.0185996 0.0213596 0.0241256 0.0140876 0.0000000 0.0456191 0.2467087 0.4501897 0.2746028 0.3036173 0.3934636 0.3030000 0.2994953 0.3159602 0.3647159 0.5404736 0.5279709 0.6409409 0.7329486 0.7356287 0.5744885 0.5063965 0.4857442 0.7847347 0.9183318 0.8409577 0.8185191 0.6284921 
Coraciiformes     0.5539289 0.6916579 0.5965536 0.5982046 0.5992005 0.6593028 0.6800884 0.7054070 0.6846011 0.7672704 0.7501143 0.7156881 0.5468003 0.6337669 0.7709016 0.6192440 0.6726524 0.6473919 0.0478326 0.0477996 0.0303571 0.0475822 0.0563458 0.0350506 0.0329170 0.0417569 0.0358512 0.0456191 0.0000000 0.2511593 0.4749758 0.2673287 0.3277485 0.3968167 0.3005910 0.3411139 0.3000236 0.3657146 0.5784531 0.5390027 0.6829100 0.7793112 0.7710297 0.6336505 0.5399122 0.5194363 0.8143543 0.9646239 0.8743553 0.8576493 0.6545066 
Crocodylidae      0.4857595 0.6376404 0.5243325 0.5332154 0.5071525 0.6071285 0.5955645 0.6253394 0.5916629 0.6832842 0.6959510 0.7204290 0.5340555 0.5538901 0.7591440 0.5788449 0.6376437 0.5814707 0.2403570 0.2572634 0.2380534 0.2508536 0.2453026 0.2278447 0.2297675 0.2289715 0.2262043 0.2467087 0.2511593 0.0000000 0.4240489 0.2525104 0.3431081 0.4044347 0.4220544 0.3994823 0.2963055 0.4105330 0.6260712 0.6459055 0.6177244 0.7134747 0.7580614 0.5249541 0.4718003 0.5169619 0.7857710 0.8132978 0.7980768 0.6949374 0.5427756 
Carettochelyidae  0.7079124 0.7587225 0.7022510 0.7538139 0.7736339 0.7852680 0.6947183 0.7606019 0.7717779 0.7958034 0.7779657 0.7966884 0.6841317 0.6836087 0.9385583 0.8018802 0.7794926 0.7501180 0.4212616 0.4440360 0.4501708 0.4171291 0.4656154 0.4434907 0.4343908 0.4588573 0.4486434 0.4501897 0.4749758 0.4240489 0.0000000 0.3119106 0.5491108 0.5956777 0.5696959 0.5484523 0.4382928 0.6009209 0.7122684 0.7206318 0.6122665 0.8238895 0.8491799 0.5640260 0.6006379 0.5953633 0.8545151 1.1276743 0.9353420 0.9053988 0.8330907 
Kinosternidae     0.4875669 0.6179660 0.5836822 0.6979583 0.6164293 0.6108984 0.5602382 0.7289261 0.6611689 0.7464519 0.6807777 0.6354850 0.5566826 0.5569293 0.8214349 0.6282424 0.6710021 0.6499770 0.2842758 0.2462401 0.2669244 0.2402650 0.2479045 0.2545472 0.2317662 0.2472764 0.2534738 0.2746028 0.2673287 0.2525104 0.3119106 0.0000000 0.3408941 0.4345617 0.3861374 0.3937824 0.3477817 0.4620285 0.5093618 0.6475203 0.5679927 0.7222424 0.7181536 0.4172703 0.4775277 0.4452429 0.7540523 1.0113469 0.9139934 0.8968659 0.7486823 
Anomalepididae    0.5530523 0.7242391 0.6278524 0.6981173 0.6241281 0.7031514 0.6535106 0.7420129 0.6562675 0.8032306 0.7167286 0.8181792 0.5461522 0.5961708 0.8143485 0.6466389 0.7728109 0.6379683 0.3510971 0.2939632 0.3149003 0.3170412 0.3249329 0.2999182 0.2902207 0.3197587 0.2866924 0.3036173 0.3277485 0.3431081 0.5491108 0.3408941 0.0000000 0.1985933 0.2177951 0.2317884 0.2054998 0.4104038 0.7160745 0.7785730 0.7189337 0.8249624 0.8497338 0.6132554 0.5239673 0.5233784 0.9005572 1.0121243 0.9411027 0.9571711 0.6725955 
Loxocemidae       0.6570313 0.7288390 0.5882547 0.7087513 0.6451958 0.7412673 0.7413166 0.7674782 0.7639096 0.8596139 0.7318971 0.8024501 0.6438180 0.6502739 0.9158235 0.7487520 0.8274044 0.6438362 0.3820856 0.3482957 0.3941871 0.3788921 0.4103627 0.3710639 0.3784163 0.3812891 0.3931250 0.3934636 0.3968167 0.4044347 0.5956777 0.4345617 0.1985933 0.0000000 0.1411451 0.2571233 0.2409824 0.4563853 0.7738202 0.7975793 0.7226974 0.8139135 0.8477989 0.7229625 0.6090125 0.6780967 0.8009427 1.0831794 1.0147950 1.0525437 0.7448668 
Natricidae        0.5460326 0.6349836 0.5982129 0.6390029 0.5232795 0.6093153 0.6477529 0.6733982 0.6920078 0.7830033 0.6553368 0.7486820 0.5474848 0.5912361 0.7719468 0.6175229 0.7255427 0.6559462 0.2893830 0.2790475 0.2858796 0.3010567 0.3254703 0.2856891 0.2892828 0.3194564 0.2996539 0.3030000 0.3005910 0.4220544 0.5696959 0.3861374 0.2177951 0.1411451 0.0000000 0.2660653 0.2200153 0.4131518 0.6311499 0.7155414 0.6226082 0.7351547 0.7618747 0.6183397 0.5024993 0.5470517 0.7224447 1.0170917 0.9046841 0.9890290 0.7201634 
Xenosauridae      0.4878789 0.7084270 0.6319133 0.6846147 0.5637011 0.6849590 0.6458581 0.6501297 0.6496854 0.7297175 0.6799199 0.7403309 0.5865425 0.5909602 0.7957613 0.7326676 0.7572446 0.7265510 0.3440648 0.3036012 0.3100057 0.3107085 0.3299902 0.3089721 0.3131166 0.3281543 0.3096987 0.2994953 0.3411139 0.3994823 0.5484523 0.3937824 0.2317884 0.2571233 0.2660653 0.0000000 0.2089840 0.3962651 0.6537093 0.7467748 0.7339063 0.8068257 0.8346234 0.6974150 0.5354743 0.5827992 0.8197999 1.0401123 0.9481244 0.9821101 0.7005167 
Teiidae           0.5249827 0.6017055 0.5584065 0.5684620 0.4995989 0.6685200 0.6008390 0.7005102 0.6810159 0.7234541 0.6667066 0.6938981 0.5485810 0.5134729 0.7675964 0.6474215 0.7096968 0.6281529 0.3176978 0.2927672 0.2853525 0.2999214 0.3351440 0.2987179 0.3026452 0.3331487 0.3131282 0.3159602 0.3000236 0.2963055 0.4382928 0.3477817 0.2054998 0.2409824 0.2200153 0.2089840 0.0000000 0.3895161 0.6352026 0.6541742 0.6581434 0.7696836 0.7946250 0.5883826 0.4284224 0.4884175 0.8543837 0.8399151 0.8683802 0.8914111 0.6282652 
Eublepharidae     0.7160458 0.8115551 0.6901901 0.7473596 0.7568657 0.6889718 0.7827054 0.7916238 0.8405022 0.8661629 0.8302258 0.8398649 0.7406983 0.6854500 0.8579687 0.8011178 0.7638978 0.7248066 0.3538088 0.3576896 0.3800719 0.3500578 0.4083095 0.3452342 0.3515697 0.3702013 0.3480528 0.3647159 0.3657146 0.4105330 0.6009209 0.4620285 0.4104038 0.4563853 0.4131518 0.3962651 0.3895161 0.0000000 0.6066315 0.6997572 0.7161869 0.8068165 0.8698205 0.6629885 0.6044294 0.5809981 0.8631977 1.0694246 0.9454795 0.9556477 0.7304101 
Dicamptodontidae  0.8155230 0.8978414 0.7997880 0.9112270 0.8459949 0.8215970 0.8828569 0.9479073 0.9749284 1.0149434 0.9616670 0.9271056 0.8550354 0.8444599 1.0149271 0.8150384 0.8760546 0.8621998 0.5789987 0.5634424 0.5448710 0.5590525 0.5958397 0.5367504 0.5492174 0.5590525 0.5454695 0.5404736 0.5784531 0.6260712 0.7122684 0.5093618 0.7160745 0.7738202 0.6311499 0.6537093 0.6352026 0.6066315 0.0000000 0.6974816 0.6902813 0.7427022 0.7929873 0.6401565 0.5543018 0.5868203 0.8305996 1.0857129 1.1166136 1.1402522 0.8676195 
Alytidae          0.8478994 0.9306771 0.8743522 0.8860992 0.8697160 0.9104068 0.9377915 0.9089381 0.9328371 1.0115564 0.9424966 0.9694237 0.8289529 0.7968477 1.0588451 0.9356951 0.9386934 0.9271956 0.5453798 0.5488234 0.5359127 0.5849152 0.5842183 0.5393862 0.5330316 0.5725974 0.5288057 0.5279709 0.5390027 0.6459055 0.7206318 0.6475203 0.7785730 0.7975793 0.7155414 0.7467748 0.6541742 0.6997572 0.6974816 0.0000000 0.6195183 0.6934902 0.6311542 0.5438818 0.5166869 0.5036170 0.9071738 1.2370224 1.2572487 1.2811246 0.9088197 
Heleophrynidae    0.8566615 0.9510892 0.8349871 0.9434151 0.8790884 0.8860625 0.8950102 0.9764959 0.9943670 1.0261935 0.9930265 1.0119427 0.8718107 0.8605439 0.9500478 0.8782700 0.8731962 0.8631923 0.6619925 0.6406413 0.6484685 0.6597738 0.6402231 0.6348076 0.6466699 0.6217686 0.6436812 0.6409409 0.6829100 0.6177244 0.6122665 0.5679927 0.7189337 0.7226974 0.6226082 0.7339063 0.6581434 0.7161869 0.6902813 0.6195183 0.0000000 0.4424698 0.4258753 0.2381349 0.2274048 0.2499797 0.9402918 1.2883809 1.2571350 1.2842555 0.8918095 
Leptodactylidae   0.9698882 1.0749547 0.9432817 1.0461788 1.0358942 1.0518797 1.0659039 1.0933845 1.1409936 1.1916227 1.1687322 1.1707238 1.0218826 0.9330792 1.1996818 0.9937076 1.0196087 0.9945370 0.7110625 0.7159612 0.7241505 0.7363133 0.7616050 0.7123840 0.7228123 0.7381543 0.7203804 0.7329486 0.7793112 0.7134747 0.8238895 0.7222424 0.8249624 0.8139135 0.7351547 0.8068257 0.7696836 0.8068165 0.7427022 0.6934902 0.4424698 0.0000000 0.1996428 0.3645169 0.3298983 0.3585950 0.9493949 1.2911183 1.3732021 1.3936378 1.0090149 
Strabomantidae    0.9563020 1.1178882 0.9946942 1.0935039 1.0654451 1.1019586 1.1120189 1.1526785 1.1806367 1.2311027 1.1883155 1.2052540 1.0532524 1.0164531 1.2329348 1.0759430 1.0753771 1.0135296 0.7558830 0.7400498 0.7479052 0.7613984 0.7672372 0.7519391 0.7466514 0.7631397 0.7443019 0.7356287 0.7710297 0.7580614 0.8491799 0.7181536 0.8497338 0.8477989 0.7618747 0.8346234 0.7946250 0.8698205 0.7929873 0.6311542 0.4258753 0.1996428 0.0000000 0.4166000 0.3353977 0.3889554 1.0650033 1.3250593 1.3966346 1.4172498 0.9620090 
Micrixalidae      0.7718507 0.8616632 0.7448277 0.8494595 0.8023174 0.8242159 0.8787046 0.9125007 0.9144754 0.9896660 0.9647996 0.9626306 0.7748680 0.7644110 0.9691912 0.8233677 0.8614704 0.7779555 0.5734707 0.5964038 0.5815608 0.5868203 0.6268682 0.5872884 0.5794542 0.5895141 0.5762092 0.5744885 0.6336505 0.5249541 0.5640260 0.4172703 0.6132554 0.7229625 0.6183397 0.6974150 0.5883826 0.6629885 0.6401565 0.5438818 0.2381349 0.3645169 0.4166000 0.0000000 0.1265382 0.1245693 0.8683065 1.1858016 1.1560162 1.1683539 0.8178236 
Hemisotidae       0.6675935 0.7791897 0.6070257 0.6744970 0.6526429 0.7010442 0.7338514 0.7600988 0.7364952 0.8426586 0.7983245 0.8177489 0.6775020 0.5403284 0.8929118 0.7617475 0.7820838 0.7372914 0.5228164 0.5254079 0.5123518 0.5140877 0.5497412 0.5185423 0.5099413 0.5336722 0.5064917 0.5063965 0.5399122 0.4718003 0.6006379 0.4775277 0.5239673 0.6090125 0.5024993 0.5354743 0.4284224 0.6044294 0.5543018 0.5166869 0.2274048 0.3298983 0.3353977 0.1265382 0.0000000 0.1145786 0.7998221 1.0360873 1.0700192 1.0311115 0.7295829 
Asterophryidae    0.7554417 0.7998692 0.6136706 0.7850928 0.7441602 0.7126342 0.7906340 0.8351846 0.8117842 0.8979602 0.8581704 0.8675315 0.6944143 0.6689030 0.9303685 0.7817897 0.8408759 0.7422860 0.5224583 0.5284047 0.4916449 0.5134090 0.5473930 0.4984122 0.4889643 0.5165058 0.4852057 0.4857442 0.5194363 0.5169619 0.5953633 0.4452429 0.5233784 0.6780967 0.5470517 0.5827992 0.4884175 0.5809981 0.5868203 0.5036170 0.2499797 0.3585950 0.3889554 0.1245693 0.1145786 0.0000000 0.7964083 1.1002635 1.0839648 1.0980435 0.7549120 
Caeciliidae2      1.0596223 1.1350507 1.0509194 1.1359205 1.0792534 1.1263230 1.1900108 1.1400032 1.1699244 1.2104117 1.1719621 1.1388760 1.1000785 1.0749013 1.2659265 1.0134489 1.0606894 0.9431804 0.7692348 0.7703626 0.7735879 0.7912821 0.8371142 0.7807875 0.7580188 0.7957742 0.7756688 0.7847347 0.8143543 0.7857710 0.8545151 0.7540523 0.9005572 0.8009427 0.7224447 0.8197999 0.8543837 0.8631977 0.8305996 0.9071738 0.9402918 0.9493949 1.0650033 0.8683065 0.7998221 0.7964083 0.0000000 1.4467847 1.3679909 1.3920712 1.1175159 
Polypteriformes   1.2026961 1.2392663 1.1973728 1.2994817 1.2390498 1.2473335 1.3405287 1.3448626 1.3228273 1.4282714 1.3749642 1.3997575 1.2429653 1.2150246 1.3712741 1.1440100 1.3101761 1.2645961 0.8784997 0.9131785 0.9099671 0.9336192 0.9370191 0.9137709 0.9119971 0.9346577 0.9104208 0.9183318 0.9646239 0.8132978 1.1276743 1.0113469 1.0121243 1.0831794 1.0170917 1.0401123 0.8399151 1.0694246 1.0857129 1.2370224 1.2883809 1.2911183 1.3250593 1.1858016 1.0360873 1.1002635 1.4467847 0.0000000 1.2648599 1.2877381 1.2597121 
Channichthyidae   1.1331540 1.2162313 1.1096033 1.2104730 1.1591073 1.2053734 1.1580191 1.1686540 1.1770924 1.2920520 1.2424506 1.2713504 1.0619711 1.1498518 1.2867112 1.2361069 1.2388043 1.1893652 0.8291395 0.8416987 0.8327041 0.8251563 0.9220592 0.8214420 0.8349445 0.8533436 0.8331685 0.8409577 0.8743553 0.7980768 0.9353420 0.9139934 0.9411027 1.0147950 0.9046841 0.9481244 0.8683802 0.9454795 1.1166136 1.2572487 1.2571350 1.3732021 1.3966346 1.1560162 1.0700192 1.0839648 1.3679909 1.2648599 0.0000000 0.2354897 1.1326506 
Pseudaphritidae   1.1645027 1.2468901 1.1307519 1.2362644 1.1860114 1.2388124 1.2349190 1.2446624 1.2140194 1.3704830 1.3220214 1.3457684 1.1390307 1.1631702 1.3189335 1.2690358 1.2560298 1.2155611 0.8122832 0.8253533 0.8224584 0.7946389 0.9012060 0.8158729 0.8110211 0.8317534 0.8088019 0.8185191 0.8576493 0.6949374 0.9053988 0.8968659 0.9571711 1.0525437 0.9890290 0.9821101 0.8914111 0.9556477 1.1402522 1.2811246 1.2842555 1.3936378 1.4172498 1.1683539 1.0311115 1.0980435 1.3920712 1.2877381 0.2354897 0.0000000 1.1592677 
Carcharhinidae    0.8839453 0.9455334 0.8756938 0.9903391 0.9348168 0.9995294 1.0521334 1.0430787 1.0760147 1.0817042 1.0697449 1.0904471 0.9641130 0.8708846 1.1739646 0.9890314 1.0168761 0.9663862 0.6291960 0.6130218 0.6130218 0.6726770 0.6918573 0.5990782 0.6198605 0.6335543 0.6136559 0.6284921 0.6545066 0.5427756 0.8330907 0.7486823 0.6725955 0.7448668 0.7201634 0.7005167 0.6282652 0.7304101 0.8676195 0.9088197 0.8918095 1.0090149 0.9620090 0.8178236 0.7295829 0.7549120 1.1175159 1.2597121 1.1326506 1.1592677 0.0000000 
