51
Pitheciidae       0.0000000 0.1296488 0.1472410 0.1499252 0.1449817 0.1223958 0.2173084 0.2235351 0.1949103 0.2154397 0.2073780 0.1846168 0.2228892 0.1742644 0.2029162 0.2709018 0.2405148 0.2687353 0.4307705 0.4395122 0.4384555 0.4494440 0.4391210 0.4384555 0.4401760 0.4275346 0.4325850 0.4428074 0.4228933 0.4684619 0.4455998 0.5042760 0.4901488 0.4350740 0.4279105 0.5023526 0.4828495 0.5181204 0.5029465 0.6581757 0.6117858 0.5259131 0.5212516 0.5702342 0.6012036 0.5752257 0.5995767 1.5312620 1.4458650 1.3816922 3.8520807 
Scandentia        0.1296488 0.0000000 0.1468556 0.1505553 0.1427713 0.1205803 0.2122722 0.2052420 0.1892698 0.2184602 0.1992270 0.1756666 0.2206530 0.1708777 0.2072888 0.2732727 0.2378905 0.2612819 0.4059932 0.4194704 0.4148341 0.4241342 0.4227008 0.4176775 0.4165816 0.4042425 0.4056424 0.4148341 0.4052923 0.4424035 0.4231353 0.4990016 0.4628934 0.4059932 0.4066970 0.4878499 0.4710348 0.4983055 0.5144225 0.6324632 0.5946325 0.5133532 0.5031740 0.5619577 0.5807002 0.5466580 0.5685746 1.5655865 1.4989102 1.4282450 3.9619280 
Erethizontidae    0.1472410 0.1468556 0.0000000 0.0619644 0.1463767 0.1314872 0.2281940 0.2314381 0.2061468 0.2314381 0.2224180 0.2007564 0.2437648 0.1901390 0.2219050 0.2773500 0.2426093 0.2747391 0.4436042 0.4496615 0.4469560 0.4598729 0.4560333 0.4530489 0.4480264 0.4417348 0.4425342 0.4530489 0.4340324 0.4767771 0.4489972 0.5137466 0.4880000 0.4406658 0.4355951 0.4965742 0.5029678 0.5109337 0.5325726 0.6891245 0.6444888 0.5444846 0.5385324 0.6080887 0.6249736 0.6024084 0.6037600 1.6299413 1.6070021 1.5188657 4.0489050 
Capromyidae       0.1499252 0.1505553 0.0619644 0.0000000 0.1490454 0.1311488 0.2332139 0.2312497 0.2088826 0.2296434 0.2184602 0.1942300 0.2373144 0.1874600 0.2276999 0.2789189 0.2480384 0.2823189 0.4339327 0.4413364 0.4380151 0.4499136 0.4446734 0.4417348 0.4295888 0.4277644 0.4314193 0.4417348 0.4245093 0.4719526 0.4481781 0.5075819 0.4932607 0.4332560 0.4325774 0.4934481 0.5088682 0.5188360 0.5230325 0.6756332 0.6308742 0.5553750 0.5488098 0.5982198 0.6191038 0.6012036 0.5926214 1.6452984 1.5390570 1.4491815 4.1662643 
Muridae           0.1449817 0.1427713 0.1463767 0.1490454 0.0000000 0.1200474 0.2346495 0.2281783 0.1993750 0.2270550 0.2189914 0.1943780 0.2396536 0.1927537 0.2140341 0.2890380 0.2568319 0.2756491 0.4347908 0.4436010 0.4425413 0.4536061 0.4491934 0.4432038 0.4449206 0.4300972 0.4351768 0.4439991 0.4268583 0.4671687 0.4481305 0.5257097 0.5056752 0.4470303 0.4449206 0.5216289 0.5041285 0.5359621 0.5102332 0.6495784 0.6228489 0.5275378 0.5286872 0.5909279 0.6096202 0.5993990 0.5866120 1.6138978 1.4430387 1.3723812 4.3644121 
Castoridae        0.1223958 0.1205803 0.1314872 0.1311488 0.1200474 0.0000000 0.2125690 0.2055268 0.1852435 0.2077209 0.1908953 0.1675117 0.2067668 0.1594057 0.2004609 0.2583726 0.2330157 0.2585617 0.4094980 0.4165816 0.4183672 0.4276873 0.4233863 0.4183672 0.4215299 0.4049429 0.4098530 0.4148020 0.4004141 0.4424035 0.4102418 0.4887723 0.4560886 0.4116176 0.4024879 0.4784019 0.4686663 0.4918260 0.4977052 0.6324632 0.5873597 0.5174761 0.5118819 0.5636087 0.5836132 0.5592755 0.5768939 1.5465614 1.4151368 1.3450205 4.2325745 
Suidae            0.2173084 0.2122722 0.2281940 0.2332139 0.2346495 0.2125690 0.0000000 0.2049582 0.1701701 0.2456286 0.2393109 0.2072888 0.2573953 0.2089652 0.2770459 0.3408130 0.3111070 0.3359335 0.4876939 0.4935898 0.4931186 0.5003142 0.5003142 0.4915650 0.4963657 0.4856960 0.4881557 0.4946743 0.4697637 0.5079724 0.4945356 0.5798379 0.5510367 0.5057302 0.4979213 0.5750289 0.5515675 0.5736532 0.5750289 0.7445518 0.6627264 0.6068199 0.5916931 0.6528454 0.6751608 0.6347566 0.6702892 1.6144161 1.5973317 1.4176650 4.3795386 
Hippopotamidae    0.2235351 0.2052420 0.2314381 0.2312497 0.2281783 0.2055268 0.2049582 0.0000000 0.1507527 0.2412086 0.2376666 0.2104349 0.2630475 0.2198782 0.2681489 0.3462650 0.3121124 0.3413606 0.5052443 0.5145039 0.5155886 0.5229731 0.5155886 0.5076849 0.5125100 0.5031980 0.5057302 0.5155886 0.4854005 0.5450363 0.5223379 0.5981136 0.5648202 0.5099480 0.5021189 0.5874989 0.5726611 0.5952555 0.5968469 0.7238328 0.6609559 0.6240422 0.6193690 0.6660720 0.6869455 0.6568806 0.6854985 1.7155751 1.5852192 1.4910691 4.7811355 
Hyperoodontidae   0.1949103 0.1892698 0.2061468 0.2088826 0.1993750 0.1852435 0.1701701 0.1507527 0.0000000 0.2259330 0.2204004 0.1879431 0.2449199 0.1892698 0.2388581 0.3089026 0.2877100 0.3091415 0.4561432 0.4669605 0.4635373 0.4749279 0.4704002 0.4626875 0.4667394 0.4609988 0.4603552 0.4725401 0.4442618 0.4969718 0.4756253 0.5493954 0.5194110 0.4772501 0.4757428 0.5423178 0.5101387 0.5584776 0.5423178 0.6825713 0.6268825 0.5689962 0.5644948 0.6332478 0.6384220 0.6152844 0.6270109 1.6969551 1.4723576 1.4073929 4.0728152 
Vespertilionidae  0.2154397 0.2184602 0.2314381 0.2296434 0.2270550 0.2077209 0.2456286 0.2412086 0.2259330 0.0000000 0.1701950 0.1648777 0.2517672 0.2011534 0.2701011 0.3287171 0.2983381 0.3302471 0.4912192 0.4899997 0.4972333 0.5084780 0.5037935 0.5028318 0.4998505 0.4877017 0.4886178 0.4950858 0.4718630 0.5213753 0.4801944 0.5665549 0.5347969 0.4860173 0.4792962 0.5576234 0.5520699 0.5747348 0.5831111 0.6945393 0.6575348 0.5841896 0.5929221 0.6556892 0.6648959 0.6183605 0.6074639 1.6334269 1.5697548 1.4526403 4.1249233 
Furipteridae      0.2073780 0.1992270 0.2224180 0.2184602 0.2189914 0.1908953 0.2393109 0.2376666 0.2204004 0.1701950 0.0000000 0.1545664 0.2412399 0.1981490 0.2615120 0.3291791 0.2985077 0.3296657 0.4784940 0.4896882 0.4861767 0.4886178 0.4916818 0.4861767 0.4793804 0.4729267 0.4714290 0.4861767 0.4707611 0.5130067 0.5017568 0.5771027 0.5428557 0.4887701 0.4759984 0.5575366 0.5482474 0.5900238 0.5840627 0.7042521 0.6452634 0.5624107 0.5677720 0.6542393 0.6870721 0.6258005 0.6266091 1.6751619 1.5112882 1.4484421 4.1268178 
Rhinolophidae     0.1846168 0.1756666 0.2007564 0.1942300 0.1943780 0.1675117 0.2072888 0.2104349 0.1879431 0.1648777 0.1545664 0.0000000 0.2233776 0.1714686 0.2421056 0.2986506 0.2730698 0.2959841 0.4537773 0.4667513 0.4618222 0.4777751 0.4732238 0.4633196 0.4635373 0.4518886 0.4541905 0.4588333 0.4447977 0.4915650 0.4708743 0.5527087 0.5072981 0.4671687 0.4710348 0.5353011 0.5364247 0.5493405 0.5696538 0.6958826 0.6342363 0.5768939 0.5739574 0.6272851 0.6463234 0.6128833 0.6021011 1.6311896 1.5347484 1.4069200 4.0136218 
Viverridae        0.2228892 0.2206530 0.2437648 0.2373144 0.2396536 0.2067668 0.2573953 0.2630475 0.2449199 0.2517672 0.2412399 0.2233776 0.0000000 0.1339829 0.2870599 0.3485830 0.3216370 0.3546573 0.5189069 0.5273069 0.5220115 0.5406965 0.5299867 0.5283875 0.5194801 0.5111193 0.5136762 0.5220115 0.5059444 0.5341900 0.5207993 0.6039553 0.5581437 0.5059444 0.5053530 0.5834865 0.5775917 0.6109211 0.5980456 0.7103171 0.6867877 0.5949285 0.5868120 0.6521030 0.6857112 0.6644783 0.6754822 1.6772254 1.5765356 1.4963137 4.5525348 
Procyonidae       0.1742644 0.1708777 0.1901390 0.1874600 0.1927537 0.1594057 0.2089652 0.2198782 0.1892698 0.2011534 0.1981490 0.1714686 0.1339829 0.0000000 0.2489783 0.2958903 0.2667678 0.3017895 0.4597097 0.4658902 0.4654611 0.4790268 0.4738565 0.4675988 0.4603552 0.4569727 0.4578058 0.4639636 0.4447977 0.4890825 0.4556148 0.5543594 0.5120144 0.4522991 0.4457418 0.5160910 0.5179022 0.5433946 0.5320783 0.6594043 0.6161827 0.5498890 0.5482474 0.5951243 0.6089553 0.5916858 0.6158978 1.7083579 1.5129587 1.4327957 4.2397768 
Myrmecophagidae   0.2029162 0.2072888 0.2219050 0.2276999 0.2140341 0.2004609 0.2770459 0.2681489 0.2388581 0.2701011 0.2615120 0.2421056 0.2870599 0.2489783 0.0000000 0.3254155 0.2988785 0.3289488 0.4834646 0.4999730 0.4933569 0.5025838 0.4979615 0.4979615 0.4965558 0.4815068 0.4854292 0.5010410 0.4768084 0.5156688 0.4960267 0.5570592 0.5326672 0.4768084 0.4695314 0.5499089 0.5455514 0.5634245 0.5640539 0.6999073 0.6619089 0.5840627 0.5794179 0.6181162 0.6313795 0.6260722 0.6167922 1.6299413 1.5478685 1.4469469 4.1455890 
Caluromyidae      0.2709018 0.2732727 0.2773500 0.2789189 0.2890380 0.2583726 0.3408130 0.3462650 0.3089026 0.3287171 0.3291791 0.2986506 0.3485830 0.2958903 0.3254155 0.0000000 0.0997903 0.1060355 0.4133607 0.4190551 0.4180010 0.4287450 0.4295051 0.4208453 0.4304772 0.4045941 0.4144406 0.4236969 0.4049429 0.4635373 0.4372296 0.4929341 0.4646056 0.4169462 0.4205282 0.4794734 0.4857221 0.5143397 0.5220733 0.6571886 0.6251247 0.5284744 0.5316903 0.5963379 0.5996627 0.5815504 0.5979382 1.6792675 1.4831161 1.4130972 4.1076339 
Thylacomyidae     0.2405148 0.2378905 0.2426093 0.2480384 0.2568319 0.2330157 0.3111070 0.3121124 0.2877100 0.2983381 0.2985077 0.2730698 0.3216370 0.2667678 0.2988785 0.0997903 0.0000000 0.0772143 0.4004305 0.4045941 0.4133607 0.4225825 0.4204764 0.4133607 0.4186435 0.4042497 0.4084373 0.4175939 0.3907709 0.4414806 0.4309461 0.4699653 0.4693007 0.4080943 0.4066924 0.4690983 0.4705637 0.4927133 0.5138458 0.6395690 0.5993038 0.5164811 0.5212516 0.5752257 0.5965065 0.5641172 0.5787837 1.6259482 1.5032586 1.4391569 3.8621114 
Phalangeridae     0.2687353 0.2612819 0.2747391 0.2823189 0.2756491 0.2585617 0.3359335 0.3413606 0.3091415 0.3302471 0.3296657 0.2959841 0.3546573 0.3017895 0.3289488 0.1060355 0.0772143 0.0000000 0.4285851 0.4372871 0.4405681 0.4515616 0.4509095 0.4412301 0.4518054 0.4296347 0.4383410 0.4463751 0.4172305 0.4518886 0.4514790 0.5002035 0.4798250 0.4279105 0.4264833 0.4896882 0.4864928 0.5109067 0.5280042 0.6413511 0.6287614 0.5348714 0.5364848 0.5949285 0.6016532 0.5780788 0.6055371 1.6311896 1.5907993 1.5083022 3.7531774 
Tityridae         0.4307705 0.4059932 0.4436042 0.4339327 0.4347908 0.4094980 0.4876939 0.5052443 0.4561432 0.4912192 0.4784940 0.4537773 0.5189069 0.4597097 0.4834646 0.4133607 0.4004305 0.4285851 0.0000000 0.0497719 0.0469991 0.0561131 0.0489031 0.0452135 0.0514475 0.0406697 0.0416036 0.0487882 0.0362746 0.1799150 0.1746154 0.2206808 0.2435048 0.2064798 0.1888408 0.2537194 0.2450966 0.2977432 0.3876023 0.4950251 0.4700996 0.3926866 0.3916596 0.4452994 0.4639749 0.4287220 0.4253628 1.4805829 1.4057653 1.3150730 3.8029308 
Ptilonorhynchidae 0.4395122 0.4194704 0.4496615 0.4413364 0.4436010 0.4165816 0.4935898 0.5145039 0.4669605 0.4899997 0.4896882 0.4667513 0.5273069 0.4658902 0.4999730 0.4190551 0.4045941 0.4372871 0.0497719 0.0000000 0.0389456 0.0515393 0.0425916 0.0389456 0.0433549 0.0344538 0.0362538 0.0424914 0.0461871 0.1825374 0.1788274 0.2238509 0.2457219 0.2095488 0.1947643 0.2571701 0.2558137 0.3052475 0.3970392 0.5003254 0.4771718 0.3919448 0.3895532 0.4520480 0.4671542 0.4267122 0.4254312 1.5108138 1.4249957 1.3506443 3.6920943 
Callaeatidae      0.4384555 0.4148341 0.4469560 0.4380151 0.4425413 0.4183672 0.4931186 0.5155886 0.4635373 0.4972333 0.4861767 0.4618222 0.5220115 0.4654611 0.4933569 0.4180010 0.4133607 0.4405681 0.0469991 0.0389456 0.0000000 0.0380395 0.0292500 0.0256996 0.0300389 0.0213158 0.0230696 0.0291831 0.0434315 0.1843005 0.1755491 0.2194160 0.2436810 0.2058123 0.1903063 0.2531123 0.2490880 0.3016321 0.3824606 0.4902971 0.4752371 0.3943367 0.3960347 0.4443872 0.4614411 0.4320199 0.4222125 1.5041459 1.4472454 1.3445494 3.9329186 
Monarchidae       0.4494440 0.4241342 0.4598729 0.4499136 0.4536061 0.4276873 0.5003142 0.5229731 0.4749279 0.5084780 0.4886178 0.4777751 0.5406965 0.4790268 0.5025838 0.4287450 0.4225825 0.4515616 0.0561131 0.0515393 0.0380395 0.0000000 0.0310010 0.0362746 0.0424422 0.0318047 0.0335953 0.0398078 0.0525009 0.1955800 0.1815511 0.2281783 0.2443882 0.2105064 0.1970712 0.2663735 0.2544612 0.3099479 0.4008182 0.5091626 0.4821220 0.3970654 0.4021931 0.4627146 0.4810612 0.4456947 0.4286648 1.5054422 1.4275896 1.3334042 3.8816312 
Malaconotidae     0.4391210 0.4227008 0.4560333 0.4446734 0.4491934 0.4233863 0.5003142 0.5155886 0.4704002 0.5037935 0.4916818 0.4732238 0.5299867 0.4738565 0.4979615 0.4295051 0.4204764 0.4509095 0.0489031 0.0425916 0.0292500 0.0310010 0.0000000 0.0275024 0.0336146 0.0230959 0.0248592 0.0301250 0.0453197 0.1880230 0.1739141 0.2233776 0.2420820 0.2083000 0.1938137 0.2604931 0.2444781 0.3054820 0.3912417 0.5019916 0.4752371 0.3963689 0.3980735 0.4539139 0.4705637 0.4370678 0.4315315 1.5237431 1.4498616 1.3570918 3.8220366 
Certhiidae        0.4384555 0.4176775 0.4530489 0.4417348 0.4432038 0.4183672 0.4915650 0.5076849 0.4626875 0.5028318 0.4861767 0.4633196 0.5283875 0.4675988 0.4979615 0.4208453 0.4133607 0.4412301 0.0452135 0.0389456 0.0256996 0.0362746 0.0275024 0.0000000 0.0265541 0.0161531 0.0178910 0.0239630 0.0416530 0.1797935 0.1724012 0.2197239 0.2311068 0.2011534 0.1868208 0.2515839 0.2444781 0.2975173 0.3804790 0.4964246 0.4752371 0.3888996 0.3905848 0.4458348 0.4549055 0.4277572 0.4144099 1.5072457 1.4436940 1.3540162 3.9371376 
Cinclidae         0.4401760 0.4165816 0.4480264 0.4295888 0.4449206 0.4215299 0.4963657 0.5125100 0.4667394 0.4998505 0.4793804 0.4635373 0.5194801 0.4603552 0.4965558 0.4304772 0.4186435 0.4518054 0.0514475 0.0433549 0.0300389 0.0424422 0.0336146 0.0265541 0.0000000 0.0221665 0.0239221 0.0300389 0.0478642 0.1895278 0.1806973 0.2273729 0.2427066 0.2067668 0.1934148 0.2529278 0.2527435 0.3104674 0.3902564 0.4968932 0.4688445 0.3926452 0.3929749 0.4526942 0.4618602 0.4266398 0.4232634 1.4913231 1.4430387 1.3420889 3.8504860 
Ploceidae         0.4275346 0.4042425 0.4417348 0.4277644 0.4300972 0.4049429 0.4856960 0.5031980 0.4609988 0.4877017 0.4729267 0.4518886 0.5111193 0.4569727 0.4815068 0.4045941 0.4042497 0.4296347 0.0406697 0.0344538 0.0213158 0.0318047 0.0230959 0.0161531 0.0221665 0.0000000 0.0118603 0.0195916 0.0371352 0.1784913 0.1690387 0.2113870 0.2262517 0.1932822 0.1812236 0.2408612 0.2349855 0.2950875 0.3718281 0.4832990 0.4616605 0.3768558 0.3785064 0.4299284 0.4488869 0.4178311 0.4052924 1.4970986 1.4401908 1.3419632 3.8686788 
Thraupidae        0.4325850 0.4056424 0.4425342 0.4314193 0.4351768 0.4098530 0.4881557 0.5057302 0.4603552 0.4886178 0.4714290 0.4541905 0.5136762 0.4578058 0.4854292 0.4144406 0.4084373 0.4383410 0.0416036 0.0362538 0.0230696 0.0335953 0.0248592 0.0178910 0.0239221 0.0118603 0.0000000 0.0213401 0.0380614 0.1808560 0.1713542 0.2138849 0.2333811 0.2000632 0.1857482 0.2504257 0.2433290 0.3016321 0.3764533 0.4811649 0.4654537 0.3815060 0.3831701 0.4407153 0.4555522 0.4227748 0.4038988 1.4878380 1.4306397 1.3300597 3.8708543 
Alaudidae         0.4428074 0.4148341 0.4530489 0.4417348 0.4439991 0.4148020 0.4946743 0.5155886 0.4725401 0.4950858 0.4861767 0.4588333 0.5220115 0.4639636 0.5010410 0.4236969 0.4175939 0.4463751 0.0487882 0.0424914 0.0291831 0.0398078 0.0301250 0.0239630 0.0300389 0.0195916 0.0213401 0.0000000 0.0452135 0.1875109 0.1778920 0.2264140 0.2394350 0.2058123 0.1924659 0.2542753 0.2482936 0.2996449 0.3892266 0.4973629 0.4752371 0.3916148 0.3933064 0.4501883 0.4682140 0.4334444 0.4150979 1.5032602 1.4529427 1.3478635 3.8198418 
Coraciiformes     0.4228933 0.4052923 0.4340324 0.4245093 0.4268583 0.4004141 0.4697637 0.4854005 0.4442618 0.4718630 0.4707611 0.4447977 0.5059444 0.4447977 0.4768084 0.4049429 0.3907709 0.4172305 0.0362746 0.0461871 0.0434315 0.0525009 0.0453197 0.0416530 0.0478642 0.0371352 0.0380614 0.0452135 0.0000000 0.1680714 0.1629118 0.2071452 0.2306118 0.1942300 0.1789738 0.2395447 0.2428031 0.2912337 0.3715222 0.4753030 0.4591342 0.3738776 0.3781933 0.4309746 0.4478315 0.4035639 0.4126445 1.4905344 1.4456406 1.3094678 3.9741562 
Crocodylidae      0.4684619 0.4424035 0.4767771 0.4719526 0.4671687 0.4424035 0.5079724 0.5450363 0.4969718 0.5213753 0.5130067 0.4915650 0.5341900 0.4890825 0.5156688 0.4635373 0.4414806 0.4518886 0.1799150 0.1825374 0.1843005 0.1955800 0.1880230 0.1797935 0.1895278 0.1784913 0.1808560 0.1875109 0.1680714 0.0000000 0.2175719 0.2703376 0.2879004 0.2490171 0.2340525 0.3033501 0.2923449 0.3488641 0.4367907 0.5209954 0.5311018 0.4458348 0.4462324 0.5094522 0.5300257 0.4962927 0.4584128 1.5097533 1.4764832 1.3505444 4.2397768 
Carettochelyidae  0.4455998 0.4231353 0.4489972 0.4481781 0.4481305 0.4102418 0.4945356 0.5223379 0.4756253 0.4801944 0.5017568 0.4708743 0.5207993 0.4556148 0.4960267 0.4372296 0.4309461 0.4514790 0.1746154 0.1788274 0.1755491 0.1815511 0.1739141 0.1724012 0.1806973 0.1690387 0.1713542 0.1778920 0.1629118 0.2175719 0.0000000 0.1804899 0.2703561 0.2270599 0.2180347 0.2850302 0.2815381 0.3292076 0.4045990 0.5342704 0.5046074 0.4132804 0.4206367 0.4930339 0.5101387 0.4494440 0.4576198 1.4764832 1.4616625 1.3316740 3.7307441 
Kinosternidae     0.5042760 0.4990016 0.5137466 0.5075819 0.5257097 0.4887723 0.5798379 0.5981136 0.5493954 0.5665549 0.5771027 0.5527087 0.6039553 0.5543594 0.5570592 0.4929341 0.4699653 0.5002035 0.2206808 0.2238509 0.2194160 0.2281783 0.2233776 0.2197239 0.2273729 0.2113870 0.2138849 0.2264140 0.2071452 0.2703376 0.1804899 0.0000000 0.3128093 0.2693338 0.2685473 0.3246745 0.3101011 0.3650645 0.4468855 0.5694932 0.5407268 0.4498779 0.4546214 0.5063656 0.5306563 0.4792886 0.4916818 1.5237431 1.5265045 1.4534382 3.9639548 
Anomalepididae    0.4901488 0.4628934 0.4880000 0.4932607 0.5056752 0.4560886 0.5510367 0.5648202 0.5194110 0.5347969 0.5428557 0.5072981 0.5581437 0.5120144 0.5326672 0.4646056 0.4693007 0.4798250 0.2435048 0.2457219 0.2436810 0.2443882 0.2420820 0.2311068 0.2427066 0.2262517 0.2333811 0.2394350 0.2306118 0.2879004 0.2703561 0.3128093 0.0000000 0.1306447 0.1266675 0.1968017 0.1999105 0.2626476 0.4199101 0.5279597 0.5227611 0.4154242 0.4122641 0.4701325 0.4744872 0.4553171 0.4523768 1.5252644 1.5291807 1.4542544 3.6369963 
Loxocemidae       0.4350740 0.4059932 0.4406658 0.4332560 0.4470303 0.4116176 0.5057302 0.5099480 0.4772501 0.4860173 0.4887701 0.4671687 0.5059444 0.4522991 0.4768084 0.4169462 0.4080943 0.4279105 0.2064798 0.2095488 0.2058123 0.2105064 0.2083000 0.2011534 0.2067668 0.1932822 0.2000632 0.2058123 0.1942300 0.2490171 0.2270599 0.2693338 0.1306447 0.0000000 0.0460779 0.1439686 0.1581494 0.2132281 0.3943017 0.4831325 0.4819534 0.3784211 0.3827797 0.4433357 0.4463751 0.4239425 0.4175939 1.4458650 1.4448177 1.3533892 3.8884838 
Natricidae        0.4279105 0.4066970 0.4355951 0.4325774 0.4449206 0.4024879 0.4979213 0.5021189 0.4757428 0.4792962 0.4759984 0.4710348 0.5053530 0.4457418 0.4695314 0.4205282 0.4066924 0.4264833 0.1888408 0.1947643 0.1903063 0.1970712 0.1938137 0.1868208 0.1934148 0.1812236 0.1857482 0.1924659 0.1789738 0.2340525 0.2180347 0.2685473 0.1266675 0.0460779 0.0000000 0.1417618 0.1497710 0.2091108 0.3929355 0.4731708 0.4646073 0.3724426 0.3781070 0.4396658 0.4465188 0.4168290 0.4105476 1.4524391 1.4636337 1.3565374 3.6139619 
Xenosauridae      0.5023526 0.4878499 0.4965742 0.4934481 0.5216289 0.4784019 0.5750289 0.5874989 0.5423178 0.5576234 0.5575366 0.5353011 0.5834865 0.5160910 0.5499089 0.4794734 0.4690983 0.4896882 0.2537194 0.2571701 0.2531123 0.2663735 0.2604931 0.2515839 0.2529278 0.2408612 0.2504257 0.2542753 0.2395447 0.3033501 0.2850302 0.3246745 0.1968017 0.1439686 0.1417618 0.0000000 0.2041116 0.2648037 0.4564290 0.5536408 0.5369904 0.4442523 0.4518853 0.4798250 0.4935426 0.4729267 0.4798250 1.5257889 1.5634325 1.4241811 3.7111519 
Teiidae           0.4828495 0.4710348 0.5029678 0.5088682 0.5041285 0.4686663 0.5515675 0.5726611 0.5101387 0.5520699 0.5482474 0.5364247 0.5775917 0.5179022 0.5455514 0.4857221 0.4705637 0.4864928 0.2450966 0.2558137 0.2490880 0.2544612 0.2444781 0.2444781 0.2527435 0.2349855 0.2433290 0.2482936 0.2428031 0.2923449 0.2815381 0.3101011 0.1999105 0.1581494 0.1497710 0.2041116 0.0000000 0.2811942 0.4477880 0.5186181 0.5449847 0.4464566 0.4482861 0.4969452 0.5068452 0.4854574 0.4707611 1.4529427 1.4496198 1.3755166 3.7488228 
Eublepharidae     0.5181204 0.4983055 0.5109337 0.5188360 0.5359621 0.4918260 0.5736532 0.5952555 0.5584776 0.5747348 0.5900238 0.5493405 0.6109211 0.5433946 0.5634245 0.5143397 0.4927133 0.5109067 0.2977432 0.3052475 0.3016321 0.3099479 0.3054820 0.2975173 0.3104674 0.2950875 0.3016321 0.2996449 0.2912337 0.3488641 0.3292076 0.3650645 0.2626476 0.2132281 0.2091108 0.2648037 0.2811942 0.0000000 0.5020975 0.6096352 0.6087866 0.5010433 0.5015123 0.5471253 0.5618447 0.5248970 0.5535485 1.5478863 1.5844713 1.5253989 4.3897238 
Dicamptodontidae  0.5029465 0.5144225 0.5325726 0.5230325 0.5102332 0.4977052 0.5750289 0.5968469 0.5423178 0.5831111 0.5840627 0.5696538 0.5980456 0.5320783 0.5640539 0.5220733 0.5138458 0.5280042 0.3876023 0.3970392 0.3824606 0.4008182 0.3912417 0.3804790 0.3902564 0.3718281 0.3764533 0.3892266 0.3715222 0.4367907 0.4045990 0.4468855 0.4199101 0.3943017 0.3929355 0.4564290 0.4477880 0.5020975 0.0000000 0.3912865 0.3211372 0.2622929 0.2613214 0.3104674 0.3196246 0.3159048 0.3422988 1.4613241 1.4695117 1.3909499 4.0275559 
Alytidae          0.6581757 0.6324632 0.6891245 0.6756332 0.6495784 0.6324632 0.7445518 0.7238328 0.6825713 0.6945393 0.7042521 0.6958826 0.7103171 0.6594043 0.6999073 0.6571886 0.6395690 0.6413511 0.4950251 0.5003254 0.4902971 0.5091626 0.5019916 0.4964246 0.4968932 0.4832990 0.4811649 0.4973629 0.4753030 0.5209954 0.5342704 0.5694932 0.5279597 0.4831325 0.4731708 0.5536408 0.5186181 0.6096352 0.3912865 0.0000000 0.4203234 0.3651465 0.3793021 0.4177063 0.4429415 0.4094285 0.4807882 1.5655865 1.5781939 1.4728701 3.8016593 
Heleophrynidae    0.6117858 0.5946325 0.6444888 0.6308742 0.6228489 0.5873597 0.6627264 0.6609559 0.6268825 0.6575348 0.6452634 0.6342363 0.6867877 0.6161827 0.6619089 0.6251247 0.5993038 0.6287614 0.4700996 0.4771718 0.4752371 0.4821220 0.4752371 0.4752371 0.4688445 0.4616605 0.4654537 0.4752371 0.4591342 0.5311018 0.5046074 0.5407268 0.5227611 0.4819534 0.4646073 0.5369904 0.5449847 0.6087866 0.3211372 0.4203234 0.0000000 0.2213020 0.2166992 0.2649990 0.2761470 0.2539886 0.4221553 1.4616625 1.5263174 1.4067355 4.1606869 
Leptodactylidae   0.5259131 0.5133532 0.5444846 0.5553750 0.5275378 0.5174761 0.6068199 0.6240422 0.5689962 0.5841896 0.5624107 0.5768939 0.5949285 0.5498890 0.5840627 0.5284744 0.5164811 0.5348714 0.3926866 0.3919448 0.3943367 0.3970654 0.3963689 0.3888996 0.3926452 0.3768558 0.3815060 0.3916148 0.3738776 0.4458348 0.4132804 0.4498779 0.4154242 0.3784211 0.3724426 0.4442523 0.4464566 0.5010433 0.2622929 0.3651465 0.2213020 0.0000000 0.0542410 0.1814286 0.1966644 0.1829845 0.3583070 1.4002078 1.4946516 1.3603665 3.7983765 
Strabomantidae    0.5212516 0.5031740 0.5385324 0.5488098 0.5286872 0.5118819 0.5916931 0.6193690 0.5644948 0.5929221 0.5677720 0.5739574 0.5868120 0.5482474 0.5794179 0.5316903 0.5212516 0.5364848 0.3916596 0.3895532 0.3960347 0.4021931 0.3980735 0.3905848 0.3929749 0.3785064 0.3831701 0.3933064 0.3781933 0.4462324 0.4206367 0.4546214 0.4122641 0.3827797 0.3781070 0.4518853 0.4482861 0.5015123 0.2613214 0.3793021 0.2166992 0.0542410 0.0000000 0.1890126 0.2080100 0.1839259 0.3528175 1.3846983 1.4942540 1.3604321 3.9410694 
Micrixalidae      0.5702342 0.5619577 0.6080887 0.5982198 0.5909279 0.5636087 0.6528454 0.6660720 0.6332478 0.6556892 0.6542393 0.6272851 0.6521030 0.5951243 0.6181162 0.5963379 0.5752257 0.5949285 0.4452994 0.4520480 0.4443872 0.4627146 0.4539139 0.4458348 0.4526942 0.4299284 0.4407153 0.4501883 0.4309746 0.5094522 0.4930339 0.5063656 0.4701325 0.4433357 0.4396658 0.4798250 0.4969452 0.5471253 0.3104674 0.4177063 0.2649990 0.1814286 0.1890126 0.0000000 0.1565077 0.1403809 0.4132804 1.4720322 1.5759735 1.4389469 3.8244769 
Hemisotidae       0.6012036 0.5807002 0.6249736 0.6191038 0.6096202 0.5836132 0.6751608 0.6869455 0.6384220 0.6648959 0.6870721 0.6463234 0.6857112 0.6089553 0.6313795 0.5996627 0.5965065 0.6016532 0.4639749 0.4671542 0.4614411 0.4810612 0.4705637 0.4549055 0.4618602 0.4488869 0.4555522 0.4682140 0.4478315 0.5300257 0.5101387 0.5306563 0.4744872 0.4463751 0.4465188 0.4935426 0.5068452 0.5618447 0.3196246 0.4429415 0.2761470 0.1966644 0.2080100 0.1565077 0.0000000 0.1633887 0.4211072 1.5095778 1.6559064 1.5018398 3.8802153 
Asterophryidae    0.5752257 0.5466580 0.6024084 0.6012036 0.5993990 0.5592755 0.6347566 0.6568806 0.6152844 0.6183605 0.6258005 0.6128833 0.6644783 0.5916858 0.6260722 0.5815504 0.5641172 0.5780788 0.4287220 0.4267122 0.4320199 0.4456947 0.4370678 0.4277572 0.4266398 0.4178311 0.4227748 0.4334444 0.4035639 0.4962927 0.4494440 0.4792886 0.4553171 0.4239425 0.4168290 0.4729267 0.4854574 0.5248970 0.3159048 0.4094285 0.2539886 0.1829845 0.1839259 0.1403809 0.1633887 0.0000000 0.4105128 1.4983636 1.5821785 1.4686567 4.0199833 
Caeciliidae2      0.5995767 0.5685746 0.6037600 0.5926214 0.5866120 0.5768939 0.6702892 0.6854985 0.6270109 0.6074639 0.6266091 0.6021011 0.6754822 0.6158978 0.6167922 0.5979382 0.5787837 0.6055371 0.4253628 0.4254312 0.4222125 0.4286648 0.4315315 0.4144099 0.4232634 0.4052924 0.4038988 0.4150979 0.4126445 0.4584128 0.4576198 0.4916818 0.4523768 0.4175939 0.4105476 0.4798250 0.4707611 0.5535485 0.3422988 0.4807882 0.4221553 0.3583070 0.3528175 0.4132804 0.4211072 0.4105128 0.0000000 1.4983636 1.5280587 1.4294376 3.6162581 
Polypteriformes   1.5312620 1.5655865 1.6299413 1.6452984 1.6138978 1.5465614 1.6144161 1.7155751 1.6969551 1.6334269 1.6751619 1.6311896 1.6772254 1.7083579 1.6299413 1.6792675 1.6259482 1.6311896 1.4805829 1.5108138 1.5041459 1.5054422 1.5237431 1.5072457 1.4913231 1.4970986 1.4878380 1.5032602 1.4905344 1.5097533 1.4764832 1.5237431 1.5252644 1.4458650 1.4524391 1.5257889 1.4529427 1.5478863 1.4613241 1.5655865 1.4616625 1.4002078 1.3846983 1.4720322 1.5095778 1.4983636 1.4983636 0.0000000 2.1378576 2.0536473 5.1322974 
Channichthyidae   1.4458650 1.4989102 1.6070021 1.5390570 1.4430387 1.4151368 1.5973317 1.5852192 1.4723576 1.5697548 1.5112882 1.5347484 1.5765356 1.5129587 1.5478685 1.4831161 1.5032586 1.5907993 1.4057653 1.4249957 1.4472454 1.4275896 1.4498616 1.4436940 1.4430387 1.4401908 1.4306397 1.4529427 1.4456406 1.4764832 1.4616625 1.5265045 1.5291807 1.4448177 1.4636337 1.5634325 1.4496198 1.5844713 1.4695117 1.5781939 1.5263174 1.4946516 1.4942540 1.5759735 1.6559064 1.5821785 1.5280587 2.1378576 0.0000000 0.3742974 4.7611993 
Pseudaphritidae   1.3816922 1.4282450 1.5188657 1.4491815 1.3723812 1.3450205 1.4176650 1.4910691 1.4073929 1.4526403 1.4484421 1.4069200 1.4963137 1.4327957 1.4469469 1.4130972 1.4391569 1.5083022 1.3150730 1.3506443 1.3445494 1.3334042 1.3570918 1.3540162 1.3420889 1.3419632 1.3300597 1.3478635 1.3094678 1.3505444 1.3316740 1.4534382 1.4542544 1.3533892 1.3565374 1.4241811 1.3755166 1.5253989 1.3909499 1.4728701 1.4067355 1.3603665 1.3604321 1.4389469 1.5018398 1.4686567 1.4294376 2.0536473 0.3742974 0.0000000 4.9680765 
Carcharhinidae    3.8520807 3.9619280 4.0489050 4.1662643 4.3644121 4.2325745 4.3795386 4.7811355 4.0728152 4.1249233 4.1268178 4.0136218 4.5525348 4.2397768 4.1455890 4.1076339 3.8621114 3.7531774 3.8029308 3.6920943 3.9329186 3.8816312 3.8220366 3.9371376 3.8504860 3.8686788 3.8708543 3.8198418 3.9741562 4.2397768 3.7307441 3.9639548 3.6369963 3.8884838 3.6139619 3.7111519 3.7488228 4.3897238 4.0275559 3.8016593 4.1606869 3.7983765 3.9410694 3.8244769 3.8802153 4.0199833 3.6162581 5.1322974 4.7611993 4.9680765 0.0000000 
