51
Muridae           0.00000000 1.16948487 1.14297137 0.35248927 0.34993028 1.13390168 0.35051341 0.64021623 1.19001470 1.12728919 1.23819814 0.35599581 1.16718754 1.26144289 0.64501086 1.19576485 1.12574174 1.12866579 1.16797276 0.30872383 0.28886002 0.35646572 0.35531245 1.17000058 1.16447862 1.23354217 1.63767917 1.62776221 1.16928062 0.33256161 1.16659491 1.62997634 1.24099809 1.16897826 0.33645657 1.26060857 1.23919383 0.35564588 1.23154106 1.18733451 2.05012333 1.16485993 1.11736760 1.26081809 1.17427400 0.64590039 1.16567095 1.23637683 0.38594267 0.34809681 0.30699994 
Callaeatidae      1.16948487 0.00000000 0.96247158 1.16520274 1.15040714 0.95315617 1.15481969 1.19169662 0.80383345 0.94473235 1.22854967 1.15864011 0.17145976 1.25280770 1.19600943 0.84596246 0.93529282 0.95024205 0.17045233 1.16942769 1.16727158 1.15519552 1.16015946 0.17198365 0.17088864 1.24205670 1.64261941 1.61519409 0.17255312 1.17049349 0.17232546 1.63994007 1.22830283 0.21566119 1.17068637 1.25017579 1.23025448 1.15757166 1.23342198 0.84768834 2.05050031 0.34863483 0.93526290 1.25192226 0.27407858 1.19505004 0.17568482 1.24520173 1.17340440 1.15690393 1.16787010 
Eublepharidae     1.14297137 0.96247158 0.00000000 1.14629779 1.13231550 0.67507416 1.13814613 1.17073384 1.00089833 0.66538841 1.20611745 1.14744562 0.96435451 1.24017540 1.17416663 0.99943885 0.66554016 0.67718312 0.96442973 1.14798962 1.14068927 1.14880582 1.14461568 0.96431286 0.96694478 1.21585577 1.63538686 1.59723856 0.96535109 1.14308514 0.97150135 1.63021352 1.20676598 0.96414167 1.14959867 1.22164077 1.21089842 1.13910004 1.21982722 0.99849454 2.05068505 0.96129394 0.66077188 1.22902951 0.96223254 1.17642150 0.96295884 1.22285270 1.15579755 1.13159349 1.14888000 
Hippopotamidae    0.35248927 1.16520274 1.14629779 0.00000000 0.30675996 1.13162841 0.30728516 0.63528396 1.18444400 1.12442578 1.23838062 0.24431445 1.16385499 1.26181339 0.64418878 1.19051451 1.11447277 1.12880429 1.16018038 0.36199343 0.35238559 0.20669780 0.31248773 1.16106720 1.16013557 1.23445867 1.63449672 1.62135219 1.16491390 0.35754644 1.16140979 1.62388614 1.23751649 1.16621456 0.35732322 1.26135561 1.23891061 0.31341500 1.22886772 1.18406483 2.04579736 1.16155538 1.11194827 1.25667652 1.16885038 0.63928035 1.16140264 1.23795743 0.38218914 0.30485400 0.35769366 
Rhinolophidae     0.34993028 1.15040714 1.13231550 0.30675996 0.00000000 1.12444579 0.22642936 0.63321770 1.17573309 1.11806166 1.23161605 0.30781605 1.15141733 1.25158058 0.64022666 1.18175354 1.11243133 1.11387010 1.15184762 0.35266733 0.34824402 0.30720684 0.30531953 1.15135071 1.15023344 1.22419522 1.62758754 1.61837685 1.15102411 0.34992941 1.15031045 1.61774556 1.22417014 1.15645923 0.35091365 1.25234595 1.23660623 0.23581781 1.22186408 1.17796325 2.03750765 1.15555287 1.10432957 1.25059176 1.15601057 0.63390628 1.15199084 1.23699586 0.37505795 0.29604128 0.35294103 
Xenosauridae      1.13390168 0.95315617 0.67507416 1.13162841 1.12444579 0.00000000 1.12942241 1.14955687 0.98957824 0.54920952 1.19000200 1.12997528 0.95036360 1.21794268 1.15756697 0.99128118 0.55095755 0.60072219 0.94791084 1.13151915 1.12719591 1.12943872 1.13436118 0.95673280 0.94628381 1.19526514 1.62391738 1.59062047 0.94952748 1.12998242 0.95509307 1.61799529 1.18912263 0.94959835 1.13159793 1.20622775 1.19867862 1.12683572 1.20527745 0.97803147 2.01884794 0.95517501 0.54322912 1.21568666 0.95276207 1.15399257 0.94769139 1.21228068 1.14113449 1.12501153 1.12704138 
Vespertilionidae  0.35051341 1.15481969 1.13814613 0.30728516 0.22642936 1.12942241 0.00000000 0.63083731 1.17954631 1.12204702 1.23531648 0.30996236 1.15563166 1.25740105 0.63651995 1.18760764 1.11665282 1.12516575 1.15439242 0.35637694 0.34958638 0.30806990 0.30831687 1.15271305 1.15223856 1.22350390 1.63883193 1.62037958 1.15327582 0.35419128 1.15094716 1.62876420 1.22764068 1.15940238 0.35384782 1.25693475 1.23357563 0.21276377 1.22717494 1.18288491 2.06340654 1.15611276 1.11233659 1.25266307 1.15930093 0.63102133 1.15445138 1.23360720 0.37784318 0.29914669 0.35483977 
Phalangeridae     0.64021623 1.19169662 1.17073384 0.63528396 0.63321770 1.14955687 0.63083731 0.00000000 1.19957760 1.15245178 1.27739221 0.63843723 1.19184362 1.30325907 0.33134957 1.21346525 1.14967338 1.15677052 1.19584797 0.63831635 0.63621620 0.63401784 0.63916813 1.19297724 1.19163683 1.26115543 1.65981889 1.66561788 1.19359196 0.64250851 1.19056148 1.65814659 1.28010159 1.19488679 0.64235445 1.30220341 1.27995108 0.63483891 1.26812344 1.20806491 2.06890321 1.18400721 1.13702017 1.29784573 1.19524000 0.28313463 1.19538709 1.28447960 0.64136409 0.63495149 0.63927439 
Crocodylidae      1.19001470 0.80383345 1.00089833 1.18444400 1.17573309 0.98957824 1.17954631 1.19957760 0.00000000 0.97692207 1.27231837 1.18350075 0.80052258 1.28919792 1.20715395 0.85877892 0.97639131 0.98978122 0.79887983 1.18597693 1.17857261 1.17504376 1.18790672 0.80084684 0.80000440 1.26232183 1.68826099 1.66199703 0.79888033 1.19432052 0.79990369 1.68268442 1.27327419 0.79475461 1.19029996 1.28896022 1.27500759 1.17688758 1.27102995 0.86149178 2.08098704 0.79938662 0.97881756 1.29044727 0.80281458 1.20303747 0.80032961 1.28765618 1.18586851 1.17694854 1.18893585 
Anomalepididae    1.12728919 0.94473235 0.66538841 1.12442578 1.11806166 0.54920952 1.12204702 1.15245178 0.97692207 0.00000000 1.17171067 1.12353670 0.94412995 1.20659905 1.15950984 0.97839018 0.50313650 0.58654142 0.94547309 1.13011987 1.12077745 1.12250949 1.12358993 0.94336950 0.94697017 1.18905554 1.60672932 1.56682179 0.94677238 1.12466644 0.95115475 1.59490650 1.16317653 0.94583437 1.12698885 1.18480459 1.17613532 1.11989229 1.18419395 0.96707099 2.00589804 0.94449748 0.49376038 1.19099603 0.94928556 1.15475395 0.94487475 1.18590354 1.13268635 1.11597508 1.12935066 
Asterophryidae    1.23819814 1.22854967 1.20611745 1.23838062 1.23161605 1.19000200 1.23531648 1.27739221 1.27231837 1.17171067 0.00000000 1.24126540 1.22186587 0.50149456 1.27638674 1.26802241 1.18037393 1.17940157 1.22605602 1.23497489 1.23169424 1.22939941 1.22763495 1.22291683 1.22290323 0.91477287 1.57305609 1.52106955 1.21908699 1.24151631 1.22772465 1.57160709 0.31981799 1.22089678 1.23761906 0.45654826 0.32854814 1.23865989 0.80787404 1.26048519 1.97420518 1.22177734 1.17250847 0.46272294 1.22247746 1.28229911 1.22304374 0.71022448 1.24949773 1.22228551 1.23328123 
Suidae            0.35599581 1.15864011 1.14744562 0.24431445 0.30781605 1.12997528 0.30996236 0.63843723 1.18350075 1.12353670 1.24126540 0.00000000 1.15679563 1.26045870 0.64236068 1.19199632 1.11811948 1.12412027 1.15906853 0.36345203 0.35562507 0.24852277 0.31497036 1.15834784 1.15883576 1.23266008 1.63852762 1.63196848 1.16201842 0.35860882 1.15571748 1.63183298 1.23765754 1.16058273 0.36001082 1.26103470 1.23864916 0.31547012 1.23010497 1.18742564 2.04425891 1.15648379 1.11123397 1.25627181 1.16337809 0.64189211 1.16189714 1.24219647 0.38744846 0.30802586 0.36036845 
Ploceidae         1.16718754 0.17145976 0.96435451 1.16385499 1.15141733 0.95036360 1.15563166 1.19184362 0.80052258 0.94412995 1.22186587 1.15679563 0.00000000 1.25187375 1.19111894 0.84312741 0.93392919 0.94872076 0.08927016 1.16677374 1.16833761 1.15605483 1.15923228 0.17365884 0.14596855 1.23590648 1.64539438 1.61701910 0.14326000 1.16358043 0.17387443 1.64473550 1.22426893 0.21386041 1.16594008 1.23750911 1.22810104 1.15786651 1.23638482 0.84177699 2.05180109 0.34566601 0.93314316 1.24721249 0.27211416 1.19414271 0.14592230 1.24454360 1.17361231 1.15527975 1.16149359 
Heleophrynidae    1.26144289 1.25280770 1.24017540 1.26181339 1.25158058 1.21794268 1.25740105 1.30325907 1.28919792 1.20659905 0.50149456 1.26045870 1.25187375 0.00000000 1.30148186 1.29508972 1.21299218 1.21098317 1.25734349 1.26188357 1.26237440 1.25357839 1.25656075 1.25593225 1.25388616 0.93766336 1.59070473 1.54840614 1.25355361 1.25952188 1.25819223 1.59148925 0.50145121 1.25024962 1.26298190 0.51932482 0.50303111 1.26123232 0.83508568 1.28596611 1.99609598 1.25114349 1.20060827 0.52174578 1.25604198 1.30174184 1.25492530 0.74745486 1.27627708 1.24785876 1.25826034 
Caluromyidae      0.64501086 1.19600943 1.17416663 0.64418878 0.64022666 1.15756697 0.63651995 0.33134957 1.20715395 1.15950984 1.27638674 0.64236068 1.19111894 1.30148186 0.00000000 1.21429914 1.15460602 1.16290970 1.19537595 0.64366083 0.64300890 0.64140397 0.64279678 1.19368824 1.19815634 1.26659727 1.67201677 1.66413624 1.19437781 0.64953043 1.19147447 1.67092227 1.27653473 1.19974461 0.64891431 1.29177966 1.28095726 0.63919854 1.26639069 1.21694498 2.07135280 1.19089201 1.14333841 1.29383023 1.19956689 0.33674076 1.19565138 1.28208195 0.64658541 0.63825588 0.64208661 
Kinosternidae     1.19576485 0.84596246 0.99943885 1.19051451 1.18175354 0.99128118 1.18760764 1.21346525 0.85877892 0.97839018 1.26802241 1.19199632 0.84312741 1.29508972 1.21429914 0.00000000 0.97798535 0.98741225 0.84458288 1.19567363 1.19182541 1.18623535 1.18556066 0.84511016 0.84225463 1.27041924 1.68608974 1.64760990 0.84343572 1.20173489 0.84823661 1.68248572 1.26462157 0.84307861 1.19194749 1.28734968 1.27067607 1.18732581 1.26288509 0.67556050 2.09252100 0.84493012 0.96752840 1.29052380 0.84597881 1.21554602 0.84487409 1.28128603 1.20680874 1.18178506 1.19094053 
Natricidae        1.12574174 0.93529282 0.66554016 1.11447277 1.11243133 0.55095755 1.11665282 1.14967338 0.97639131 0.50313650 1.18037393 1.11811948 0.93392919 1.21299218 1.15460602 0.97798535 0.00000000 0.59070747 0.93566411 1.12439933 1.11594485 1.11746678 1.12205011 0.93748956 0.93444077 1.19744787 1.60583335 1.56856586 0.93872732 1.11584835 0.94113623 1.60392085 1.18027230 0.93859631 1.12260714 1.20039939 1.18143022 1.11445532 1.19542209 0.96853182 1.99925973 0.93955213 0.33066575 1.20414706 0.93660026 1.15730742 0.93404109 1.19698776 1.12090654 1.11195470 1.12039022 
Teiidae           1.12866579 0.95024205 0.67718312 1.12880429 1.11387010 0.60072219 1.12516575 1.15677052 0.98978122 0.58654142 1.17940157 1.12412027 0.94872076 1.21098317 1.16290970 0.98741225 0.59070747 0.00000000 0.94730471 1.13249536 1.12354859 1.12491033 1.12609550 0.95224669 0.95189143 1.19279084 1.60781700 1.58046597 0.94871179 1.12923392 0.95134239 1.60879756 1.17830519 0.94933158 1.13110555 1.19779230 1.18415418 1.12033135 1.19588055 0.97355085 2.01086865 0.94847568 0.58332587 1.19577482 0.95434593 1.15954793 0.94697185 1.19575535 1.13843142 1.11528921 1.12965075 
Thraupidae        1.16797276 0.17045233 0.96442973 1.16018038 1.15184762 0.94791084 1.15439242 1.19584797 0.79887983 0.94547309 1.22605602 1.15906853 0.08927016 1.25734349 1.19537595 0.84458288 0.93566411 0.94730471 0.00000000 1.16661313 1.16775159 1.15224541 1.15811431 0.17164250 0.14387863 1.23833513 1.64376545 1.61370997 0.14133210 1.16428936 0.17099040 1.63691168 1.22523472 0.21137262 1.16789973 1.24126329 1.22793379 1.15729330 1.23632480 0.84142644 2.04490911 0.34542545 0.93178405 1.25011475 0.27093598 1.19692482 0.14389251 1.24772736 1.17399698 1.15412898 1.16043446 
Capromyidae       0.30872383 1.16942769 1.14798962 0.36199343 0.35266733 1.13151915 0.35637694 0.63831635 1.18597693 1.13011987 1.23497489 0.36345203 1.16677374 1.26188357 0.64366083 1.19567363 1.12439933 1.13249536 1.16661313 0.00000000 0.30848858 0.36135079 0.36492449 1.17204946 1.16590390 1.22807146 1.64124793 1.62783225 1.17022606 0.34029806 1.16999325 1.63632838 1.23698650 1.16670819 0.34383565 1.25454146 1.24032272 0.36147718 1.23495703 1.19248865 2.05489324 1.16987638 1.11810075 1.25224067 1.17447326 0.64272799 1.16970126 1.23561356 0.39009891 0.35591730 0.15032264 
Castoridae        0.28886002 1.16727158 1.14068927 0.35238559 0.34824402 1.12719591 0.34958638 0.63621620 1.17857261 1.12077745 1.23169424 0.35562507 1.16833761 1.26237440 0.64300890 1.19182541 1.11594485 1.12354859 1.16775159 0.30848858 0.00000000 0.35507124 0.35423815 1.16516810 1.16787222 1.22504680 1.63776465 1.63365199 1.16874339 0.33369106 1.16376662 1.63109408 1.23196285 1.16828198 0.33467055 1.25193132 1.23076254 0.35497834 1.22162444 1.18141432 2.04534799 1.16310405 1.10717246 1.25166966 1.16296518 0.63911031 1.16435154 1.23421607 0.38296636 0.34532031 0.30551447 
Hyperoodontidae   0.35646572 1.15519552 1.14880582 0.20669780 0.30720684 1.12943872 0.30806990 0.63401784 1.17504376 1.12250949 1.22939941 0.24852277 1.15605483 1.25357839 0.64140397 1.18623535 1.11746678 1.12491033 1.15224541 0.36135079 0.35507124 0.00000000 0.31582396 1.15337843 1.15115142 1.22406883 1.62866612 1.63149399 1.15505023 0.36100258 1.15009562 1.62595950 1.22893192 1.15468809 0.35972790 1.25623602 1.23425356 0.31492730 1.22763812 1.18258840 2.04760808 1.15096148 1.10991751 1.25352326 1.16116007 0.63836645 1.15392368 1.23336034 0.38319674 0.30988481 0.35887260 
Viverridae        0.35531245 1.16015946 1.14461568 0.31248773 0.30531953 1.13436118 0.30831687 0.63916813 1.18790672 1.12358993 1.22763495 0.31497036 1.15923228 1.25656075 0.64279678 1.18556066 1.12205011 1.12609550 1.15811431 0.36492449 0.35423815 0.31582396 0.00000000 1.15938940 1.16229610 1.23050695 1.63034090 1.62577571 1.16106165 0.35638245 1.15875171 1.62452008 1.22952767 1.16497113 0.35811399 1.25356637 1.23779571 0.31443037 1.22983702 1.18653318 2.05022857 1.16082487 1.11182950 1.25379937 1.16610504 0.64107294 1.16071942 1.23797629 0.38539595 0.19816593 0.35943393 
Malaconotidae     1.17000058 0.17198365 0.96431286 1.16106720 1.15135071 0.95673280 1.15271305 1.19297724 0.80084684 0.94336950 1.22291683 1.15834784 0.17365884 1.25593225 1.19368824 0.84511016 0.93748956 0.95224669 0.17164250 1.17204946 1.16516810 1.15337843 1.15938940 0.00000000 0.17098709 1.24055528 1.65084198 1.61835706 0.17514978 1.16769163 0.12376869 1.64691126 1.22104476 0.21739279 1.16651417 1.24326913 1.22723005 1.15420145 1.24036148 0.84534283 2.04589089 0.35033920 0.93399012 1.25048662 0.27468549 1.19193556 0.17623817 1.24527180 1.17055629 1.15120792 1.16449711 
Alaudidae         1.16447862 0.17088864 0.96694478 1.16013557 1.15023344 0.94628381 1.15223856 1.19163683 0.80000440 0.94697017 1.22290323 1.15883576 0.14596855 1.25388616 1.19815634 0.84225463 0.93444077 0.95189143 0.14387863 1.16590390 1.16787222 1.15115142 1.16229610 0.17098709 0.00000000 1.23665268 1.64236456 1.61317736 0.14755360 1.16679809 0.16999177 1.63559050 1.22483219 0.21211631 1.16783654 1.23918725 1.22762506 1.15344934 1.23375497 0.84066603 2.05622490 0.34542879 0.93450053 1.24866354 0.26986337 1.19152089 0.14927350 1.24208390 1.16918716 1.15665491 1.16267603 
Caeciliidae2      1.23354217 1.24205670 1.21585577 1.23445867 1.22419522 1.19526514 1.22350390 1.26115543 1.26232183 1.18905554 0.91477287 1.23266008 1.23590648 0.93766336 1.26659727 1.27041924 1.19744787 1.19279084 1.23833513 1.22807146 1.22504680 1.22406883 1.23050695 1.24055528 1.23665268 0.00000000 1.58547956 1.54127967 1.24353845 1.22743898 1.24199690 1.58736080 0.90995223 1.23640664 1.23683834 0.92730964 0.91548715 1.22775176 0.91846567 1.25462001 1.97862976 1.23625587 1.18638661 0.92911933 1.23784107 1.26114495 1.23508904 0.92976095 1.23977784 1.21884732 1.23099478 
Channichthyidae   1.63767917 1.64261941 1.63538686 1.63449672 1.62758754 1.62391738 1.63883193 1.65981889 1.68826099 1.60672932 1.57305609 1.63852762 1.64539438 1.59070473 1.67201677 1.68608974 1.60583335 1.60781700 1.64376545 1.64124793 1.63776465 1.62866612 1.63034090 1.65084198 1.64236456 1.58547956 0.00000000 1.37203251 1.64541718 1.63695230 1.64764199 0.19873150 1.56983026 1.65347454 1.63812586 1.58248916 1.57775529 1.63444388 1.57514911 1.67349736 2.00373603 1.64776312 1.59925548 1.58660752 1.65546454 1.67183426 1.64501213 1.57054932 1.65265057 1.63226194 1.64745999 
Polypteriformes   1.62776221 1.61519409 1.59723856 1.62135219 1.61837685 1.59062047 1.62037958 1.66561788 1.66199703 1.56682179 1.52106955 1.63196848 1.61701910 1.54840614 1.66413624 1.64760990 1.56856586 1.58046597 1.61370997 1.62783225 1.63365199 1.63149399 1.62577571 1.61835706 1.61317736 1.54127967 1.37203251 0.00000000 1.61992027 1.62923435 1.61600198 1.36842799 1.50642333 1.61985055 1.63400624 1.52390503 1.51515321 1.62654922 1.53319094 1.65052550 1.96633613 1.61208025 1.56029863 1.52755108 1.61497531 1.66414722 1.61087227 1.53804876 1.64021217 1.62084977 1.63271730 
Cinclidae         1.16928062 0.17255312 0.96535109 1.16491390 1.15102411 0.94952748 1.15327582 1.19359196 0.79888033 0.94677238 1.21908699 1.16201842 0.14326000 1.25355361 1.19437781 0.84343572 0.93872732 0.94871179 0.14133210 1.17022606 1.16874339 1.15505023 1.16106165 0.17514978 0.14755360 1.24353845 1.64541718 1.61992027 0.00000000 1.16859264 0.17564900 1.63944997 1.22280741 0.21618694 1.16787464 1.24515026 1.22462843 1.15605825 1.23216238 0.84421188 2.04636558 0.34796231 0.93668720 1.24942821 0.27284239 1.19388529 0.14346146 1.24308002 1.17482640 1.15543974 1.16352704 
Scandentia        0.33256161 1.17049349 1.14308514 0.35754644 0.34992941 1.12998242 0.35419128 0.64250851 1.19432052 1.12466644 1.24151631 0.35860882 1.16358043 1.25952188 0.64953043 1.20173489 1.11584835 1.12923392 1.16428936 0.34029806 0.33369106 0.36100258 0.35638245 1.16769163 1.16679809 1.22743898 1.63695230 1.62923435 1.16859264 0.00000000 1.17012538 1.62417185 1.24409045 1.16706271 0.32848089 1.26254860 1.24326675 0.35930902 1.23556194 1.19224122 2.05420057 1.16827644 1.11041238 1.25871495 1.17064564 0.64778879 1.16432872 1.24156108 0.38686418 0.34640432 0.33609573 
Monarchidae       1.16659491 0.17232546 0.97150135 1.16140979 1.15031045 0.95509307 1.15094716 1.19056148 0.79990369 0.95115475 1.22772465 1.15571748 0.17387443 1.25819223 1.19147447 0.84823661 0.94113623 0.95134239 0.17099040 1.16999325 1.16376662 1.15009562 1.15875171 0.12376869 0.16999177 1.24199690 1.64764199 1.61600198 0.17564900 1.17012538 0.00000000 1.64637750 1.22825728 0.21640013 1.16593909 1.24607472 1.23228363 1.15296734 1.23664003 0.84903104 2.05501947 0.35071366 0.93902263 1.24989171 0.27305721 1.19273644 0.17632938 1.24853757 1.17411229 1.15156320 1.16599424 
Pseudaphritidae   1.62997634 1.63994007 1.63021352 1.62388614 1.61774556 1.61799529 1.62876420 1.65814659 1.68268442 1.59490650 1.57160709 1.63183298 1.64473550 1.59148925 1.67092227 1.68248572 1.60392085 1.60879756 1.63691168 1.63632838 1.63109408 1.62595950 1.62452008 1.64691126 1.63559050 1.58736080 0.19873150 1.36842799 1.63944997 1.62417185 1.64637750 0.00000000 1.56356281 1.64488022 1.63136092 1.57647051 1.57193487 1.62710010 1.57175937 1.67028593 1.99771332 1.64298377 1.59482592 1.58148496 1.65296669 1.66376278 1.64161010 1.57165553 1.63998709 1.62467543 1.63547765 
Hemisotidae       1.24099809 1.22830283 1.20676598 1.23751649 1.22417014 1.18912263 1.22764068 1.28010159 1.27327419 1.16317653 0.31981799 1.23765754 1.22426893 0.50145121 1.27653473 1.26462157 1.18027230 1.17830519 1.22523472 1.23698650 1.23196285 1.22893192 1.22952767 1.22104476 1.22483219 0.90995223 1.56983026 1.50642333 1.22280741 1.24409045 1.22825728 1.56356281 0.00000000 1.21888480 1.23529316 0.45659523 0.32576320 1.23410439 0.80161535 1.25882257 1.95982246 1.22157139 1.17144906 0.46400391 1.22350262 1.28512045 1.22474687 0.71189831 1.24746408 1.21936527 1.23425327 
Ptilonorhynchidae 1.16897826 0.21566119 0.96414167 1.16621456 1.15645923 0.94959835 1.15940238 1.19488679 0.79475461 0.94583437 1.22089678 1.16058273 0.21386041 1.25024962 1.19974461 0.84307861 0.93859631 0.94933158 0.21137262 1.16670819 1.16828198 1.15468809 1.16497113 0.21739279 0.21211631 1.23640664 1.65347454 1.61985055 0.21618694 1.16706271 0.21640013 1.64488022 1.21888480 0.00000000 1.17046796 1.24141724 1.22619841 1.15988060 1.23647889 0.84451485 2.05457233 0.34665791 0.93367359 1.24431185 0.27178541 1.20137269 0.21662836 1.23716081 1.17227531 1.15478671 1.16209922 
Pitheciidae       0.33645657 1.17068637 1.14959867 0.35732322 0.35091365 1.13159793 0.35384782 0.64235445 1.19029996 1.12698885 1.23761906 0.36001082 1.16594008 1.26298190 0.64891431 1.19194749 1.12260714 1.13110555 1.16789973 0.34383565 0.33467055 0.35972790 0.35811399 1.16651417 1.16783654 1.23683834 1.63812586 1.63400624 1.16787464 0.32848089 1.16593909 1.63136092 1.23529316 1.17046796 0.00000000 1.25817129 1.24534227 0.35947068 1.23776127 1.19172016 2.05839997 1.16853415 1.10986739 1.26133002 1.17257692 0.64795912 1.16999191 1.23953327 0.38800454 0.35159053 0.34085399 
Leptodactylidae   1.26060857 1.25017579 1.22164077 1.26135561 1.25234595 1.20622775 1.25693475 1.30220341 1.28896022 1.18480459 0.45654826 1.26103470 1.23750911 0.51932482 1.29177966 1.28734968 1.20039939 1.19779230 1.24126329 1.25454146 1.25193132 1.25623602 1.25356637 1.24326913 1.23918725 0.92730964 1.58248916 1.52390503 1.24515026 1.26254860 1.24607472 1.57647051 0.45659523 1.24141724 1.25817129 0.00000000 0.45995889 1.25839920 0.82003592 1.27770696 1.97410164 1.23674763 1.18757651 0.19223572 1.24443512 1.30595524 1.24027198 0.73245447 1.27309383 1.24540093 1.25128979 
Micrixalidae      1.23919383 1.23025448 1.21089842 1.23891061 1.23660623 1.19867862 1.23357563 1.27995108 1.27500759 1.17613532 0.32854814 1.23864916 1.22810104 0.50303111 1.28095726 1.27067607 1.18143022 1.18415418 1.22793379 1.24032272 1.23076254 1.23425356 1.23779571 1.22723005 1.22762506 0.91548715 1.57775529 1.51515321 1.22462843 1.24326675 1.23228363 1.57193487 0.32576320 1.22619841 1.24534227 0.45995889 0.00000000 1.23724122 0.80853571 1.26778784 1.98199770 1.22458058 1.17414218 0.46785708 1.22879149 1.28783839 1.22802990 0.71697088 1.25389134 1.22568354 1.23638627 
Furipteridae      0.35564588 1.15757166 1.13910004 0.31341500 0.23581781 1.12683572 0.21276377 0.63483891 1.17688758 1.11989229 1.23865989 0.31547012 1.15786651 1.26123232 0.63919854 1.18732581 1.11445532 1.12033135 1.15729330 0.36147718 0.35497834 0.31492730 0.31443037 1.15420145 1.15344934 1.22775176 1.63444388 1.62654922 1.15605825 0.35930902 1.15296734 1.62710010 1.23410439 1.15988060 0.35947068 1.25839920 1.23724122 0.00000000 1.22343293 1.18240808 2.04677213 1.15707583 1.10861456 1.25873397 1.16227010 0.63349394 1.15698549 1.23351898 0.38397978 0.30819666 0.35882614 
Dicamptodontidae  1.23154106 1.23342198 1.21982722 1.22886772 1.22186408 1.20527745 1.22717494 1.26812344 1.27102995 1.18419395 0.80787404 1.23010497 1.23638482 0.83508568 1.26639069 1.26288509 1.19542209 1.19588055 1.23632480 1.23495703 1.22162444 1.22763812 1.22983702 1.24036148 1.23375497 0.91846567 1.57514911 1.53319094 1.23216238 1.23556194 1.23664003 1.57175937 0.80161535 1.23647889 1.23776127 0.82003592 0.80853571 1.22343293 0.00000000 1.25807082 2.00190563 1.23065905 1.18512559 0.82383627 1.23192779 1.27204556 1.23491650 0.83505067 1.24338413 1.21861112 1.22572857 
Carettochelyidae  1.18733451 0.84768834 0.99849454 1.18406483 1.17796325 0.97803147 1.18288491 1.20806491 0.86149178 0.96707099 1.26048519 1.18742564 0.84177699 1.28596611 1.21694498 0.67556050 0.96853182 0.97355085 0.84142644 1.19248865 1.18141432 1.18258840 1.18653318 0.84534283 0.84066603 1.25462001 1.67349736 1.65052550 0.84421188 1.19224122 0.84903104 1.67028593 1.25882257 0.84451485 1.19172016 1.27770696 1.26778784 1.18240808 1.25807082 0.00000000 2.08346624 0.84606259 0.96716186 1.28518750 0.84844195 1.21014339 0.84488094 1.27587853 1.20017656 1.17690639 1.18787217 
Carcharhinidae    2.05012333 2.05050031 2.05068505 2.04579736 2.03750765 2.01884794 2.06340654 2.06890321 2.08098704 2.00589804 1.97420518 2.04425891 2.05180109 1.99609598 2.07135280 2.09252100 1.99925973 2.01086865 2.04490911 2.05489324 2.04534799 2.04760808 2.05022857 2.04589089 2.05622490 1.97862976 2.00373603 1.96633613 2.04636558 2.05420057 2.05501947 1.99771332 1.95982246 2.05457233 2.05839997 1.97410164 1.98199770 2.04677213 2.00190563 2.08346624 0.00000000 2.05577276 1.99914315 1.98143189 2.04465508 2.07385818 2.05575468 1.97524422 2.03352273 2.05513017 2.05003058 
Coraciiformes     1.16485993 0.34863483 0.96129394 1.16155538 1.15555287 0.95517501 1.15611276 1.18400721 0.79938662 0.94449748 1.22177734 1.15648379 0.34566601 1.25114349 1.19089201 0.84493012 0.93955213 0.94847568 0.34542545 1.16987638 1.16310405 1.15096148 1.16082487 0.35033920 0.34542879 1.23625587 1.64776312 1.61208025 0.34796231 1.16827644 0.35071366 1.64298377 1.22157139 0.34665791 1.16853415 1.23674763 1.22458058 1.15707583 1.23065905 0.84606259 2.05577276 0.00000000 0.92916437 1.24646845 0.34748274 1.19302468 0.34863152 1.23753940 1.17772513 1.15118636 1.16200286 
Loxocemidae       1.11736760 0.93526290 0.66077188 1.11194827 1.10432957 0.54322912 1.11233659 1.13702017 0.97881756 0.49376038 1.17250847 1.11123397 0.93314316 1.20060827 1.14333841 0.96752840 0.33066575 0.58332587 0.93178405 1.11810075 1.10717246 1.10991751 1.11182950 0.93399012 0.93450053 1.18638661 1.59925548 1.56029863 0.93668720 1.11041238 0.93902263 1.59482592 1.17144906 0.93367359 1.10986739 1.18757651 1.17414218 1.10861456 1.18512559 0.96716186 1.99914315 0.92916437 0.00000000 1.19033631 0.93667972 1.13988669 0.93434400 1.19601457 1.11964388 1.10611228 1.11411948 
Strabomantidae    1.26081809 1.25192226 1.22902951 1.25667652 1.25059176 1.21568666 1.25266307 1.29784573 1.29044727 1.19099603 0.46272294 1.25627181 1.24721249 0.52174578 1.29383023 1.29052380 1.20414706 1.19577482 1.25011475 1.25224067 1.25166966 1.25352326 1.25379937 1.25048662 1.24866354 0.92911933 1.58660752 1.52755108 1.24942821 1.25871495 1.24989171 1.58148496 0.46400391 1.24431185 1.26133002 0.19223572 0.46785708 1.25873397 0.82383627 1.28518750 1.98143189 1.24646845 1.19033631 0.00000000 1.24891444 1.30715454 1.24567213 0.73317652 1.27284076 1.24352203 1.24878086 
Tityridae         1.17427400 0.27407858 0.96223254 1.16885038 1.15601057 0.95276207 1.15930093 1.19524000 0.80281458 0.94928556 1.22247746 1.16337809 0.27211416 1.25604198 1.19956689 0.84597881 0.93660026 0.95434593 0.27093598 1.17447326 1.16296518 1.16116007 1.16610504 0.27468549 0.26986337 1.23784107 1.65546454 1.61497531 0.27284239 1.17064564 0.27305721 1.65296669 1.22350262 0.27178541 1.17257692 1.24443512 1.22879149 1.16227010 1.23192779 0.84844195 2.04465508 0.34748274 0.93667972 1.24891444 0.00000000 1.19963913 0.27341258 1.24652045 1.17769592 1.15878848 1.16938837 
Thylacomyidae     0.64590039 1.19505004 1.17642150 0.63928035 0.63390628 1.15399257 0.63102133 0.28313463 1.20303747 1.15475395 1.28229911 0.64189211 1.19414271 1.30174184 0.33674076 1.21554602 1.15730742 1.15954793 1.19692482 0.64272799 0.63911031 0.63836645 0.64107294 1.19193556 1.19152089 1.26114495 1.67183426 1.66414722 1.19388529 0.64778879 1.19273644 1.66376278 1.28512045 1.20137269 0.64795912 1.30595524 1.28783839 0.63349394 1.27204556 1.21014339 2.07385818 1.19302468 1.13988669 1.30715454 1.19963913 0.00000000 1.19197958 1.28786673 0.64646614 0.63681500 0.64085595 
Certhiidae        1.16567095 0.17568482 0.96295884 1.16140264 1.15199084 0.94769139 1.15445138 1.19538709 0.80032961 0.94487475 1.22304374 1.16189714 0.14592230 1.25492530 1.19565138 0.84487409 0.93404109 0.94697185 0.14389251 1.16970126 1.16435154 1.15392368 1.16071942 0.17623817 0.14927350 1.23508904 1.64501213 1.61087227 0.14346146 1.16432872 0.17632938 1.64161010 1.22474687 0.21662836 1.16999191 1.24027198 1.22802990 1.15698549 1.23491650 0.84488094 2.05575468 0.34863152 0.93434400 1.24567213 0.27341258 1.19197958 0.00000000 1.24036336 1.17195241 1.15954955 1.16372642 
Alytidae          1.23637683 1.24520173 1.22285270 1.23795743 1.23699586 1.21228068 1.23360720 1.28447960 1.28765618 1.18590354 0.71022448 1.24219647 1.24454360 0.74745486 1.28208195 1.28128603 1.19698776 1.19575535 1.24772736 1.23561356 1.23421607 1.23336034 1.23797629 1.24527180 1.24208390 0.92976095 1.57054932 1.53804876 1.24308002 1.24156108 1.24853757 1.57165553 0.71189831 1.23716081 1.23953327 0.73245447 0.71697088 1.23351898 0.83505067 1.27587853 1.97524422 1.23753940 1.19601457 0.73317652 1.24652045 1.28786673 1.24036336 0.00000000 1.24895685 1.22574655 1.23922341 
Myrmecophagidae   0.38594267 1.17340440 1.15579755 0.38218914 0.37505795 1.14113449 0.37784318 0.64136409 1.18586851 1.13268635 1.24949773 0.38744846 1.17361231 1.27627708 0.64658541 1.20680874 1.12090654 1.13843142 1.17399698 0.39009891 0.38296636 0.38319674 0.38539595 1.17055629 1.16918716 1.23977784 1.65265057 1.64021217 1.17482640 0.38686418 1.17411229 1.63998709 1.24746408 1.17227531 0.38800454 1.27309383 1.25389134 0.38397978 1.24338413 1.20017656 2.03352273 1.17772513 1.11964388 1.27284076 1.17769592 0.64646614 1.17195241 1.24895685 0.00000000 0.37857165 0.38868736 
Procyonidae       0.34809681 1.15690393 1.13159349 0.30485400 0.29604128 1.12501153 0.29914669 0.63495149 1.17694854 1.11597508 1.22228551 0.30802586 1.15527975 1.24785876 0.63825588 1.18178506 1.11195470 1.11528921 1.15412898 0.35591730 0.34532031 0.30988481 0.19816593 1.15120792 1.15665491 1.21884732 1.63226194 1.62084977 1.15543974 0.34640432 1.15156320 1.62467543 1.21936527 1.15478671 0.35159053 1.24540093 1.22568354 0.30819666 1.21861112 1.17690639 2.05513017 1.15118636 1.10611228 1.24352203 1.15878848 0.63681500 1.15954955 1.22574655 0.37857165 0.00000000 0.35020901 
Erethizontidae    0.30699994 1.16787010 1.14888000 0.35769366 0.35294103 1.12704138 0.35483977 0.63927439 1.18893585 1.12935066 1.23328123 0.36036845 1.16149359 1.25826034 0.64208661 1.19094053 1.12039022 1.12965075 1.16043446 0.15032264 0.30551447 0.35887260 0.35943393 1.16449711 1.16267603 1.23099478 1.64745999 1.63271730 1.16352704 0.33609573 1.16599424 1.63547765 1.23425327 1.16209922 0.34085399 1.25128979 1.23638627 0.35882614 1.22572857 1.18787217 2.05003058 1.16200286 1.11411948 1.24878086 1.16938837 0.64085595 1.16372642 1.23922341 0.38868736 0.35020901 0.00000000 
